location,year,hybrid,Yield bu/acre,sowingdateDOY,HarvestdateDOY,crm,yield,mean_maxt,mean_mint,cum_radn,cum_rain,avg_t,above_32,above_35,april,may,june,july,august,sept,Precipitation,week,region
Keiser,2010,M-Pride MP3150,252.5,108,244,,15.849425,31,21,3161,480,26,71,31,68.6,238.5,24.1,89.9,1.3,0,421.64,april 13- april 19,NorthEast
Keiser,2010,DEKALB DKC64-69 (GENVT3P),234.5,108,244,114,14.719565,31,21,3161,480,26,71,31,68.6,238.5,24.1,89.9,1.3,0,421.64,april 13- april 19,NorthEast
Keiser,2010,Delta Grow 3788,233,108,244,115,14.62541,31,21,3161,480,26,71,31,68.6,238.5,24.1,89.9,1.3,0,421.64,april 13- april 19,NorthEast
Keiser,2010,REV26HR50,229.6,108,244,116,14.411992,31,21,3161,480,26,71,31,68.6,238.5,24.1,89.9,1.3,0,421.64,april 13- april 19,NorthEast
Keiser,2010,Croplan Genetics 6286VT3Pro,228.9,108,244,,14.368053,31,21,3161,480,26,71,31,68.6,238.5,24.1,89.9,1.3,0,421.64,april 13- april 19,NorthEast
Keiser,2010,REV25HR49,225.1,108,244,115,14.129527,31,21,3161,480,26,71,31,68.6,238.5,24.1,89.9,1.3,0,421.64,april 13- april 19,NorthEast
Keiser,2010,M-Pride MP3139RR,222.6,108,244,,13.972602,31,21,3161,480,26,71,31,68.6,238.5,24.1,89.9,1.3,0,421.64,april 13- april 19,NorthEast
Keiser,2010,Masters Choice MCT-812,221.8,108,244,,13.922386,31,21,3161,480,26,71,31,68.6,238.5,24.1,89.9,1.3,0,421.64,april 13- april 19,NorthEast
Keiser,2010,Armor 1655PRO,218.3,108,244,116,13.702691,31,21,3161,480,26,71,31,68.6,238.5,24.1,89.9,1.3,0,421.64,april 13- april 19,NorthEast
Keiser,2010,DEKALB DKC66-96 (GENVT3P),217.1,108,244,116,13.627367,31,21,3161,480,26,71,31,68.6,238.5,24.1,89.9,1.3,0,421.64,april 13- april 19,NorthEast
Keiser,2010,BH 8928VTTP,217.1,108,244,116,13.627367,31,21,3161,480,26,71,31,68.6,238.5,24.1,89.9,1.3,0,421.64,april 13- april 19,NorthEast
Keiser,2010,Syngenta N72K-GT/CB/LL,215.1,108,244,113,13.501827,31,21,3161,480,26,71,31,68.6,238.5,24.1,89.9,1.3,0,421.64,april 13- april 19,NorthEast
Keiser,2010,Dyna-Gro 57V40,214.3,108,244,,13.451611,31,21,3161,480,26,71,31,68.6,238.5,24.1,89.9,1.3,0,421.64,april 13- april 19,NorthEast
Keiser,2010,M-Pride 0114X,213.9,108,244,,13.426503,31,21,3161,480,26,71,31,68.6,238.5,24.1,89.9,1.3,0,421.64,april 13- april 19,NorthEast
Keiser,2010,Spirit Hybrids SP114-1GT3,213.2,108,244,,13.382564,31,21,3161,480,26,71,31,68.6,238.5,24.1,89.9,1.3,0,421.64,april 13- april 19,NorthEast
Keiser,2010,Croplan Genetics 6425VT3Pro,212.4,108,244,,13.332348,31,21,3161,480,26,71,31,68.6,238.5,24.1,89.9,1.3,0,421.64,april 13- april 19,NorthEast
Keiser,2010,BH X9150G,212.2,108,244,,13.319794,31,21,3161,480,26,71,31,68.6,238.5,24.1,89.9,1.3,0,421.64,april 13- april 19,NorthEast
Keiser,2010,Armor 1539PRO,211.9,108,244,115,13.300963,31,21,3161,480,26,71,31,68.6,238.5,24.1,89.9,1.3,0,421.64,april 13- april 19,NorthEast
Keiser,2010,Dyna-Gro 58V72,209.5,108,244,,13.150315,31,21,3161,480,26,71,31,68.6,238.5,24.1,89.9,1.3,0,421.64,april 13- april 19,NorthEast
Keiser,2010,AgriGold A6479VT3,207.9,108,244,,13.049883,31,21,3161,480,26,71,31,68.6,238.5,24.1,89.9,1.3,0,421.64,april 13- april 19,NorthEast
Keiser,2010,AgriGold A6633VT3,207.9,108,244,113,13.049883,31,21,3161,480,26,71,31,68.6,238.5,24.1,89.9,1.3,0,421.64,april 13- april 19,NorthEast
Keiser,2010,Golden Acres 26V21,207.1,108,244,115,12.999667,31,21,3161,480,26,71,31,68.6,238.5,24.1,89.9,1.3,0,421.64,april 13- april 19,NorthEast
Keiser,2010,M-Pride MP3151,205.4,108,244,,12.892958,31,21,3161,480,26,71,31,68.6,238.5,24.1,89.9,1.3,0,421.64,april 13- april 19,NorthEast
Keiser,2010,DEKALB DKC61-05 (GENVT3P),203.7,108,244,,12.786249,31,21,3161,480,26,71,31,68.6,238.5,24.1,89.9,1.3,0,421.64,april 13- april 19,NorthEast
Keiser,2010,Dyna-Gro D55Q80,203.4,108,244,115,12.767418,31,21,3161,480,26,71,31,68.6,238.5,24.1,89.9,1.3,0,421.64,april 13- april 19,NorthEast
Keiser,2010,Armor BXT069GT,202.3,108,244,,12.698371,31,21,3161,480,26,71,31,68.6,238.5,24.1,89.9,1.3,0,421.64,april 13- april 19,NorthEast
Keiser,2010,Triumph 7514S,200.2,108,244,114,12.566554,31,21,3161,480,26,71,31,68.6,238.5,24.1,89.9,1.3,0,421.64,april 13- april 19,NorthEast
Keiser,2010,M-Pride MP3110GT,197.9,108,244,,12.422183,31,21,3161,480,26,71,31,68.6,238.5,24.1,89.9,1.3,0,421.64,april 13- april 19,NorthEast
Keiser,2010,Armor 1415PRO,196.2,108,244,114,12.315474,31,21,3161,480,26,71,31,68.6,238.5,24.1,89.9,1.3,0,421.64,april 13- april 19,NorthEast
Keiser,2010,Armor BXC028VT3,194.8,108,244,,12.227596,31,21,3161,480,26,71,31,68.6,238.5,24.1,89.9,1.3,0,421.64,april 13- april 19,NorthEast
Keiser,2010,AgriGold A6553VT3,194.3,108,244,113,12.196211,31,21,3161,480,26,71,31,68.6,238.5,24.1,89.9,1.3,0,421.64,april 13- april 19,NorthEast
Keiser,2010,Dyna-Gro V5373VT3,193.5,108,244,113,12.145995,31,21,3161,480,26,71,31,68.6,238.5,24.1,89.9,1.3,0,421.64,april 13- april 19,NorthEast
Keiser,2010,Dyna-Gro 57V21,193.5,108,244,,12.145995,31,21,3161,480,26,71,31,68.6,238.5,24.1,89.9,1.3,0,421.64,april 13- april 19,NorthEast
Keiser,2010,Syngenta N78S-CB/LL,193.2,108,244,,12.127164,31,21,3161,480,26,71,31,68.6,238.5,24.1,89.9,1.3,0,421.64,april 13- april 19,NorthEast
Keiser,2010,DEKALB DKC64-83 (GENVT3P),192.6,108,244,114,12.089502,31,21,3161,480,26,71,31,68.6,238.5,24.1,89.9,1.3,0,421.64,april 13- april 19,NorthEast
Keiser,2010,BH X10064VTTP,192.1,108,244,,12.058117,31,21,3161,480,26,71,31,68.6,238.5,24.1,89.9,1.3,0,421.64,april 13- april 19,NorthEast
Keiser,2010,REV26HR70,191.9,108,244,116,12.045563,31,21,3161,480,26,71,31,68.6,238.5,24.1,89.9,1.3,0,421.64,april 13- april 19,NorthEast
Keiser,2010,M-Pride MP3194VT3,191.6,108,244,,12.026732,31,21,3161,480,26,71,31,68.6,238.5,24.1,89.9,1.3,0,421.64,april 13- april 19,NorthEast
Keiser,2010,Dyna-Gro D56VP24,190.9,108,244,116,11.982793,31,21,3161,480,26,71,31,68.6,238.5,24.1,89.9,1.3,0,421.64,april 13- april 19,NorthEast
Keiser,2010,REV25HR39,190.4,108,244,115,11.951408,31,21,3161,480,26,71,31,68.6,238.5,24.1,89.9,1.3,0,421.64,april 13- april 19,NorthEast
Keiser,2010,Golden Acres 26V31,190.1,108,244,,11.932577,31,21,3161,480,26,71,31,68.6,238.5,24.1,89.9,1.3,0,421.64,april 13- april 19,NorthEast
Keiser,2010,REV26R60,190,108,244,116,11.9263,31,21,3161,480,26,71,31,68.6,238.5,24.1,89.9,1.3,0,421.64,april 13- april 19,NorthEast
Keiser,2010,Pioneer P1615HR,189.9,108,244,116,11.920023,31,21,3161,480,26,71,31,68.6,238.5,24.1,89.9,1.3,0,421.64,april 13- april 19,NorthEast
Keiser,2010,Pioneer P1184HR,189.3,108,244,111,11.882361,31,21,3161,480,26,71,31,68.6,238.5,24.1,89.9,1.3,0,421.64,april 13- april 19,NorthEast
Keiser,2010,DEKALB DKC63-84 (VT3),187.4,108,244,,11.763098,31,21,3161,480,26,71,31,68.6,238.5,24.1,89.9,1.3,0,421.64,april 13- april 19,NorthEast
Keiser,2010,REV25R19,186,108,244,115,11.67522,31,21,3161,480,26,71,31,68.6,238.5,24.1,89.9,1.3,0,421.64,april 13- april 19,NorthEast
Keiser,2010,Armor BXC306PRO,185.1,108,244,,11.618727,31,21,3161,480,26,71,31,68.6,238.5,24.1,89.9,1.3,0,421.64,april 13- april 19,NorthEast
Keiser,2010,Armor 1262PRO2,184.6,108,244,,11.587342,31,21,3161,480,26,71,31,68.6,238.5,24.1,89.9,1.3,0,421.64,april 13- april 19,NorthEast
Keiser,2010,"Pioneer 33D49 (HX1,LL,RR2)",184.4,108,244,115,11.574788,31,21,3161,480,26,71,31,68.6,238.5,24.1,89.9,1.3,0,421.64,april 13- april 19,NorthEast
Keiser,2010,Armor 1161PRO,184.1,108,244,,11.555957,31,21,3161,480,26,71,31,68.6,238.5,24.1,89.9,1.3,0,421.64,april 13- april 19,NorthEast
Keiser,2010,DEKALB DKC65-63 (VT3),182.5,108,244,,11.455525,31,21,3161,480,26,71,31,68.6,238.5,24.1,89.9,1.3,0,421.64,april 13- april 19,NorthEast
Keiser,2010,Croplan Genetics 7131VT3,180.7,108,244,,11.342539,31,21,3161,480,26,71,31,68.6,238.5,24.1,89.9,1.3,0,421.64,april 13- april 19,NorthEast
Keiser,2010,Dyna-Gro 57V59,180.4,108,244,114,11.323708,31,21,3161,480,26,71,31,68.6,238.5,24.1,89.9,1.3,0,421.64,april 13- april 19,NorthEast
Keiser,2010,REV25R29,180.1,108,244,115,11.304877,31,21,3161,480,26,71,31,68.6,238.5,24.1,89.9,1.3,0,421.64,april 13- april 19,NorthEast
Keiser,2010,AgriGold A6533VT3,180.1,108,244,113,11.304877,31,21,3161,480,26,71,31,68.6,238.5,24.1,89.9,1.3,0,421.64,april 13- april 19,NorthEast
Keiser,2010,Armor 1511C,180,108,244,,11.2986,31,21,3161,480,26,71,31,68.6,238.5,24.1,89.9,1.3,0,421.64,april 13- april 19,NorthEast
Keiser,2010,BH X9085VT3,178.7,108,244,,11.216999,31,21,3161,480,26,71,31,68.6,238.5,24.1,89.9,1.3,0,421.64,april 13- april 19,NorthEast
Keiser,2010,Pioneer P1420HR,178.6,108,244,114,11.210722,31,21,3161,480,26,71,31,68.6,238.5,24.1,89.9,1.3,0,421.64,april 13- april 19,NorthEast
Keiser,2010,Delta Grow 2827,178.1,108,244,,11.179337,31,21,3161,480,26,71,31,68.6,238.5,24.1,89.9,1.3,0,421.64,april 13- april 19,NorthEast
Keiser,2010,AgriGold A6489VT3,174.8,108,244,112,10.972196,31,21,3161,480,26,71,31,68.6,238.5,24.1,89.9,1.3,0,421.64,april 13- april 19,NorthEast
Keiser,2010,Croplan Genetics 6725VT3Pro,172.5,108,244,,10.827825,31,21,3161,480,26,71,31,68.6,238.5,24.1,89.9,1.3,0,421.64,april 13- april 19,NorthEast
Keiser,2010,Armor 1457VT3,170.6,108,244,,10.708562,31,21,3161,480,26,71,31,68.6,238.5,24.1,89.9,1.3,0,421.64,april 13- april 19,NorthEast
Keiser,2010,Armor 1545PRO,170.4,108,244,,10.696008,31,21,3161,480,26,71,31,68.6,238.5,24.1,89.9,1.3,0,421.64,april 13- april 19,NorthEast
Keiser,2010,Syngenta N78N-3000GT,170.2,108,244,,10.683454,31,21,3161,480,26,71,31,68.6,238.5,24.1,89.9,1.3,0,421.64,april 13- april 19,NorthEast
Keiser,2010,AgriGold A6632VT3Pro,161.7,108,244,115,10.149909,31,21,3161,480,26,71,31,68.6,238.5,24.1,89.9,1.3,0,421.64,april 13- april 19,NorthEast
Keiser,2010,Armor 1363PRO,161.5,108,244,,10.137355,31,21,3161,480,26,71,31,68.6,238.5,24.1,89.9,1.3,0,421.64,april 13- april 19,NorthEast
Keiser,2010,Syngenta N68B-3000GT,161.1,108,244,,10.112247,31,21,3161,480,26,71,31,68.6,238.5,24.1,89.9,1.3,0,421.64,april 13- april 19,NorthEast
Keiser,2010,Syngenta N77P-3000GT,161.1,108,244,114,10.112247,31,21,3161,480,26,71,31,68.6,238.5,24.1,89.9,1.3,0,421.64,april 13- april 19,NorthEast
Keiser,2010,"Pioneer 32D79 (HX1,LL,RR2)",159.8,108,244,116,10.030646,31,21,3161,480,26,71,31,68.6,238.5,24.1,89.9,1.3,0,421.64,april 13- april 19,NorthEast
Keiser,2010,Armor 0909PRO,149.1,108,244,,9.359007,31,21,3161,480,26,71,31,68.6,238.5,24.1,89.9,1.3,0,421.64,april 13- april 19,NorthEast
Keiser,2010,Delta Grow 3688,143.9,108,244,,9.032603,31,21,3161,480,26,71,31,68.6,238.5,24.1,89.9,1.3,0,421.64,april 13- april 19,NorthEast
Keiser,2010,DEKALB DKC67-88 (GENVT3P),256,108,244,117,16.06912,31,21,3161,480,26,71,31,68.6,238.5,24.1,89.9,1.3,0,421.64,april 13- april 19,NorthEast
Keiser,2010,Croplan Genetics 8756VT3,239.6,108,244,,15.039692,31,21,3161,480,26,71,31,68.6,238.5,24.1,89.9,1.3,0,421.64,april 13- april 19,NorthEast
Keiser,2010,Triumph 1802V,231.8,108,244,,14.550086,31,21,3161,480,26,71,31,68.6,238.5,24.1,89.9,1.3,0,421.64,april 13- april 19,NorthEast
Keiser,2010,REV28R30,229.1,108,244,118,14.380607,31,21,3161,480,26,71,31,68.6,238.5,24.1,89.9,1.3,0,421.64,april 13- april 19,NorthEast
Keiser,2010,Armor 1868PRO,224.5,108,244,,14.091865,31,21,3161,480,26,71,31,68.6,238.5,24.1,89.9,1.3,0,421.64,april 13- april 19,NorthEast
Keiser,2010,REV28R10,221.5,108,244,118,13.903555,31,21,3161,480,26,71,31,68.6,238.5,24.1,89.9,1.3,0,421.64,april 13- april 19,NorthEast
Keiser,2010,Dyna-Gro 58V69,219.1,108,244,,13.752907,31,21,3161,480,26,71,31,68.6,238.5,24.1,89.9,1.3,0,421.64,april 13- april 19,NorthEast
Keiser,2010,Dyna-Gro D57GT60,212.6,108,244,117,13.344902,31,21,3161,480,26,71,31,68.6,238.5,24.1,89.9,1.3,0,421.64,april 13- april 19,NorthEast
Keiser,2010,REV28HR20,210.6,108,244,118,13.219362,31,21,3161,480,26,71,31,68.6,238.5,24.1,89.9,1.3,0,421.64,april 13- april 19,NorthEast
Keiser,2010,REV28HR30,207.7,108,244,118,13.037329,31,21,3161,480,26,71,31,68.6,238.5,24.1,89.9,1.3,0,421.64,april 13- april 19,NorthEast
Keiser,2010,Pioneer P1745HR,207.2,108,244,117,13.005944,31,21,3161,480,26,71,31,68.6,238.5,24.1,89.9,1.3,0,421.64,april 13- april 19,NorthEast
Keiser,2010,Golden Acres 28V81,201.8,108,244,,12.666986,31,21,3161,480,26,71,31,68.6,238.5,24.1,89.9,1.3,0,421.64,april 13- april 19,NorthEast
Keiser,2010,"Pioneer 31D62 (YGCB,RR2)",199.6,108,244,120,12.528892,31,21,3161,480,26,71,31,68.6,238.5,24.1,89.9,1.3,0,421.64,april 13- april 19,NorthEast
Keiser,2010,Croplan Genetics 8505VT3Pro,198.6,108,244,,12.466122,31,21,3161,480,26,71,31,68.6,238.5,24.1,89.9,1.3,0,421.64,april 13- april 19,NorthEast
Keiser,2010,Delta Grow 2888,190.4,108,244,116,11.951408,31,21,3161,480,26,71,31,68.6,238.5,24.1,89.9,1.3,0,421.64,april 13- april 19,NorthEast
Keiser,2010,Pioneer P2023HR,188.7,108,244,120,11.844699,31,21,3161,480,26,71,31,68.6,238.5,24.1,89.9,1.3,0,421.64,april 13- april 19,NorthEast
Keiser,2010,DEKALB DKC68-05 (GENVT3P),182.5,108,244,,11.455525,31,21,3161,480,26,71,31,68.6,238.5,24.1,89.9,1.3,0,421.64,april 13- april 19,NorthEast
Keiser,2010,Dyna-Gro D58VP99,173.6,108,244,118,10.896872,31,21,3161,480,26,71,31,68.6,238.5,24.1,89.9,1.3,0,421.64,april 13- april 19,NorthEast
Keiser,2010,AgriGold A6839,172.7,108,244,119,10.840379,31,21,3161,480,26,71,31,68.6,238.5,24.1,89.9,1.3,0,421.64,april 13- april 19,NorthEast
Keiser,2010,REV28HR29,171.3,108,244,118,10.752501,31,21,3161,480,26,71,31,68.6,238.5,24.1,89.9,1.3,0,421.64,april 13- april 19,NorthEast
Keiser,2010,Armor BXG080GT,163.3,108,244,,10.250341,31,21,3161,480,26,71,31,68.6,238.5,24.1,89.9,1.3,0,421.64,april 13- april 19,NorthEast
Keiser,2010,BH 8895VTTP,158,108,244,,9.91766,31,21,3161,480,26,71,31,68.6,238.5,24.1,89.9,1.3,0,421.64,april 13- april 19,NorthEast
Keiser,2010,Golden Acres 27V01,144.3,108,244,,9.057711,31,21,3161,480,26,71,31,68.6,238.5,24.1,89.9,1.3,0,421.64,april 13- april 19,NorthEast
Marianna,2010,DEKALB DKC64-69 (GENVT3P),233,102,241,114,14.62541,32.5,21.1,3237.6,407.7,26.8,82,56,85.3,198.9,32.8,66.8,0,0,383.54,april 6- april 12,CenterEast
Marianna,2010,Armor 1415PRO,226.5,102,241,114,14.217405,32.5,21.1,3237.6,407.7,26.8,82,56,85.3,198.9,32.8,66.8,0,0,383.54,april 6- april 12,CenterEast
Marianna,2010,Delta Grow 3788,226.4,102,241,115,14.211128,32.5,21.1,3237.6,407.7,26.8,82,56,85.3,198.9,32.8,66.8,0,0,383.54,april 6- april 12,CenterEast
Marianna,2010,Dyna-Gro D56VP24,224.8,102,241,116,14.110696,32.5,21.1,3237.6,407.7,26.8,82,56,85.3,198.9,32.8,66.8,0,0,383.54,april 6- april 12,CenterEast
Marianna,2010,Dyna-Gro D55Q80,223.9,102,241,115,14.054203,32.5,21.1,3237.6,407.7,26.8,82,56,85.3,198.9,32.8,66.8,0,0,383.54,april 6- april 12,CenterEast
Marianna,2010,REV25R19,223,102,241,115,13.99771,32.5,21.1,3237.6,407.7,26.8,82,56,85.3,198.9,32.8,66.8,0,0,383.54,april 6- april 12,CenterEast
Marianna,2010,REV26HR70,222.9,102,241,116,13.991433,32.5,21.1,3237.6,407.7,26.8,82,56,85.3,198.9,32.8,66.8,0,0,383.54,april 6- april 12,CenterEast
Marianna,2010,M-Pride MP3139RR,222.6,102,241,,13.972602,32.5,21.1,3237.6,407.7,26.8,82,56,85.3,198.9,32.8,66.8,0,0,383.54,april 6- april 12,CenterEast
Marianna,2010,Syngenta N78S-CB/LL,222.2,102,241,,13.947494,32.5,21.1,3237.6,407.7,26.8,82,56,85.3,198.9,32.8,66.8,0,0,383.54,april 6- april 12,CenterEast
Marianna,2010,Triumph 7514S,220.4,102,241,114,13.834508,32.5,21.1,3237.6,407.7,26.8,82,56,85.3,198.9,32.8,66.8,0,0,383.54,april 6- april 12,CenterEast
Marianna,2010,M-Pride MP3150,217.8,102,241,,13.671306,32.5,21.1,3237.6,407.7,26.8,82,56,85.3,198.9,32.8,66.8,0,0,383.54,april 6- april 12,CenterEast
Marianna,2010,AgriGold A6633VT3,217.6,102,241,113,13.658752,32.5,21.1,3237.6,407.7,26.8,82,56,85.3,198.9,32.8,66.8,0,0,383.54,april 6- april 12,CenterEast
Marianna,2010,Dyna-Gro 57V21,217.4,102,241,,13.646198,32.5,21.1,3237.6,407.7,26.8,82,56,85.3,198.9,32.8,66.8,0,0,383.54,april 6- april 12,CenterEast
Marianna,2010,Croplan Genetics 6286VT3Pro,216.7,102,241,,13.602259,32.5,21.1,3237.6,407.7,26.8,82,56,85.3,198.9,32.8,66.8,0,0,383.54,april 6- april 12,CenterEast
Marianna,2010,DEKALB DKC63-84 (VT3),216.7,102,241,,13.602259,32.5,21.1,3237.6,407.7,26.8,82,56,85.3,198.9,32.8,66.8,0,0,383.54,april 6- april 12,CenterEast
Marianna,2010,Armor 1655PRO,215.9,102,241,116,13.552043,32.5,21.1,3237.6,407.7,26.8,82,56,85.3,198.9,32.8,66.8,0,0,383.54,april 6- april 12,CenterEast
Marianna,2010,AgriGold A6632VT3Pro,215.1,102,241,115,13.501827,32.5,21.1,3237.6,407.7,26.8,82,56,85.3,198.9,32.8,66.8,0,0,383.54,april 6- april 12,CenterEast
Marianna,2010,M-Pride MP3110GT,215,102,241,,13.49555,32.5,21.1,3237.6,407.7,26.8,82,56,85.3,198.9,32.8,66.8,0,0,383.54,april 6- april 12,CenterEast
Marianna,2010,Dyna-Gro V5373VT3,214.7,102,241,113,13.476719,32.5,21.1,3237.6,407.7,26.8,82,56,85.3,198.9,32.8,66.8,0,0,383.54,april 6- april 12,CenterEast
Marianna,2010,Armor 1262PRO2,214.7,102,241,,13.476719,32.5,21.1,3237.6,407.7,26.8,82,56,85.3,198.9,32.8,66.8,0,0,383.54,april 6- april 12,CenterEast
Marianna,2010,Armor BXT069GT,214.4,102,241,,13.457888,32.5,21.1,3237.6,407.7,26.8,82,56,85.3,198.9,32.8,66.8,0,0,383.54,april 6- april 12,CenterEast
Marianna,2010,Pioneer P1615HR,214,102,241,116,13.43278,32.5,21.1,3237.6,407.7,26.8,82,56,85.3,198.9,32.8,66.8,0,0,383.54,april 6- april 12,CenterEast
Marianna,2010,REV26HR50,213.2,102,241,116,13.382564,32.5,21.1,3237.6,407.7,26.8,82,56,85.3,198.9,32.8,66.8,0,0,383.54,april 6- april 12,CenterEast
Marianna,2010,"Pioneer 33D49 (HX1,LL,RR2)",212.5,102,241,115,13.338625,32.5,21.1,3237.6,407.7,26.8,82,56,85.3,198.9,32.8,66.8,0,0,383.54,april 6- april 12,CenterEast
Marianna,2010,Golden Acres 26V31,212.4,102,241,,13.332348,32.5,21.1,3237.6,407.7,26.8,82,56,85.3,198.9,32.8,66.8,0,0,383.54,april 6- april 12,CenterEast
Marianna,2010,Croplan Genetics 6725VT3Pro,211,102,241,,13.24447,32.5,21.1,3237.6,407.7,26.8,82,56,85.3,198.9,32.8,66.8,0,0,383.54,april 6- april 12,CenterEast
Marianna,2010,Syngenta N72K-GT/CB/LL,210.8,102,241,113,13.231916,32.5,21.1,3237.6,407.7,26.8,82,56,85.3,198.9,32.8,66.8,0,0,383.54,april 6- april 12,CenterEast
Marianna,2010,DEKALB DKC66-96 (GENVT3P),210.8,102,241,116,13.231916,32.5,21.1,3237.6,407.7,26.8,82,56,85.3,198.9,32.8,66.8,0,0,383.54,april 6- april 12,CenterEast
Marianna,2010,BH 8928VTTP,210.6,102,241,116,13.219362,32.5,21.1,3237.6,407.7,26.8,82,56,85.3,198.9,32.8,66.8,0,0,383.54,april 6- april 12,CenterEast
Marianna,2010,Armor 1161PRO,210.2,102,241,,13.194254,32.5,21.1,3237.6,407.7,26.8,82,56,85.3,198.9,32.8,66.8,0,0,383.54,april 6- april 12,CenterEast
Marianna,2010,M-Pride 0114X,209.9,102,241,,13.175423,32.5,21.1,3237.6,407.7,26.8,82,56,85.3,198.9,32.8,66.8,0,0,383.54,april 6- april 12,CenterEast
Marianna,2010,M-Pride MP3194VT3,209.5,102,241,,13.150315,32.5,21.1,3237.6,407.7,26.8,82,56,85.3,198.9,32.8,66.8,0,0,383.54,april 6- april 12,CenterEast
Marianna,2010,AgriGold A6553VT3,209.2,102,241,113,13.131484,32.5,21.1,3237.6,407.7,26.8,82,56,85.3,198.9,32.8,66.8,0,0,383.54,april 6- april 12,CenterEast
Marianna,2010,REV25HR39,208.8,102,241,115,13.106376,32.5,21.1,3237.6,407.7,26.8,82,56,85.3,198.9,32.8,66.8,0,0,383.54,april 6- april 12,CenterEast
Marianna,2010,Syngenta N77P-3000GT,208.6,102,241,114,13.093822,32.5,21.1,3237.6,407.7,26.8,82,56,85.3,198.9,32.8,66.8,0,0,383.54,april 6- april 12,CenterEast
Marianna,2010,Golden Acres 26V21,208,102,241,115,13.05616,32.5,21.1,3237.6,407.7,26.8,82,56,85.3,198.9,32.8,66.8,0,0,383.54,april 6- april 12,CenterEast
Marianna,2010,Armor 1539PRO,207.1,102,241,115,12.999667,32.5,21.1,3237.6,407.7,26.8,82,56,85.3,198.9,32.8,66.8,0,0,383.54,april 6- april 12,CenterEast
Marianna,2010,AgriGold A6489VT3,207.1,102,241,112,12.999667,32.5,21.1,3237.6,407.7,26.8,82,56,85.3,198.9,32.8,66.8,0,0,383.54,april 6- april 12,CenterEast
Marianna,2010,Pioneer P1184HR,206.5,102,241,111,12.962005,32.5,21.1,3237.6,407.7,26.8,82,56,85.3,198.9,32.8,66.8,0,0,383.54,april 6- april 12,CenterEast
Marianna,2010,Pioneer P1420HR,206.1,102,241,114,12.936897,32.5,21.1,3237.6,407.7,26.8,82,56,85.3,198.9,32.8,66.8,0,0,383.54,april 6- april 12,CenterEast
Marianna,2010,Dyna-Gro 57V59,205.8,102,241,114,12.918066,32.5,21.1,3237.6,407.7,26.8,82,56,85.3,198.9,32.8,66.8,0,0,383.54,april 6- april 12,CenterEast
Marianna,2010,DEKALB DKC64-83 (GENVT3P),204.8,102,241,114,12.855296,32.5,21.1,3237.6,407.7,26.8,82,56,85.3,198.9,32.8,66.8,0,0,383.54,april 6- april 12,CenterEast
Marianna,2010,Croplan Genetics 7131VT3,204.1,102,241,,12.811357,32.5,21.1,3237.6,407.7,26.8,82,56,85.3,198.9,32.8,66.8,0,0,383.54,april 6- april 12,CenterEast
Marianna,2010,Dyna-Gro 58V72,203.8,102,241,,12.792526,32.5,21.1,3237.6,407.7,26.8,82,56,85.3,198.9,32.8,66.8,0,0,383.54,april 6- april 12,CenterEast
Marianna,2010,Delta Grow 2827,202.8,102,241,,12.729756,32.5,21.1,3237.6,407.7,26.8,82,56,85.3,198.9,32.8,66.8,0,0,383.54,april 6- april 12,CenterEast
Marianna,2010,Croplan Genetics 6425VT3Pro,202.7,102,241,,12.723479,32.5,21.1,3237.6,407.7,26.8,82,56,85.3,198.9,32.8,66.8,0,0,383.54,april 6- april 12,CenterEast
Marianna,2010,REV25HR49,201.5,102,241,115,12.648155,32.5,21.1,3237.6,407.7,26.8,82,56,85.3,198.9,32.8,66.8,0,0,383.54,april 6- april 12,CenterEast
Marianna,2010,DEKALB DKC61-05 (GENVT3P),201.4,102,241,,12.641878,32.5,21.1,3237.6,407.7,26.8,82,56,85.3,198.9,32.8,66.8,0,0,383.54,april 6- april 12,CenterEast
Marianna,2010,Masters Choice MCT-812,200.4,102,241,,12.579108,32.5,21.1,3237.6,407.7,26.8,82,56,85.3,198.9,32.8,66.8,0,0,383.54,april 6- april 12,CenterEast
Marianna,2010,Delta Grow 3688,199.6,102,241,,12.528892,32.5,21.1,3237.6,407.7,26.8,82,56,85.3,198.9,32.8,66.8,0,0,383.54,april 6- april 12,CenterEast
Marianna,2010,Syngenta N68B-3000GT,199.5,102,241,,12.522615,32.5,21.1,3237.6,407.7,26.8,82,56,85.3,198.9,32.8,66.8,0,0,383.54,april 6- april 12,CenterEast
Marianna,2010,Dyna-Gro 57V40,199.2,102,241,,12.503784,32.5,21.1,3237.6,407.7,26.8,82,56,85.3,198.9,32.8,66.8,0,0,383.54,april 6- april 12,CenterEast
Marianna,2010,AgriGold A6533VT3,199.2,102,241,113,12.503784,32.5,21.1,3237.6,407.7,26.8,82,56,85.3,198.9,32.8,66.8,0,0,383.54,april 6- april 12,CenterEast
Marianna,2010,"Pioneer 32D79 (HX1,LL,RR2)",198.3,102,241,116,12.447291,32.5,21.1,3237.6,407.7,26.8,82,56,85.3,198.9,32.8,66.8,0,0,383.54,april 6- april 12,CenterEast
Marianna,2010,Armor 1545PRO,198,102,241,,12.42846,32.5,21.1,3237.6,407.7,26.8,82,56,85.3,198.9,32.8,66.8,0,0,383.54,april 6- april 12,CenterEast
Marianna,2010,Armor 1457VT3,197,102,241,,12.36569,32.5,21.1,3237.6,407.7,26.8,82,56,85.3,198.9,32.8,66.8,0,0,383.54,april 6- april 12,CenterEast
Marianna,2010,Armor 1511C,196.8,102,241,,12.353136,32.5,21.1,3237.6,407.7,26.8,82,56,85.3,198.9,32.8,66.8,0,0,383.54,april 6- april 12,CenterEast
Marianna,2010,REV26R60,196.1,102,241,116,12.309197,32.5,21.1,3237.6,407.7,26.8,82,56,85.3,198.9,32.8,66.8,0,0,383.54,april 6- april 12,CenterEast
Marianna,2010,AgriGold A6479VT3,196,102,241,,12.30292,32.5,21.1,3237.6,407.7,26.8,82,56,85.3,198.9,32.8,66.8,0,0,383.54,april 6- april 12,CenterEast
Marianna,2010,M-Pride MP3151,195.6,102,241,,12.277812,32.5,21.1,3237.6,407.7,26.8,82,56,85.3,198.9,32.8,66.8,0,0,383.54,april 6- april 12,CenterEast
Marianna,2010,Spirit Hybrids SP114-1GT3,194.5,102,241,,12.208765,32.5,21.1,3237.6,407.7,26.8,82,56,85.3,198.9,32.8,66.8,0,0,383.54,april 6- april 12,CenterEast
Marianna,2010,Armor 1363PRO,194.4,102,241,,12.202488,32.5,21.1,3237.6,407.7,26.8,82,56,85.3,198.9,32.8,66.8,0,0,383.54,april 6- april 12,CenterEast
Marianna,2010,REV25R29,194.2,102,241,115,12.189934,32.5,21.1,3237.6,407.7,26.8,82,56,85.3,198.9,32.8,66.8,0,0,383.54,april 6- april 12,CenterEast
Marianna,2010,Armor 0909PRO,193.2,102,241,,12.127164,32.5,21.1,3237.6,407.7,26.8,82,56,85.3,198.9,32.8,66.8,0,0,383.54,april 6- april 12,CenterEast
Marianna,2010,BH X9150G,193,102,241,,12.11461,32.5,21.1,3237.6,407.7,26.8,82,56,85.3,198.9,32.8,66.8,0,0,383.54,april 6- april 12,CenterEast
Marianna,2010,BH X10064VTTP,192.7,102,241,,12.095779,32.5,21.1,3237.6,407.7,26.8,82,56,85.3,198.9,32.8,66.8,0,0,383.54,april 6- april 12,CenterEast
Marianna,2010,DEKALB DKC65-63 (VT3),185.8,102,241,,11.662666,32.5,21.1,3237.6,407.7,26.8,82,56,85.3,198.9,32.8,66.8,0,0,383.54,april 6- april 12,CenterEast
Marianna,2010,Syngenta N78N-3000GT,185.2,102,241,,11.625004,32.5,21.1,3237.6,407.7,26.8,82,56,85.3,198.9,32.8,66.8,0,0,383.54,april 6- april 12,CenterEast
Marianna,2010,Armor BXC306PRO,184,102,241,,11.54968,32.5,21.1,3237.6,407.7,26.8,82,56,85.3,198.9,32.8,66.8,0,0,383.54,april 6- april 12,CenterEast
Marianna,2010,Armor BXC028VT3,179.7,102,241,,11.279769,32.5,21.1,3237.6,407.7,26.8,82,56,85.3,198.9,32.8,66.8,0,0,383.54,april 6- april 12,CenterEast
Marianna,2010,BH X9085VT3,175.5,102,241,,11.016135,32.5,21.1,3237.6,407.7,26.8,82,56,85.3,198.9,32.8,66.8,0,0,383.54,april 6- april 12,CenterEast
Marianna,2010,REV28HR20,211.1,102,241,118,13.250747,32.5,21.1,3237.6,407.7,26.8,82,56,85.3,198.9,32.8,66.8,0,0,383.54,april 6- april 12,CenterEast
Marianna,2010,DEKALB DKC67-88 (GENVT3P),208.5,102,241,117,13.087545,32.5,21.1,3237.6,407.7,26.8,82,56,85.3,198.9,32.8,66.8,0,0,383.54,april 6- april 12,CenterEast
Marianna,2010,Pioneer P1745HR,204.1,102,241,117,12.811357,32.5,21.1,3237.6,407.7,26.8,82,56,85.3,198.9,32.8,66.8,0,0,383.54,april 6- april 12,CenterEast
Marianna,2010,Croplan Genetics 8505VT3Pro,204.1,102,241,,12.811357,32.5,21.1,3237.6,407.7,26.8,82,56,85.3,198.9,32.8,66.8,0,0,383.54,april 6- april 12,CenterEast
Marianna,2010,REV28HR30,203.5,102,241,118,12.773695,32.5,21.1,3237.6,407.7,26.8,82,56,85.3,198.9,32.8,66.8,0,0,383.54,april 6- april 12,CenterEast
Marianna,2010,Golden Acres 28V81,203.4,102,241,,12.767418,32.5,21.1,3237.6,407.7,26.8,82,56,85.3,198.9,32.8,66.8,0,0,383.54,april 6- april 12,CenterEast
Marianna,2010,DEKALB DKC68-05 (GENVT3P),202.3,102,241,,12.698371,32.5,21.1,3237.6,407.7,26.8,82,56,85.3,198.9,32.8,66.8,0,0,383.54,april 6- april 12,CenterEast
Marianna,2010,Golden Acres 27V01,200,102,241,,12.554,32.5,21.1,3237.6,407.7,26.8,82,56,85.3,198.9,32.8,66.8,0,0,383.54,april 6- april 12,CenterEast
Marianna,2010,REV28R10,199.4,102,241,118,12.516338,32.5,21.1,3237.6,407.7,26.8,82,56,85.3,198.9,32.8,66.8,0,0,383.54,april 6- april 12,CenterEast
Marianna,2010,Dyna-Gro 58V69,191.3,102,241,,12.007901,32.5,21.1,3237.6,407.7,26.8,82,56,85.3,198.9,32.8,66.8,0,0,383.54,april 6- april 12,CenterEast
Marianna,2010,Pioneer P2023HR,191.1,102,241,120,11.995347,32.5,21.1,3237.6,407.7,26.8,82,56,85.3,198.9,32.8,66.8,0,0,383.54,april 6- april 12,CenterEast
Marianna,2010,BH 8895VTTP,187.9,102,241,,11.794483,32.5,21.1,3237.6,407.7,26.8,82,56,85.3,198.9,32.8,66.8,0,0,383.54,april 6- april 12,CenterEast
Marianna,2010,Armor 1868PRO,187.3,102,241,,11.756821,32.5,21.1,3237.6,407.7,26.8,82,56,85.3,198.9,32.8,66.8,0,0,383.54,april 6- april 12,CenterEast
Marianna,2010,Triumph 1802V,184,102,241,,11.54968,32.5,21.1,3237.6,407.7,26.8,82,56,85.3,198.9,32.8,66.8,0,0,383.54,april 6- april 12,CenterEast
Marianna,2010,REV28R30,183.4,102,241,118,11.512018,32.5,21.1,3237.6,407.7,26.8,82,56,85.3,198.9,32.8,66.8,0,0,383.54,april 6- april 12,CenterEast
Marianna,2010,AgriGold A6839,181.8,102,241,119,11.411586,32.5,21.1,3237.6,407.7,26.8,82,56,85.3,198.9,32.8,66.8,0,0,383.54,april 6- april 12,CenterEast
Marianna,2010,REV28HR29,179.6,102,241,118,11.273492,32.5,21.1,3237.6,407.7,26.8,82,56,85.3,198.9,32.8,66.8,0,0,383.54,april 6- april 12,CenterEast
Marianna,2010,"Pioneer 31D62 (YGCB,RR2)",179.5,102,241,120,11.267215,32.5,21.1,3237.6,407.7,26.8,82,56,85.3,198.9,32.8,66.8,0,0,383.54,april 6- april 12,CenterEast
Marianna,2010,Dyna-Gro D58VP99,179.1,102,241,118,11.242107,32.5,21.1,3237.6,407.7,26.8,82,56,85.3,198.9,32.8,66.8,0,0,383.54,april 6- april 12,CenterEast
Marianna,2010,Croplan Genetics 8756VT3,173.2,102,241,,10.871764,32.5,21.1,3237.6,407.7,26.8,82,56,85.3,198.9,32.8,66.8,0,0,383.54,april 6- april 12,CenterEast
Marianna,2010,Dyna-Gro D57GT60,170.1,102,241,117,10.677177,32.5,21.1,3237.6,407.7,26.8,82,56,85.3,198.9,32.8,66.8,0,0,383.54,april 6- april 12,CenterEast
Marianna,2010,Delta Grow 2888,167.5,102,241,116,10.513975,32.5,21.1,3237.6,407.7,26.8,82,56,85.3,198.9,32.8,66.8,0,0,383.54,april 6- april 12,CenterEast
Marianna,2010,Armor BXG080GT,167.3,102,241,,10.501421,32.5,21.1,3237.6,407.7,26.8,82,56,85.3,198.9,32.8,66.8,0,0,383.54,april 6- april 12,CenterEast
Stuttgart,2010,DEKALB DKC64-69 (GENVT3P),282.7,103,236,114,17.745079,32.7,21.2,3149.9,383,26.9,84,56,113.8,292.1,78.2,286.5,124,0,894.08,april 13- april 19,SouthEast
Stuttgart,2010,M-Pride MP3139RR,275.2,103,236,,17.274304,32.7,21.2,3149.9,383,26.9,84,56,113.8,292.1,78.2,286.5,124,0,894.08,april 13- april 19,SouthEast
Stuttgart,2010,AgriGold A6633VT3,271.2,103,236,113,17.023224,32.7,21.2,3149.9,383,26.9,84,56,113.8,292.1,78.2,286.5,124,0,894.08,april 13- april 19,SouthEast
Stuttgart,2010,DEKALB DKC66-96 (GENVT3P),270.7,103,236,116,16.991839,32.7,21.2,3149.9,383,26.9,84,56,113.8,292.1,78.2,286.5,124,0,894.08,april 13- april 19,SouthEast
Stuttgart,2010,AgriGold A6533VT3,267.1,103,236,113,16.765867,32.7,21.2,3149.9,383,26.9,84,56,113.8,292.1,78.2,286.5,124,0,894.08,april 13- april 19,SouthEast
Stuttgart,2010,DEKALB DKC64-83 (GENVT3P),263.5,103,236,114,16.539895,32.7,21.2,3149.9,383,26.9,84,56,113.8,292.1,78.2,286.5,124,0,894.08,april 13- april 19,SouthEast
Stuttgart,2010,M-Pride MP3150,261.7,103,236,,16.426909,32.7,21.2,3149.9,383,26.9,84,56,113.8,292.1,78.2,286.5,124,0,894.08,april 13- april 19,SouthEast
Stuttgart,2010,AgriGold A6553VT3,261.5,103,236,113,16.414355,32.7,21.2,3149.9,383,26.9,84,56,113.8,292.1,78.2,286.5,124,0,894.08,april 13- april 19,SouthEast
Stuttgart,2010,M-Pride 0114X,260.8,103,236,,16.370416,32.7,21.2,3149.9,383,26.9,84,56,113.8,292.1,78.2,286.5,124,0,894.08,april 13- april 19,SouthEast
Stuttgart,2010,REV26HR50,260.5,103,236,116,16.351585,32.7,21.2,3149.9,383,26.9,84,56,113.8,292.1,78.2,286.5,124,0,894.08,april 13- april 19,SouthEast
Stuttgart,2010,DEKALB DKC63-84 (VT3),260.3,103,236,,16.339031,32.7,21.2,3149.9,383,26.9,84,56,113.8,292.1,78.2,286.5,124,0,894.08,april 13- april 19,SouthEast
Stuttgart,2010,BH X10064VTTP,259.6,103,236,,16.295092,32.7,21.2,3149.9,383,26.9,84,56,113.8,292.1,78.2,286.5,124,0,894.08,april 13- april 19,SouthEast
Stuttgart,2010,Golden Acres 26V31,258.9,103,236,,16.251153,32.7,21.2,3149.9,383,26.9,84,56,113.8,292.1,78.2,286.5,124,0,894.08,april 13- april 19,SouthEast
Stuttgart,2010,Pioneer P1615HR,257.1,103,236,116,16.138167,32.7,21.2,3149.9,383,26.9,84,56,113.8,292.1,78.2,286.5,124,0,894.08,april 13- april 19,SouthEast
Stuttgart,2010,BH 8928VTTP,256.8,103,236,116,16.119336,32.7,21.2,3149.9,383,26.9,84,56,113.8,292.1,78.2,286.5,124,0,894.08,april 13- april 19,SouthEast
Stuttgart,2010,Armor 1262PRO2,256.6,103,236,,16.106782,32.7,21.2,3149.9,383,26.9,84,56,113.8,292.1,78.2,286.5,124,0,894.08,april 13- april 19,SouthEast
Stuttgart,2010,Croplan Genetics 6725VT3Pro,255.2,103,236,,16.018904,32.7,21.2,3149.9,383,26.9,84,56,113.8,292.1,78.2,286.5,124,0,894.08,april 13- april 19,SouthEast
Stuttgart,2010,Croplan Genetics 6425VT3Pro,255.1,103,236,,16.012627,32.7,21.2,3149.9,383,26.9,84,56,113.8,292.1,78.2,286.5,124,0,894.08,april 13- april 19,SouthEast
Stuttgart,2010,Armor 1415PRO,254.3,103,236,114,15.962411,32.7,21.2,3149.9,383,26.9,84,56,113.8,292.1,78.2,286.5,124,0,894.08,april 13- april 19,SouthEast
Stuttgart,2010,M-Pride MP3110GT,254.1,103,236,,15.949857,32.7,21.2,3149.9,383,26.9,84,56,113.8,292.1,78.2,286.5,124,0,894.08,april 13- april 19,SouthEast
Stuttgart,2010,AgriGold A6489VT3,253.1,103,236,112,15.887087,32.7,21.2,3149.9,383,26.9,84,56,113.8,292.1,78.2,286.5,124,0,894.08,april 13- april 19,SouthEast
Stuttgart,2010,Armor 1161PRO,252.9,103,236,,15.874533,32.7,21.2,3149.9,383,26.9,84,56,113.8,292.1,78.2,286.5,124,0,894.08,april 13- april 19,SouthEast
Stuttgart,2010,Dyna-Gro 57V21,252.5,103,236,,15.849425,32.7,21.2,3149.9,383,26.9,84,56,113.8,292.1,78.2,286.5,124,0,894.08,april 13- april 19,SouthEast
Stuttgart,2010,Delta Grow 2827,252,103,236,,15.81804,32.7,21.2,3149.9,383,26.9,84,56,113.8,292.1,78.2,286.5,124,0,894.08,april 13- april 19,SouthEast
Stuttgart,2010,Armor 1655PRO,251.8,103,236,116,15.805486,32.7,21.2,3149.9,383,26.9,84,56,113.8,292.1,78.2,286.5,124,0,894.08,april 13- april 19,SouthEast
Stuttgart,2010,Croplan Genetics 7131VT3,251.3,103,236,,15.774101,32.7,21.2,3149.9,383,26.9,84,56,113.8,292.1,78.2,286.5,124,0,894.08,april 13- april 19,SouthEast
Stuttgart,2010,Dyna-Gro D55Q80,250,103,236,115,15.6925,32.7,21.2,3149.9,383,26.9,84,56,113.8,292.1,78.2,286.5,124,0,894.08,april 13- april 19,SouthEast
Stuttgart,2010,Pioneer P1184HR,249.9,103,236,111,15.686223,32.7,21.2,3149.9,383,26.9,84,56,113.8,292.1,78.2,286.5,124,0,894.08,april 13- april 19,SouthEast
Stuttgart,2010,Armor 1539PRO,248.3,103,236,115,15.585791,32.7,21.2,3149.9,383,26.9,84,56,113.8,292.1,78.2,286.5,124,0,894.08,april 13- april 19,SouthEast
Stuttgart,2010,Golden Acres 26V21,248.1,103,236,115,15.573237,32.7,21.2,3149.9,383,26.9,84,56,113.8,292.1,78.2,286.5,124,0,894.08,april 13- april 19,SouthEast
Stuttgart,2010,Syngenta N78S-CB/LL,247.2,103,236,,15.516744,32.7,21.2,3149.9,383,26.9,84,56,113.8,292.1,78.2,286.5,124,0,894.08,april 13- april 19,SouthEast
Stuttgart,2010,REV26R60,247,103,236,116,15.50419,32.7,21.2,3149.9,383,26.9,84,56,113.8,292.1,78.2,286.5,124,0,894.08,april 13- april 19,SouthEast
Stuttgart,2010,Dyna-Gro V5373VT3,246.8,103,236,113,15.491636,32.7,21.2,3149.9,383,26.9,84,56,113.8,292.1,78.2,286.5,124,0,894.08,april 13- april 19,SouthEast
Stuttgart,2010,Armor BXC028VT3,246.7,103,236,,15.485359,32.7,21.2,3149.9,383,26.9,84,56,113.8,292.1,78.2,286.5,124,0,894.08,april 13- april 19,SouthEast
Stuttgart,2010,M-Pride MP3151,245.6,103,236,,15.416312,32.7,21.2,3149.9,383,26.9,84,56,113.8,292.1,78.2,286.5,124,0,894.08,april 13- april 19,SouthEast
Stuttgart,2010,Dyna-Gro D56VP24,245.1,103,236,116,15.384927,32.7,21.2,3149.9,383,26.9,84,56,113.8,292.1,78.2,286.5,124,0,894.08,april 13- april 19,SouthEast
Stuttgart,2010,Triumph 7514S,244,103,236,114,15.31588,32.7,21.2,3149.9,383,26.9,84,56,113.8,292.1,78.2,286.5,124,0,894.08,april 13- april 19,SouthEast
Stuttgart,2010,Spirit Hybrids SP114-1GT3,243.7,103,236,,15.297049,32.7,21.2,3149.9,383,26.9,84,56,113.8,292.1,78.2,286.5,124,0,894.08,april 13- april 19,SouthEast
Stuttgart,2010,AgriGold A6632VT3Pro,243.4,103,236,115,15.278218,32.7,21.2,3149.9,383,26.9,84,56,113.8,292.1,78.2,286.5,124,0,894.08,april 13- april 19,SouthEast
Stuttgart,2010,Delta Grow 3788,242.9,103,236,115,15.246833,32.7,21.2,3149.9,383,26.9,84,56,113.8,292.1,78.2,286.5,124,0,894.08,april 13- april 19,SouthEast
Stuttgart,2010,M-Pride MP3194VT3,242.7,103,236,,15.234279,32.7,21.2,3149.9,383,26.9,84,56,113.8,292.1,78.2,286.5,124,0,894.08,april 13- april 19,SouthEast
Stuttgart,2010,DEKALB DKC65-63 (VT3),242.1,103,236,,15.196617,32.7,21.2,3149.9,383,26.9,84,56,113.8,292.1,78.2,286.5,124,0,894.08,april 13- april 19,SouthEast
Stuttgart,2010,REV25HR39,241.9,103,236,115,15.184063,32.7,21.2,3149.9,383,26.9,84,56,113.8,292.1,78.2,286.5,124,0,894.08,april 13- april 19,SouthEast
Stuttgart,2010,Croplan Genetics 6286VT3Pro,241.8,103,236,,15.177786,32.7,21.2,3149.9,383,26.9,84,56,113.8,292.1,78.2,286.5,124,0,894.08,april 13- april 19,SouthEast
Stuttgart,2010,Dyna-Gro 58V72,241.6,103,236,,15.165232,32.7,21.2,3149.9,383,26.9,84,56,113.8,292.1,78.2,286.5,124,0,894.08,april 13- april 19,SouthEast
Stuttgart,2010,Dyna-Gro 57V40,240.7,103,236,,15.108739,32.7,21.2,3149.9,383,26.9,84,56,113.8,292.1,78.2,286.5,124,0,894.08,april 13- april 19,SouthEast
Stuttgart,2010,BH X9085VT3,240.3,103,236,,15.083631,32.7,21.2,3149.9,383,26.9,84,56,113.8,292.1,78.2,286.5,124,0,894.08,april 13- april 19,SouthEast
Stuttgart,2010,Armor BXT069GT,240.3,103,236,,15.083631,32.7,21.2,3149.9,383,26.9,84,56,113.8,292.1,78.2,286.5,124,0,894.08,april 13- april 19,SouthEast
Stuttgart,2010,REV26HR70,240.1,103,236,116,15.071077,32.7,21.2,3149.9,383,26.9,84,56,113.8,292.1,78.2,286.5,124,0,894.08,april 13- april 19,SouthEast
Stuttgart,2010,Syngenta N78N-3000GT,239.7,103,236,,15.045969,32.7,21.2,3149.9,383,26.9,84,56,113.8,292.1,78.2,286.5,124,0,894.08,april 13- april 19,SouthEast
Stuttgart,2010,Delta Grow 3688,239.6,103,236,,15.039692,32.7,21.2,3149.9,383,26.9,84,56,113.8,292.1,78.2,286.5,124,0,894.08,april 13- april 19,SouthEast
Stuttgart,2010,Syngenta N72K-GT/CB/LL,239.1,103,236,113,15.008307,32.7,21.2,3149.9,383,26.9,84,56,113.8,292.1,78.2,286.5,124,0,894.08,april 13- april 19,SouthEast
Stuttgart,2010,Syngenta N77P-3000GT,238.7,103,236,114,14.983199,32.7,21.2,3149.9,383,26.9,84,56,113.8,292.1,78.2,286.5,124,0,894.08,april 13- april 19,SouthEast
Stuttgart,2010,BH X9150G,238.4,103,236,,14.964368,32.7,21.2,3149.9,383,26.9,84,56,113.8,292.1,78.2,286.5,124,0,894.08,april 13- april 19,SouthEast
Stuttgart,2010,Syngenta N68B-3000GT,237.1,103,236,,14.882767,32.7,21.2,3149.9,383,26.9,84,56,113.8,292.1,78.2,286.5,124,0,894.08,april 13- april 19,SouthEast
Stuttgart,2010,REV25HR49,236.8,103,236,115,14.863936,32.7,21.2,3149.9,383,26.9,84,56,113.8,292.1,78.2,286.5,124,0,894.08,april 13- april 19,SouthEast
Stuttgart,2010,"Pioneer 33D49 (HX1,LL,RR2)",236.2,103,236,115,14.826274,32.7,21.2,3149.9,383,26.9,84,56,113.8,292.1,78.2,286.5,124,0,894.08,april 13- april 19,SouthEast
Stuttgart,2010,Masters Choice MCT-812,236.1,103,236,,14.819997,32.7,21.2,3149.9,383,26.9,84,56,113.8,292.1,78.2,286.5,124,0,894.08,april 13- april 19,SouthEast
Stuttgart,2010,"Pioneer 32D79 (HX1,LL,RR2)",235.7,103,236,116,14.794889,32.7,21.2,3149.9,383,26.9,84,56,113.8,292.1,78.2,286.5,124,0,894.08,april 13- april 19,SouthEast
Stuttgart,2010,Pioneer P1420HR,234.6,103,236,114,14.725842,32.7,21.2,3149.9,383,26.9,84,56,113.8,292.1,78.2,286.5,124,0,894.08,april 13- april 19,SouthEast
Stuttgart,2010,AgriGold A6479VT3,234,103,236,,14.68818,32.7,21.2,3149.9,383,26.9,84,56,113.8,292.1,78.2,286.5,124,0,894.08,april 13- april 19,SouthEast
Stuttgart,2010,DEKALB DKC61-05 (GENVT3P),233.8,103,236,,14.675626,32.7,21.2,3149.9,383,26.9,84,56,113.8,292.1,78.2,286.5,124,0,894.08,april 13- april 19,SouthEast
Stuttgart,2010,Armor 0909PRO,233.6,103,236,,14.663072,32.7,21.2,3149.9,383,26.9,84,56,113.8,292.1,78.2,286.5,124,0,894.08,april 13- april 19,SouthEast
Stuttgart,2010,Armor 1511C,233.2,103,236,,14.637964,32.7,21.2,3149.9,383,26.9,84,56,113.8,292.1,78.2,286.5,124,0,894.08,april 13- april 19,SouthEast
Stuttgart,2010,REV25R19,232.4,103,236,115,14.587748,32.7,21.2,3149.9,383,26.9,84,56,113.8,292.1,78.2,286.5,124,0,894.08,april 13- april 19,SouthEast
Stuttgart,2010,Armor 1545PRO,221.7,103,236,,13.916109,32.7,21.2,3149.9,383,26.9,84,56,113.8,292.1,78.2,286.5,124,0,894.08,april 13- april 19,SouthEast
Stuttgart,2010,Armor 1457VT3,221.2,103,236,,13.884724,32.7,21.2,3149.9,383,26.9,84,56,113.8,292.1,78.2,286.5,124,0,894.08,april 13- april 19,SouthEast
Stuttgart,2010,Dyna-Gro 57V59,220.2,103,236,114,13.821954,32.7,21.2,3149.9,383,26.9,84,56,113.8,292.1,78.2,286.5,124,0,894.08,april 13- april 19,SouthEast
Stuttgart,2010,REV25R29,218.5,103,236,115,13.715245,32.7,21.2,3149.9,383,26.9,84,56,113.8,292.1,78.2,286.5,124,0,894.08,april 13- april 19,SouthEast
Stuttgart,2010,Armor 1363PRO,214.3,103,236,,13.451611,32.7,21.2,3149.9,383,26.9,84,56,113.8,292.1,78.2,286.5,124,0,894.08,april 13- april 19,SouthEast
Stuttgart,2010,Armor BXC306PRO,206.5,103,236,,12.962005,32.7,21.2,3149.9,383,26.9,84,56,113.8,292.1,78.2,286.5,124,0,894.08,april 13- april 19,SouthEast
Stuttgart,2010,Pioneer P1745HR,284.7,103,236,117,17.870619,32.7,21.2,3149.9,383,26.9,84,56,113.8,292.1,78.2,286.5,124,0,894.08,april 13- april 19,SouthEast
Stuttgart,2010,DEKALB DKC67-88 (GENVT3P),284.1,103,236,117,17.832957,32.7,21.2,3149.9,383,26.9,84,56,113.8,292.1,78.2,286.5,124,0,894.08,april 13- april 19,SouthEast
Stuttgart,2010,REV28R30,260,103,236,118,16.3202,32.7,21.2,3149.9,383,26.9,84,56,113.8,292.1,78.2,286.5,124,0,894.08,april 13- april 19,SouthEast
Stuttgart,2010,REV28R10,256.8,103,236,118,16.119336,32.7,21.2,3149.9,383,26.9,84,56,113.8,292.1,78.2,286.5,124,0,894.08,april 13- april 19,SouthEast
Stuttgart,2010,REV28HR30,252.7,103,236,118,15.861979,32.7,21.2,3149.9,383,26.9,84,56,113.8,292.1,78.2,286.5,124,0,894.08,april 13- april 19,SouthEast
Stuttgart,2010,Pioneer P2023HR,252.2,103,236,120,15.830594,32.7,21.2,3149.9,383,26.9,84,56,113.8,292.1,78.2,286.5,124,0,894.08,april 13- april 19,SouthEast
Stuttgart,2010,Dyna-Gro 58V69,251.7,103,236,,15.799209,32.7,21.2,3149.9,383,26.9,84,56,113.8,292.1,78.2,286.5,124,0,894.08,april 13- april 19,SouthEast
Stuttgart,2010,REV28HR29,251.5,103,236,118,15.786655,32.7,21.2,3149.9,383,26.9,84,56,113.8,292.1,78.2,286.5,124,0,894.08,april 13- april 19,SouthEast
Stuttgart,2010,REV28HR20,248.7,103,236,118,15.610899,32.7,21.2,3149.9,383,26.9,84,56,113.8,292.1,78.2,286.5,124,0,894.08,april 13- april 19,SouthEast
Stuttgart,2010,Croplan Genetics 8505VT3Pro,247.9,103,236,,15.560683,32.7,21.2,3149.9,383,26.9,84,56,113.8,292.1,78.2,286.5,124,0,894.08,april 13- april 19,SouthEast
Stuttgart,2010,Armor 1868PRO,246.2,103,236,,15.453974,32.7,21.2,3149.9,383,26.9,84,56,113.8,292.1,78.2,286.5,124,0,894.08,april 13- april 19,SouthEast
Stuttgart,2010,DEKALB DKC68-05 (GENVT3P),243.1,103,236,,15.259387,32.7,21.2,3149.9,383,26.9,84,56,113.8,292.1,78.2,286.5,124,0,894.08,april 13- april 19,SouthEast
Stuttgart,2010,"Pioneer 31D62 (YGCB,RR2)",240.5,103,236,120,15.096185,32.7,21.2,3149.9,383,26.9,84,56,113.8,292.1,78.2,286.5,124,0,894.08,april 13- april 19,SouthEast
Stuttgart,2010,Croplan Genetics 8756VT3,232.1,103,236,,14.568917,32.7,21.2,3149.9,383,26.9,84,56,113.8,292.1,78.2,286.5,124,0,894.08,april 13- april 19,SouthEast
Stuttgart,2010,Dyna-Gro D58VP99,231.8,103,236,118,14.550086,32.7,21.2,3149.9,383,26.9,84,56,113.8,292.1,78.2,286.5,124,0,894.08,april 13- april 19,SouthEast
Stuttgart,2010,Golden Acres 27V01,230.7,103,236,,14.481039,32.7,21.2,3149.9,383,26.9,84,56,113.8,292.1,78.2,286.5,124,0,894.08,april 13- april 19,SouthEast
Stuttgart,2010,Golden Acres 28V81,229.5,103,236,,14.405715,32.7,21.2,3149.9,383,26.9,84,56,113.8,292.1,78.2,286.5,124,0,894.08,april 13- april 19,SouthEast
Stuttgart,2010,Armor BXG080GT,227,103,236,,14.24879,32.7,21.2,3149.9,383,26.9,84,56,113.8,292.1,78.2,286.5,124,0,894.08,april 13- april 19,SouthEast
Stuttgart,2010,Triumph 1802V,224.7,103,236,,14.104419,32.7,21.2,3149.9,383,26.9,84,56,113.8,292.1,78.2,286.5,124,0,894.08,april 13- april 19,SouthEast
Stuttgart,2010,BH 8895VTTP,223.1,103,236,,14.003987,32.7,21.2,3149.9,383,26.9,84,56,113.8,292.1,78.2,286.5,124,0,894.08,april 13- april 19,SouthEast
Stuttgart,2010,Dyna-Gro D57GT60,221.5,103,236,117,13.903555,32.7,21.2,3149.9,383,26.9,84,56,113.8,292.1,78.2,286.5,124,0,894.08,april 13- april 19,SouthEast
Stuttgart,2010,Delta Grow 2888,221.4,103,236,116,13.897278,32.7,21.2,3149.9,383,26.9,84,56,113.8,292.1,78.2,286.5,124,0,894.08,april 13- april 19,SouthEast
Stuttgart,2010,AgriGold A6839,209,103,236,119,13.11893,32.7,21.2,3149.9,383,26.9,84,56,113.8,292.1,78.2,286.5,124,0,894.08,april 13- april 19,SouthEast
Rohwer,2010,Dyna-Gro D55Q80,226,102,230,115,14.18602,33.2,21.4,2947.8,320,27.3,82,58,95.3,56.1,43.4,96.3,53.3,0,345.44,april 6- april 12,SouthEast
Rohwer,2010,AgriGold A6533VT3,225.7,102,230,113,14.167189,33.2,21.4,2947.8,320,27.3,82,58,95.3,56.1,43.4,96.3,53.3,0,345.44,april 6- april 12,SouthEast
Rohwer,2010,Armor 1655PRO,219.8,102,230,116,13.796846,33.2,21.4,2947.8,320,27.3,82,58,95.3,56.1,43.4,96.3,53.3,0,345.44,april 6- april 12,SouthEast
Rohwer,2010,BH X10064VTTP,215.2,102,230,,13.508104,33.2,21.4,2947.8,320,27.3,82,58,95.3,56.1,43.4,96.3,53.3,0,345.44,april 6- april 12,SouthEast
Rohwer,2010,M-Pride MP3150,214.9,102,230,,13.489273,33.2,21.4,2947.8,320,27.3,82,58,95.3,56.1,43.4,96.3,53.3,0,345.44,april 6- april 12,SouthEast
Rohwer,2010,DEKALB DKC66-96 (GENVT3P),213.5,102,230,116,13.401395,33.2,21.4,2947.8,320,27.3,82,58,95.3,56.1,43.4,96.3,53.3,0,345.44,april 6- april 12,SouthEast
Rohwer,2010,BH X9085VT3,213.2,102,230,,13.382564,33.2,21.4,2947.8,320,27.3,82,58,95.3,56.1,43.4,96.3,53.3,0,345.44,april 6- april 12,SouthEast
Rohwer,2010,M-Pride 0114X,212.9,102,230,,13.363733,33.2,21.4,2947.8,320,27.3,82,58,95.3,56.1,43.4,96.3,53.3,0,345.44,april 6- april 12,SouthEast
Rohwer,2010,Dyna-Gro V5373VT3,211.1,102,230,113,13.250747,33.2,21.4,2947.8,320,27.3,82,58,95.3,56.1,43.4,96.3,53.3,0,345.44,april 6- april 12,SouthEast
Rohwer,2010,M-Pride MP3139RR,210.3,102,230,,13.200531,33.2,21.4,2947.8,320,27.3,82,58,95.3,56.1,43.4,96.3,53.3,0,345.44,april 6- april 12,SouthEast
Rohwer,2010,AgriGold A6633VT3,209.1,102,230,113,13.125207,33.2,21.4,2947.8,320,27.3,82,58,95.3,56.1,43.4,96.3,53.3,0,345.44,april 6- april 12,SouthEast
Rohwer,2010,Croplan Genetics 6425VT3Pro,208.6,102,230,,13.093822,33.2,21.4,2947.8,320,27.3,82,58,95.3,56.1,43.4,96.3,53.3,0,345.44,april 6- april 12,SouthEast
Rohwer,2010,BH 8928VTTP,206.5,102,230,116,12.962005,33.2,21.4,2947.8,320,27.3,82,58,95.3,56.1,43.4,96.3,53.3,0,345.44,april 6- april 12,SouthEast
Rohwer,2010,Golden Acres 26V21,206,102,230,115,12.93062,33.2,21.4,2947.8,320,27.3,82,58,95.3,56.1,43.4,96.3,53.3,0,345.44,april 6- april 12,SouthEast
Rohwer,2010,Syngenta N78S-CB/LL,204.9,102,230,,12.861573,33.2,21.4,2947.8,320,27.3,82,58,95.3,56.1,43.4,96.3,53.3,0,345.44,april 6- april 12,SouthEast
Rohwer,2010,Dyna-Gro 57V40,203.4,102,230,,12.767418,33.2,21.4,2947.8,320,27.3,82,58,95.3,56.1,43.4,96.3,53.3,0,345.44,april 6- april 12,SouthEast
Rohwer,2010,Delta Grow 3788,203.4,102,230,115,12.767418,33.2,21.4,2947.8,320,27.3,82,58,95.3,56.1,43.4,96.3,53.3,0,345.44,april 6- april 12,SouthEast
Rohwer,2010,DEKALB DKC64-83 (GENVT3P),202.5,102,230,114,12.710925,33.2,21.4,2947.8,320,27.3,82,58,95.3,56.1,43.4,96.3,53.3,0,345.44,april 6- april 12,SouthEast
Rohwer,2010,Delta Grow 3688,200.2,102,230,,12.566554,33.2,21.4,2947.8,320,27.3,82,58,95.3,56.1,43.4,96.3,53.3,0,345.44,april 6- april 12,SouthEast
Rohwer,2010,Armor BXC028VT3,199,102,230,,12.49123,33.2,21.4,2947.8,320,27.3,82,58,95.3,56.1,43.4,96.3,53.3,0,345.44,april 6- april 12,SouthEast
Rohwer,2010,BH X9150G,198.4,102,230,,12.453568,33.2,21.4,2947.8,320,27.3,82,58,95.3,56.1,43.4,96.3,53.3,0,345.44,april 6- april 12,SouthEast
Rohwer,2010,"Pioneer 33D49 (HX1,LL,RR2)",198.2,102,230,115,12.441014,33.2,21.4,2947.8,320,27.3,82,58,95.3,56.1,43.4,96.3,53.3,0,345.44,april 6- april 12,SouthEast
Rohwer,2010,Armor BXT069GT,195.4,102,230,,12.265258,33.2,21.4,2947.8,320,27.3,82,58,95.3,56.1,43.4,96.3,53.3,0,345.44,april 6- april 12,SouthEast
Rohwer,2010,AgriGold A6632VT3Pro,195.3,102,230,115,12.258981,33.2,21.4,2947.8,320,27.3,82,58,95.3,56.1,43.4,96.3,53.3,0,345.44,april 6- april 12,SouthEast
Rohwer,2010,Armor 1262PRO2,194.9,102,230,,12.233873,33.2,21.4,2947.8,320,27.3,82,58,95.3,56.1,43.4,96.3,53.3,0,345.44,april 6- april 12,SouthEast
Rohwer,2010,Triumph 7514S,194.4,102,230,114,12.202488,33.2,21.4,2947.8,320,27.3,82,58,95.3,56.1,43.4,96.3,53.3,0,345.44,april 6- april 12,SouthEast
Rohwer,2010,REV26R60,193.6,102,230,116,12.152272,33.2,21.4,2947.8,320,27.3,82,58,95.3,56.1,43.4,96.3,53.3,0,345.44,april 6- april 12,SouthEast
Rohwer,2010,Armor 1161PRO,193.3,102,230,,12.133441,33.2,21.4,2947.8,320,27.3,82,58,95.3,56.1,43.4,96.3,53.3,0,345.44,april 6- april 12,SouthEast
Rohwer,2010,DEKALB DKC64-69 (GENVT3P),192.4,102,230,114,12.076948,33.2,21.4,2947.8,320,27.3,82,58,95.3,56.1,43.4,96.3,53.3,0,345.44,april 6- april 12,SouthEast
Rohwer,2010,Syngenta N68B-3000GT,192,102,230,,12.05184,33.2,21.4,2947.8,320,27.3,82,58,95.3,56.1,43.4,96.3,53.3,0,345.44,april 6- april 12,SouthEast
Rohwer,2010,Armor 0909PRO,192,102,230,,12.05184,33.2,21.4,2947.8,320,27.3,82,58,95.3,56.1,43.4,96.3,53.3,0,345.44,april 6- april 12,SouthEast
Rohwer,2010,Dyna-Gro D56VP24,191.4,102,230,116,12.014178,33.2,21.4,2947.8,320,27.3,82,58,95.3,56.1,43.4,96.3,53.3,0,345.44,april 6- april 12,SouthEast
Rohwer,2010,Pioneer P1615HR,191.4,102,230,116,12.014178,33.2,21.4,2947.8,320,27.3,82,58,95.3,56.1,43.4,96.3,53.3,0,345.44,april 6- april 12,SouthEast
Rohwer,2010,REV25R19,189.5,102,230,115,11.894915,33.2,21.4,2947.8,320,27.3,82,58,95.3,56.1,43.4,96.3,53.3,0,345.44,april 6- april 12,SouthEast
Rohwer,2010,DEKALB DKC63-84 (VT3),188.5,102,230,,11.832145,33.2,21.4,2947.8,320,27.3,82,58,95.3,56.1,43.4,96.3,53.3,0,345.44,april 6- april 12,SouthEast
Rohwer,2010,Armor 1415PRO,188.5,102,230,114,11.832145,33.2,21.4,2947.8,320,27.3,82,58,95.3,56.1,43.4,96.3,53.3,0,345.44,april 6- april 12,SouthEast
Rohwer,2010,Masters Choice MCT-812,187.3,102,230,,11.756821,33.2,21.4,2947.8,320,27.3,82,58,95.3,56.1,43.4,96.3,53.3,0,345.44,april 6- april 12,SouthEast
Rohwer,2010,AgriGold A6553VT3,186.4,102,230,113,11.700328,33.2,21.4,2947.8,320,27.3,82,58,95.3,56.1,43.4,96.3,53.3,0,345.44,april 6- april 12,SouthEast
Rohwer,2010,Dyna-Gro 57V21,186.2,102,230,,11.687774,33.2,21.4,2947.8,320,27.3,82,58,95.3,56.1,43.4,96.3,53.3,0,345.44,april 6- april 12,SouthEast
Rohwer,2010,Golden Acres 26V31,184.9,102,230,,11.606173,33.2,21.4,2947.8,320,27.3,82,58,95.3,56.1,43.4,96.3,53.3,0,345.44,april 6- april 12,SouthEast
Rohwer,2010,M-Pride MP3110GT,183,102,230,,11.48691,33.2,21.4,2947.8,320,27.3,82,58,95.3,56.1,43.4,96.3,53.3,0,345.44,april 6- april 12,SouthEast
Rohwer,2010,Pioneer P1420HR,182.7,102,230,114,11.468079,33.2,21.4,2947.8,320,27.3,82,58,95.3,56.1,43.4,96.3,53.3,0,345.44,april 6- april 12,SouthEast
Rohwer,2010,Syngenta N77P-3000GT,181.1,102,230,114,11.367647,33.2,21.4,2947.8,320,27.3,82,58,95.3,56.1,43.4,96.3,53.3,0,345.44,april 6- april 12,SouthEast
Rohwer,2010,M-Pride MP3151,180,102,230,,11.2986,33.2,21.4,2947.8,320,27.3,82,58,95.3,56.1,43.4,96.3,53.3,0,345.44,april 6- april 12,SouthEast
Rohwer,2010,Croplan Genetics 7131VT3,179.8,102,230,,11.286046,33.2,21.4,2947.8,320,27.3,82,58,95.3,56.1,43.4,96.3,53.3,0,345.44,april 6- april 12,SouthEast
Rohwer,2010,Dyna-Gro 58V72,177,102,230,,11.11029,33.2,21.4,2947.8,320,27.3,82,58,95.3,56.1,43.4,96.3,53.3,0,345.44,april 6- april 12,SouthEast
Rohwer,2010,Syngenta N72K-GT/CB/LL,176.7,102,230,113,11.091459,33.2,21.4,2947.8,320,27.3,82,58,95.3,56.1,43.4,96.3,53.3,0,345.44,april 6- april 12,SouthEast
Rohwer,2010,Syngenta N78N-3000GT,176.6,102,230,,11.085182,33.2,21.4,2947.8,320,27.3,82,58,95.3,56.1,43.4,96.3,53.3,0,345.44,april 6- april 12,SouthEast
Rohwer,2010,REV25HR49,174.7,102,230,115,10.965919,33.2,21.4,2947.8,320,27.3,82,58,95.3,56.1,43.4,96.3,53.3,0,345.44,april 6- april 12,SouthEast
Rohwer,2010,DEKALB DKC65-63 (VT3),174.1,102,230,,10.928257,33.2,21.4,2947.8,320,27.3,82,58,95.3,56.1,43.4,96.3,53.3,0,345.44,april 6- april 12,SouthEast
Rohwer,2010,REV25R29,173.1,102,230,115,10.865487,33.2,21.4,2947.8,320,27.3,82,58,95.3,56.1,43.4,96.3,53.3,0,345.44,april 6- april 12,SouthEast
Rohwer,2010,Pioneer P1184HR,172.8,102,230,111,10.846656,33.2,21.4,2947.8,320,27.3,82,58,95.3,56.1,43.4,96.3,53.3,0,345.44,april 6- april 12,SouthEast
Rohwer,2010,AgriGold A6489VT3,172.1,102,230,112,10.802717,33.2,21.4,2947.8,320,27.3,82,58,95.3,56.1,43.4,96.3,53.3,0,345.44,april 6- april 12,SouthEast
Rohwer,2010,M-Pride MP3194VT3,171.6,102,230,,10.771332,33.2,21.4,2947.8,320,27.3,82,58,95.3,56.1,43.4,96.3,53.3,0,345.44,april 6- april 12,SouthEast
Rohwer,2010,REV25HR39,170.9,102,230,115,10.727393,33.2,21.4,2947.8,320,27.3,82,58,95.3,56.1,43.4,96.3,53.3,0,345.44,april 6- april 12,SouthEast
Rohwer,2010,Armor 1539PRO,170,102,230,115,10.6709,33.2,21.4,2947.8,320,27.3,82,58,95.3,56.1,43.4,96.3,53.3,0,345.44,april 6- april 12,SouthEast
Rohwer,2010,Armor 1363PRO,169.1,102,230,,10.614407,33.2,21.4,2947.8,320,27.3,82,58,95.3,56.1,43.4,96.3,53.3,0,345.44,april 6- april 12,SouthEast
Rohwer,2010,Armor 1511C,168.8,102,230,,10.595576,33.2,21.4,2947.8,320,27.3,82,58,95.3,56.1,43.4,96.3,53.3,0,345.44,april 6- april 12,SouthEast
Rohwer,2010,Croplan Genetics 6286VT3Pro,168.2,102,230,,10.557914,33.2,21.4,2947.8,320,27.3,82,58,95.3,56.1,43.4,96.3,53.3,0,345.44,april 6- april 12,SouthEast
Rohwer,2010,Croplan Genetics 6725VT3Pro,165.3,102,230,,10.375881,33.2,21.4,2947.8,320,27.3,82,58,95.3,56.1,43.4,96.3,53.3,0,345.44,april 6- april 12,SouthEast
Rohwer,2010,"Pioneer 32D79 (HX1,LL,RR2)",164.8,102,230,116,10.344496,33.2,21.4,2947.8,320,27.3,82,58,95.3,56.1,43.4,96.3,53.3,0,345.44,april 6- april 12,SouthEast
Rohwer,2010,Dyna-Gro 57V59,164.3,102,230,114,10.313111,33.2,21.4,2947.8,320,27.3,82,58,95.3,56.1,43.4,96.3,53.3,0,345.44,april 6- april 12,SouthEast
Rohwer,2010,REV26HR50,161.9,102,230,116,10.162463,33.2,21.4,2947.8,320,27.3,82,58,95.3,56.1,43.4,96.3,53.3,0,345.44,april 6- april 12,SouthEast
Rohwer,2010,Delta Grow 2827,160.6,102,230,,10.080862,33.2,21.4,2947.8,320,27.3,82,58,95.3,56.1,43.4,96.3,53.3,0,345.44,april 6- april 12,SouthEast
Rohwer,2010,Armor 1545PRO,155.3,102,230,,9.748181,33.2,21.4,2947.8,320,27.3,82,58,95.3,56.1,43.4,96.3,53.3,0,345.44,april 6- april 12,SouthEast
Rohwer,2010,AgriGold A6479VT3,155,102,230,,9.72935,33.2,21.4,2947.8,320,27.3,82,58,95.3,56.1,43.4,96.3,53.3,0,345.44,april 6- april 12,SouthEast
Rohwer,2010,DEKALB DKC61-05 (GENVT3P),154.7,102,230,,9.710519,33.2,21.4,2947.8,320,27.3,82,58,95.3,56.1,43.4,96.3,53.3,0,345.44,april 6- april 12,SouthEast
Rohwer,2010,Spirit Hybrids SP114-1GT3,154.3,102,230,,9.685411,33.2,21.4,2947.8,320,27.3,82,58,95.3,56.1,43.4,96.3,53.3,0,345.44,april 6- april 12,SouthEast
Rohwer,2010,Armor BXC306PRO,146.4,102,230,,9.189528,33.2,21.4,2947.8,320,27.3,82,58,95.3,56.1,43.4,96.3,53.3,0,345.44,april 6- april 12,SouthEast
Rohwer,2010,Armor 1457VT3,137.2,102,230,,8.612044,33.2,21.4,2947.8,320,27.3,82,58,95.3,56.1,43.4,96.3,53.3,0,345.44,april 6- april 12,SouthEast
Rohwer,2010,REV26HR70,124.3,102,230,116,7.802311,33.2,21.4,2947.8,320,27.3,82,58,95.3,56.1,43.4,96.3,53.3,0,345.44,april 6- april 12,SouthEast
Rohwer,2010,Croplan Genetics 8756VT3,217.4,102,231,,13.646198,33.2,21.4,2947.8,320,27.3,82,58,95.3,56.1,43.4,96.3,53.3,0,345.44,april 6- april 12,SouthEast
Rohwer,2010,Triumph 1802V,211.8,102,231,,13.294686,33.2,21.4,2947.8,320,27.3,82,58,95.3,56.1,43.4,96.3,53.3,0,345.44,april 6- april 12,SouthEast
Rohwer,2010,DEKALB DKC68-05 (GENVT3P),208.6,102,231,,13.093822,33.2,21.4,2947.8,320,27.3,82,58,95.3,56.1,43.4,96.3,53.3,0,345.44,april 6- april 12,SouthEast
Rohwer,2010,Golden Acres 28V81,207,102,231,,12.99339,33.2,21.4,2947.8,320,27.3,82,58,95.3,56.1,43.4,96.3,53.3,0,345.44,april 6- april 12,SouthEast
Rohwer,2010,Croplan Genetics 8505VT3Pro,203.5,102,231,,12.773695,33.2,21.4,2947.8,320,27.3,82,58,95.3,56.1,43.4,96.3,53.3,0,345.44,april 6- april 12,SouthEast
Rohwer,2010,"Pioneer 31D62 (YGCB,RR2)",201.1,102,231,120,12.623047,33.2,21.4,2947.8,320,27.3,82,58,95.3,56.1,43.4,96.3,53.3,0,345.44,april 6- april 12,SouthEast
Rohwer,2010,Golden Acres 27V01,199.6,102,231,,12.528892,33.2,21.4,2947.8,320,27.3,82,58,95.3,56.1,43.4,96.3,53.3,0,345.44,april 6- april 12,SouthEast
Rohwer,2010,REV28R30,195.5,102,231,118,12.271535,33.2,21.4,2947.8,320,27.3,82,58,95.3,56.1,43.4,96.3,53.3,0,345.44,april 6- april 12,SouthEast
Rohwer,2010,Pioneer P1745HR,195.1,102,231,117,12.246427,33.2,21.4,2947.8,320,27.3,82,58,95.3,56.1,43.4,96.3,53.3,0,345.44,april 6- april 12,SouthEast
Rohwer,2010,Armor 1868PRO,194.4,102,231,,12.202488,33.2,21.4,2947.8,320,27.3,82,58,95.3,56.1,43.4,96.3,53.3,0,345.44,april 6- april 12,SouthEast
Rohwer,2010,REV28HR20,193.3,102,231,118,12.133441,33.2,21.4,2947.8,320,27.3,82,58,95.3,56.1,43.4,96.3,53.3,0,345.44,april 6- april 12,SouthEast
Rohwer,2010,Pioneer P2023HR,191.7,102,231,120,12.033009,33.2,21.4,2947.8,320,27.3,82,58,95.3,56.1,43.4,96.3,53.3,0,345.44,april 6- april 12,SouthEast
Rohwer,2010,DEKALB DKC67-88 (GENVT3P),187.1,102,231,117,11.744267,33.2,21.4,2947.8,320,27.3,82,58,95.3,56.1,43.4,96.3,53.3,0,345.44,april 6- april 12,SouthEast
Rohwer,2010,Dyna-Gro D58VP99,185.7,102,231,118,11.656389,33.2,21.4,2947.8,320,27.3,82,58,95.3,56.1,43.4,96.3,53.3,0,345.44,april 6- april 12,SouthEast
Rohwer,2010,REV28HR30,185.4,102,231,118,11.637558,33.2,21.4,2947.8,320,27.3,82,58,95.3,56.1,43.4,96.3,53.3,0,345.44,april 6- april 12,SouthEast
Rohwer,2010,AgriGold A6839,183.9,102,231,119,11.543403,33.2,21.4,2947.8,320,27.3,82,58,95.3,56.1,43.4,96.3,53.3,0,345.44,april 6- april 12,SouthEast
Rohwer,2010,Dyna-Gro 58V69,182.8,102,231,,11.474356,33.2,21.4,2947.8,320,27.3,82,58,95.3,56.1,43.4,96.3,53.3,0,345.44,april 6- april 12,SouthEast
Rohwer,2010,Delta Grow 2888,181.8,102,231,116,11.411586,33.2,21.4,2947.8,320,27.3,82,58,95.3,56.1,43.4,96.3,53.3,0,345.44,april 6- april 12,SouthEast
Rohwer,2010,REV28R10,179.5,102,231,118,11.267215,33.2,21.4,2947.8,320,27.3,82,58,95.3,56.1,43.4,96.3,53.3,0,345.44,april 6- april 12,SouthEast
Rohwer,2010,Armor BXG080GT,178.1,102,231,,11.179337,33.2,21.4,2947.8,320,27.3,82,58,95.3,56.1,43.4,96.3,53.3,0,345.44,april 6- april 12,SouthEast
Rohwer,2010,Dyna-Gro D57GT60,176.5,102,231,117,11.078905,33.2,21.4,2947.8,320,27.3,82,58,95.3,56.1,43.4,96.3,53.3,0,345.44,april 6- april 12,SouthEast
Rohwer,2010,BH 8895VTTP,173.6,102,231,,10.896872,33.2,21.4,2947.8,320,27.3,82,58,95.3,56.1,43.4,96.3,53.3,0,345.44,april 6- april 12,SouthEast
Rohwer,2010,REV28HR29,158.3,102,231,118,9.936491,33.2,21.4,2947.8,320,27.3,82,58,95.3,56.1,43.4,96.3,53.3,0,345.44,april 6- april 12,SouthEast
Bellfarm,2010,DEKALB DKC66-96 (GENVT3P),235.1,102,235,116,14.757227,31.10156716,20.58828358,3154.83,441.44,25.84492537,67,29,162.6,19.1,76.2,20.3,0,0,279.4,april 6- april 12,CenterEast
Bellfarm,2010,M-Pride MP3139RR,231.1,102,235,,14.506147,31.10156716,20.58828358,3154.83,441.44,25.84492537,67,29,162.6,19.1,76.2,20.3,0,0,279.4,april 6- april 12,CenterEast
Bellfarm,2010,REV26HR50,218.8,102,235,116,13.734076,31.10156716,20.58828358,3154.83,441.44,25.84492537,67,29,162.6,19.1,76.2,20.3,0,0,279.4,april 6- april 12,CenterEast
Bellfarm,2010,Golden Acres 26V31,218.1,102,235,,13.690137,31.10156716,20.58828358,3154.83,441.44,25.84492537,67,29,162.6,19.1,76.2,20.3,0,0,279.4,april 6- april 12,CenterEast
Bellfarm,2010,Dyna-Gro 58V72,217.8,102,235,,13.671306,31.10156716,20.58828358,3154.83,441.44,25.84492537,67,29,162.6,19.1,76.2,20.3,0,0,279.4,april 6- april 12,CenterEast
Bellfarm,2010,Delta Grow 2827,216.5,102,235,,13.589705,31.10156716,20.58828358,3154.83,441.44,25.84492537,67,29,162.6,19.1,76.2,20.3,0,0,279.4,april 6- april 12,CenterEast
Bellfarm,2010,Armor 1655PRO,216.4,102,235,116,13.583428,31.10156716,20.58828358,3154.83,441.44,25.84492537,67,29,162.6,19.1,76.2,20.3,0,0,279.4,april 6- april 12,CenterEast
Bellfarm,2010,BH 8928VTTP,212.2,102,235,116,13.319794,31.10156716,20.58828358,3154.83,441.44,25.84492537,67,29,162.6,19.1,76.2,20.3,0,0,279.4,april 6- april 12,CenterEast
Bellfarm,2010,Masters Choice MCT-812,209.5,102,235,,13.150315,31.10156716,20.58828358,3154.83,441.44,25.84492537,67,29,162.6,19.1,76.2,20.3,0,0,279.4,april 6- april 12,CenterEast
Bellfarm,2010,REV25HR39,209.1,102,235,115,13.125207,31.10156716,20.58828358,3154.83,441.44,25.84492537,67,29,162.6,19.1,76.2,20.3,0,0,279.4,april 6- april 12,CenterEast
Bellfarm,2010,DEKALB DKC63-84 (VT3),208.5,102,235,,13.087545,31.10156716,20.58828358,3154.83,441.44,25.84492537,67,29,162.6,19.1,76.2,20.3,0,0,279.4,april 6- april 12,CenterEast
Bellfarm,2010,REV26R60,207.8,102,235,116,13.043606,31.10156716,20.58828358,3154.83,441.44,25.84492537,67,29,162.6,19.1,76.2,20.3,0,0,279.4,april 6- april 12,CenterEast
Bellfarm,2010,Pioneer P1420HR,207.1,102,235,114,12.999667,31.10156716,20.58828358,3154.83,441.44,25.84492537,67,29,162.6,19.1,76.2,20.3,0,0,279.4,april 6- april 12,CenterEast
Bellfarm,2010,M-Pride MP3110GT,206.3,102,235,,12.949451,31.10156716,20.58828358,3154.83,441.44,25.84492537,67,29,162.6,19.1,76.2,20.3,0,0,279.4,april 6- april 12,CenterEast
Bellfarm,2010,"Pioneer 32D79 (HX1,LL,RR2)",205,102,235,116,12.86785,31.10156716,20.58828358,3154.83,441.44,25.84492537,67,29,162.6,19.1,76.2,20.3,0,0,279.4,april 6- april 12,CenterEast
Bellfarm,2010,Dyna-Gro 57V21,204.8,102,235,,12.855296,31.10156716,20.58828358,3154.83,441.44,25.84492537,67,29,162.6,19.1,76.2,20.3,0,0,279.4,april 6- april 12,CenterEast
Bellfarm,2010,Armor 1161PRO,204.8,102,235,,12.855296,31.10156716,20.58828358,3154.83,441.44,25.84492537,67,29,162.6,19.1,76.2,20.3,0,0,279.4,april 6- april 12,CenterEast
Bellfarm,2010,REV25R19,204.4,102,235,115,12.830188,31.10156716,20.58828358,3154.83,441.44,25.84492537,67,29,162.6,19.1,76.2,20.3,0,0,279.4,april 6- april 12,CenterEast
Bellfarm,2010,BH X10064VTTP,203.6,102,235,,12.779972,31.10156716,20.58828358,3154.83,441.44,25.84492537,67,29,162.6,19.1,76.2,20.3,0,0,279.4,april 6- april 12,CenterEast
Bellfarm,2010,Croplan Genetics 6286VT3Pro,203.1,102,235,,12.748587,31.10156716,20.58828358,3154.83,441.44,25.84492537,67,29,162.6,19.1,76.2,20.3,0,0,279.4,april 6- april 12,CenterEast
Bellfarm,2010,Dyna-Gro 57V40,202.2,102,235,,12.692094,31.10156716,20.58828358,3154.83,441.44,25.84492537,67,29,162.6,19.1,76.2,20.3,0,0,279.4,april 6- april 12,CenterEast
Bellfarm,2010,AgriGold A6533VT3,200.4,102,235,113,12.579108,31.10156716,20.58828358,3154.83,441.44,25.84492537,67,29,162.6,19.1,76.2,20.3,0,0,279.4,april 6- april 12,CenterEast
Bellfarm,2010,Croplan Genetics 6425VT3Pro,200.2,102,235,,12.566554,31.10156716,20.58828358,3154.83,441.44,25.84492537,67,29,162.6,19.1,76.2,20.3,0,0,279.4,april 6- april 12,CenterEast
Bellfarm,2010,Armor 1262PRO2,199.8,102,235,,12.541446,31.10156716,20.58828358,3154.83,441.44,25.84492537,67,29,162.6,19.1,76.2,20.3,0,0,279.4,april 6- april 12,CenterEast
Bellfarm,2010,Armor BXT069GT,199.4,102,235,,12.516338,31.10156716,20.58828358,3154.83,441.44,25.84492537,67,29,162.6,19.1,76.2,20.3,0,0,279.4,april 6- april 12,CenterEast
Bellfarm,2010,Pioneer P1184HR,199.3,102,235,111,12.510061,31.10156716,20.58828358,3154.83,441.44,25.84492537,67,29,162.6,19.1,76.2,20.3,0,0,279.4,april 6- april 12,CenterEast
Bellfarm,2010,AgriGold A6553VT3,198.9,102,235,113,12.484953,31.10156716,20.58828358,3154.83,441.44,25.84492537,67,29,162.6,19.1,76.2,20.3,0,0,279.4,april 6- april 12,CenterEast
Bellfarm,2010,Armor 1511C,197,102,235,,12.36569,31.10156716,20.58828358,3154.83,441.44,25.84492537,67,29,162.6,19.1,76.2,20.3,0,0,279.4,april 6- april 12,CenterEast
Bellfarm,2010,"Pioneer 33D49 (HX1,LL,RR2)",196.2,102,235,115,12.315474,31.10156716,20.58828358,3154.83,441.44,25.84492537,67,29,162.6,19.1,76.2,20.3,0,0,279.4,april 6- april 12,CenterEast
Bellfarm,2010,AgriGold A6489VT3,195.7,102,235,112,12.284089,31.10156716,20.58828358,3154.83,441.44,25.84492537,67,29,162.6,19.1,76.2,20.3,0,0,279.4,april 6- april 12,CenterEast
Bellfarm,2010,Armor 1539PRO,195.2,102,235,115,12.252704,31.10156716,20.58828358,3154.83,441.44,25.84492537,67,29,162.6,19.1,76.2,20.3,0,0,279.4,april 6- april 12,CenterEast
Bellfarm,2010,Dyna-Gro 57V59,194.9,102,235,114,12.233873,31.10156716,20.58828358,3154.83,441.44,25.84492537,67,29,162.6,19.1,76.2,20.3,0,0,279.4,april 6- april 12,CenterEast
Bellfarm,2010,Armor BXC028VT3,194.8,102,235,,12.227596,31.10156716,20.58828358,3154.83,441.44,25.84492537,67,29,162.6,19.1,76.2,20.3,0,0,279.4,april 6- april 12,CenterEast
Bellfarm,2010,Armor 1415PRO,194.4,102,235,114,12.202488,31.10156716,20.58828358,3154.83,441.44,25.84492537,67,29,162.6,19.1,76.2,20.3,0,0,279.4,april 6- april 12,CenterEast
Bellfarm,2010,Pioneer P1615HR,193.4,102,235,116,12.139718,31.10156716,20.58828358,3154.83,441.44,25.84492537,67,29,162.6,19.1,76.2,20.3,0,0,279.4,april 6- april 12,CenterEast
Bellfarm,2010,REV26HR70,193.3,102,235,116,12.133441,31.10156716,20.58828358,3154.83,441.44,25.84492537,67,29,162.6,19.1,76.2,20.3,0,0,279.4,april 6- april 12,CenterEast
Bellfarm,2010,AgriGold A6633VT3,192.9,102,235,113,12.108333,31.10156716,20.58828358,3154.83,441.44,25.84492537,67,29,162.6,19.1,76.2,20.3,0,0,279.4,april 6- april 12,CenterEast
Bellfarm,2010,Syngenta N78S-CB/LL,192.5,102,235,,12.083225,31.10156716,20.58828358,3154.83,441.44,25.84492537,67,29,162.6,19.1,76.2,20.3,0,0,279.4,april 6- april 12,CenterEast
Bellfarm,2010,M-Pride 0114X,192.3,102,235,,12.070671,31.10156716,20.58828358,3154.83,441.44,25.84492537,67,29,162.6,19.1,76.2,20.3,0,0,279.4,april 6- april 12,CenterEast
Bellfarm,2010,Armor BXC306PRO,190.9,102,235,,11.982793,31.10156716,20.58828358,3154.83,441.44,25.84492537,67,29,162.6,19.1,76.2,20.3,0,0,279.4,april 6- april 12,CenterEast
Bellfarm,2010,DEKALB DKC64-83 (GENVT3P),190.1,102,235,114,11.932577,31.10156716,20.58828358,3154.83,441.44,25.84492537,67,29,162.6,19.1,76.2,20.3,0,0,279.4,april 6- april 12,CenterEast
Bellfarm,2010,Croplan Genetics 7131VT3,190,102,235,,11.9263,31.10156716,20.58828358,3154.83,441.44,25.84492537,67,29,162.6,19.1,76.2,20.3,0,0,279.4,april 6- april 12,CenterEast
Bellfarm,2010,M-Pride MP3151,189.4,102,235,,11.888638,31.10156716,20.58828358,3154.83,441.44,25.84492537,67,29,162.6,19.1,76.2,20.3,0,0,279.4,april 6- april 12,CenterEast
Bellfarm,2010,Delta Grow 3688,188.7,102,235,,11.844699,31.10156716,20.58828358,3154.83,441.44,25.84492537,67,29,162.6,19.1,76.2,20.3,0,0,279.4,april 6- april 12,CenterEast
Bellfarm,2010,Armor 1363PRO,188.2,102,235,,11.813314,31.10156716,20.58828358,3154.83,441.44,25.84492537,67,29,162.6,19.1,76.2,20.3,0,0,279.4,april 6- april 12,CenterEast
Bellfarm,2010,DEKALB DKC64-69 (GENVT3P),188.1,102,235,114,11.807037,31.10156716,20.58828358,3154.83,441.44,25.84492537,67,29,162.6,19.1,76.2,20.3,0,0,279.4,april 6- april 12,CenterEast
Bellfarm,2010,Armor 0909PRO,187.6,102,235,,11.775652,31.10156716,20.58828358,3154.83,441.44,25.84492537,67,29,162.6,19.1,76.2,20.3,0,0,279.4,april 6- april 12,CenterEast
Bellfarm,2010,Syngenta N77P-3000GT,187.1,102,235,114,11.744267,31.10156716,20.58828358,3154.83,441.44,25.84492537,67,29,162.6,19.1,76.2,20.3,0,0,279.4,april 6- april 12,CenterEast
Bellfarm,2010,REV25HR49,186.6,102,235,115,11.712882,31.10156716,20.58828358,3154.83,441.44,25.84492537,67,29,162.6,19.1,76.2,20.3,0,0,279.4,april 6- april 12,CenterEast
Bellfarm,2010,AgriGold A6479VT3,186.5,102,235,,11.706605,31.10156716,20.58828358,3154.83,441.44,25.84492537,67,29,162.6,19.1,76.2,20.3,0,0,279.4,april 6- april 12,CenterEast
Bellfarm,2010,Croplan Genetics 6725VT3Pro,186.2,102,235,,11.687774,31.10156716,20.58828358,3154.83,441.44,25.84492537,67,29,162.6,19.1,76.2,20.3,0,0,279.4,april 6- april 12,CenterEast
Bellfarm,2010,Syngenta N72K-GT/CB/LL,186.1,102,235,113,11.681497,31.10156716,20.58828358,3154.83,441.44,25.84492537,67,29,162.6,19.1,76.2,20.3,0,0,279.4,april 6- april 12,CenterEast
Bellfarm,2010,REV25R29,185.4,102,235,115,11.637558,31.10156716,20.58828358,3154.83,441.44,25.84492537,67,29,162.6,19.1,76.2,20.3,0,0,279.4,april 6- april 12,CenterEast
Bellfarm,2010,Syngenta N68B-3000GT,185.2,102,235,,11.625004,31.10156716,20.58828358,3154.83,441.44,25.84492537,67,29,162.6,19.1,76.2,20.3,0,0,279.4,april 6- april 12,CenterEast
Bellfarm,2010,BH X9150G,184.5,102,235,,11.581065,31.10156716,20.58828358,3154.83,441.44,25.84492537,67,29,162.6,19.1,76.2,20.3,0,0,279.4,april 6- april 12,CenterEast
Bellfarm,2010,AgriGold A6632VT3Pro,183.7,102,235,115,11.530849,31.10156716,20.58828358,3154.83,441.44,25.84492537,67,29,162.6,19.1,76.2,20.3,0,0,279.4,april 6- april 12,CenterEast
Bellfarm,2010,BH X9085VT3,183.5,102,235,,11.518295,31.10156716,20.58828358,3154.83,441.44,25.84492537,67,29,162.6,19.1,76.2,20.3,0,0,279.4,april 6- april 12,CenterEast
Bellfarm,2010,DEKALB DKC61-05 (GENVT3P),183.2,102,235,,11.499464,31.10156716,20.58828358,3154.83,441.44,25.84492537,67,29,162.6,19.1,76.2,20.3,0,0,279.4,april 6- april 12,CenterEast
Bellfarm,2010,Dyna-Gro V5373VT3,182.9,102,235,113,11.480633,31.10156716,20.58828358,3154.83,441.44,25.84492537,67,29,162.6,19.1,76.2,20.3,0,0,279.4,april 6- april 12,CenterEast
Bellfarm,2010,Armor 1457VT3,182.4,102,235,,11.449248,31.10156716,20.58828358,3154.83,441.44,25.84492537,67,29,162.6,19.1,76.2,20.3,0,0,279.4,april 6- april 12,CenterEast
Bellfarm,2010,Spirit Hybrids SP114-1GT3,181.8,102,235,,11.411586,31.10156716,20.58828358,3154.83,441.44,25.84492537,67,29,162.6,19.1,76.2,20.3,0,0,279.4,april 6- april 12,CenterEast
Bellfarm,2010,Dyna-Gro D56VP24,181.3,102,235,116,11.380201,31.10156716,20.58828358,3154.83,441.44,25.84492537,67,29,162.6,19.1,76.2,20.3,0,0,279.4,april 6- april 12,CenterEast
Bellfarm,2010,Syngenta N78N-3000GT,180.4,102,235,,11.323708,31.10156716,20.58828358,3154.83,441.44,25.84492537,67,29,162.6,19.1,76.2,20.3,0,0,279.4,april 6- april 12,CenterEast
Bellfarm,2010,DEKALB DKC65-63 (VT3),177.1,102,235,,11.116567,31.10156716,20.58828358,3154.83,441.44,25.84492537,67,29,162.6,19.1,76.2,20.3,0,0,279.4,april 6- april 12,CenterEast
Bellfarm,2010,Golden Acres 26V21,174.4,102,235,115,10.947088,31.10156716,20.58828358,3154.83,441.44,25.84492537,67,29,162.6,19.1,76.2,20.3,0,0,279.4,april 6- april 12,CenterEast
Bellfarm,2010,Triumph 7514S,171.1,102,235,114,10.739947,31.10156716,20.58828358,3154.83,441.44,25.84492537,67,29,162.6,19.1,76.2,20.3,0,0,279.4,april 6- april 12,CenterEast
Bellfarm,2010,M-Pride MP3194VT3,169.4,102,235,,10.633238,31.10156716,20.58828358,3154.83,441.44,25.84492537,67,29,162.6,19.1,76.2,20.3,0,0,279.4,april 6- april 12,CenterEast
Bellfarm,2010,Armor 1545PRO,168,102,235,,10.54536,31.10156716,20.58828358,3154.83,441.44,25.84492537,67,29,162.6,19.1,76.2,20.3,0,0,279.4,april 6- april 12,CenterEast
Bellfarm,2010,Dyna-Gro D55Q80,165,102,235,115,10.35705,31.10156716,20.58828358,3154.83,441.44,25.84492537,67,29,162.6,19.1,76.2,20.3,0,0,279.4,april 6- april 12,CenterEast
Bellfarm,2010,M-Pride MP3150,162.8,102,235,,10.218956,31.10156716,20.58828358,3154.83,441.44,25.84492537,67,29,162.6,19.1,76.2,20.3,0,0,279.4,april 6- april 12,CenterEast
Bellfarm,2010,Delta Grow 3788,158.6,102,235,115,9.955322,31.10156716,20.58828358,3154.83,441.44,25.84492537,67,29,162.6,19.1,76.2,20.3,0,0,279.4,april 6- april 12,CenterEast
Bellfarm,2010,Golden Acres 28V81,223.2,102,235,,14.010264,31.10156716,20.58828358,3154.83,441.44,25.84492537,67,29,162.6,19.1,76.2,20.3,0,0,279.4,april 6- april 12,CenterEast
Bellfarm,2010,REV28R30,219.7,102,235,118,13.790569,31.10156716,20.58828358,3154.83,441.44,25.84492537,67,29,162.6,19.1,76.2,20.3,0,0,279.4,april 6- april 12,CenterEast
Bellfarm,2010,DEKALB DKC67-88 (GENVT3P),218,102,235,117,13.68386,31.10156716,20.58828358,3154.83,441.44,25.84492537,67,29,162.6,19.1,76.2,20.3,0,0,279.4,april 6- april 12,CenterEast
Bellfarm,2010,REV28R10,213.2,102,235,118,13.382564,31.10156716,20.58828358,3154.83,441.44,25.84492537,67,29,162.6,19.1,76.2,20.3,0,0,279.4,april 6- april 12,CenterEast
Bellfarm,2010,REV28HR29,212.2,102,235,118,13.319794,31.10156716,20.58828358,3154.83,441.44,25.84492537,67,29,162.6,19.1,76.2,20.3,0,0,279.4,april 6- april 12,CenterEast
Bellfarm,2010,REV28HR20,211.6,102,235,118,13.282132,31.10156716,20.58828358,3154.83,441.44,25.84492537,67,29,162.6,19.1,76.2,20.3,0,0,279.4,april 6- april 12,CenterEast
Bellfarm,2010,REV28HR30,211.4,102,235,118,13.269578,31.10156716,20.58828358,3154.83,441.44,25.84492537,67,29,162.6,19.1,76.2,20.3,0,0,279.4,april 6- april 12,CenterEast
Bellfarm,2010,Croplan Genetics 8505VT3Pro,210.1,102,235,,13.187977,31.10156716,20.58828358,3154.83,441.44,25.84492537,67,29,162.6,19.1,76.2,20.3,0,0,279.4,april 6- april 12,CenterEast
Bellfarm,2010,Pioneer P1745HR,209.5,102,235,117,13.150315,31.10156716,20.58828358,3154.83,441.44,25.84492537,67,29,162.6,19.1,76.2,20.3,0,0,279.4,april 6- april 12,CenterEast
Bellfarm,2010,"Pioneer 31D62 (YGCB,RR2)",209.4,102,235,120,13.144038,31.10156716,20.58828358,3154.83,441.44,25.84492537,67,29,162.6,19.1,76.2,20.3,0,0,279.4,april 6- april 12,CenterEast
Bellfarm,2010,AgriGold A6839,200.9,102,235,119,12.610493,31.10156716,20.58828358,3154.83,441.44,25.84492537,67,29,162.6,19.1,76.2,20.3,0,0,279.4,april 6- april 12,CenterEast
Bellfarm,2010,Dyna-Gro D57GT60,200,102,235,117,12.554,31.10156716,20.58828358,3154.83,441.44,25.84492537,67,29,162.6,19.1,76.2,20.3,0,0,279.4,april 6- april 12,CenterEast
Bellfarm,2010,Dyna-Gro D58VP99,198,102,235,118,12.42846,31.10156716,20.58828358,3154.83,441.44,25.84492537,67,29,162.6,19.1,76.2,20.3,0,0,279.4,april 6- april 12,CenterEast
Bellfarm,2010,Pioneer P2023HR,195.5,102,235,120,12.271535,31.10156716,20.58828358,3154.83,441.44,25.84492537,67,29,162.6,19.1,76.2,20.3,0,0,279.4,april 6- april 12,CenterEast
Bellfarm,2010,DEKALB DKC68-05 (GENVT3P),192.9,102,235,,12.108333,31.10156716,20.58828358,3154.83,441.44,25.84492537,67,29,162.6,19.1,76.2,20.3,0,0,279.4,april 6- april 12,CenterEast
Bellfarm,2010,Dyna-Gro 58V69,188.4,102,235,,11.825868,31.10156716,20.58828358,3154.83,441.44,25.84492537,67,29,162.6,19.1,76.2,20.3,0,0,279.4,april 6- april 12,CenterEast
Bellfarm,2010,Armor BXG080GT,183.9,102,235,,11.543403,31.10156716,20.58828358,3154.83,441.44,25.84492537,67,29,162.6,19.1,76.2,20.3,0,0,279.4,april 6- april 12,CenterEast
Bellfarm,2010,Armor 1868PRO,179.8,102,235,,11.286046,31.10156716,20.58828358,3154.83,441.44,25.84492537,67,29,162.6,19.1,76.2,20.3,0,0,279.4,april 6- april 12,CenterEast
Bellfarm,2010,Triumph 1802V,176.9,102,235,,11.104013,31.10156716,20.58828358,3154.83,441.44,25.84492537,67,29,162.6,19.1,76.2,20.3,0,0,279.4,april 6- april 12,CenterEast
Bellfarm,2010,Delta Grow 2888,174.1,102,235,116,10.928257,31.10156716,20.58828358,3154.83,441.44,25.84492537,67,29,162.6,19.1,76.2,20.3,0,0,279.4,april 6- april 12,CenterEast
Bellfarm,2010,Golden Acres 27V01,170.9,102,235,,10.727393,31.10156716,20.58828358,3154.83,441.44,25.84492537,67,29,162.6,19.1,76.2,20.3,0,0,279.4,april 6- april 12,CenterEast
Bellfarm,2010,Croplan Genetics 8756VT3,169,102,235,,10.60813,31.10156716,20.58828358,3154.83,441.44,25.84492537,67,29,162.6,19.1,76.2,20.3,0,0,279.4,april 6- april 12,CenterEast
Bellfarm,2010,BH 8895VTTP,153.9,102,235,,9.660303,31.10156716,20.58828358,3154.83,441.44,25.84492537,67,29,162.6,19.1,76.2,20.3,0,0,279.4,april 6- april 12,CenterEast
Keiser,2011,Armor 1655PRO(V),230.8,130,270,116,14.487316,31.74950355,20.42695035,3085.56,362.15,26.08822695,78,30,288,295.4,90.2,85.3,31.5,0,789.94,may 11- may 17,NorthEast
Keiser,2011,Dyna-Gro D54VP81,228.6,130,270,114,14.349222,31.74950355,20.42695035,3085.56,362.15,26.08822695,78,30,288,295.4,90.2,85.3,31.5,0,789.94,may 11- may 17,NorthEast
Keiser,2011,Merschman M-1015B-15,227.3,130,270,115,14.267621,31.74950355,20.42695035,3085.56,362.15,26.08822695,78,30,288,295.4,90.2,85.3,31.5,0,789.94,may 11- may 17,NorthEast
Keiser,2011,Delta Grow 2988 GTBt11,226.5,130,270,116,14.217405,31.74950355,20.42695035,3085.56,362.15,26.08822695,78,30,288,295.4,90.2,85.3,31.5,0,789.94,may 11- may 17,NorthEast
Keiser,2011,Golden Acres GA 26V31,225.8,130,270,115,14.173466,31.74950355,20.42695035,3085.56,362.15,26.08822695,78,30,288,295.4,90.2,85.3,31.5,0,789.94,may 11- may 17,NorthEast
Keiser,2011,M-Pride 3152 VT3Pro,225,130,270,115,14.12325,31.74950355,20.42695035,3085.56,362.15,26.08822695,78,30,288,295.4,90.2,85.3,31.5,0,789.94,may 11- may 17,NorthEast
Keiser,2011,DEKALB DKC65-19,221.8,130,270,115,13.922386,31.74950355,20.42695035,3085.56,362.15,26.08822695,78,30,288,295.4,90.2,85.3,31.5,0,789.94,may 11- may 17,NorthEast
Keiser,2011,DEKALB DKC61-88,219.3,130,270,111,13.765461,31.74950355,20.42695035,3085.56,362.15,26.08822695,78,30,288,295.4,90.2,85.3,31.5,0,789.94,may 11- may 17,NorthEast
Keiser,2011,BH 8928VTTP,216.9,130,270,116,13.614813,31.74950355,20.42695035,3085.56,362.15,26.08822695,78,30,288,295.4,90.2,85.3,31.5,0,789.94,may 11- may 17,NorthEast
Keiser,2011,M-Pride 111x1-11 VT3Pro,216,130,270,111,13.55832,31.74950355,20.42695035,3085.56,362.15,26.08822695,78,30,288,295.4,90.2,85.3,31.5,0,789.94,may 11- may 17,NorthEast
Keiser,2011,Armor 1262DPRO,215.1,130,270,112,13.501827,31.74950355,20.42695035,3085.56,362.15,26.08822695,78,30,288,295.4,90.2,85.3,31.5,0,789.94,may 11- may 17,NorthEast
Keiser,2011,Pioneer P1615HR,214.7,130,270,116,13.476719,31.74950355,20.42695035,3085.56,362.15,26.08822695,78,30,288,295.4,90.2,85.3,31.5,0,789.94,may 11- may 17,NorthEast
Keiser,2011,DEKALB DKC66-96,214.5,130,270,116,13.464165,31.74950355,20.42695035,3085.56,362.15,26.08822695,78,30,288,295.4,90.2,85.3,31.5,0,789.94,may 11- may 17,NorthEast
Keiser,2011,BH Genetics XP 11149VTTP,212.8,130,270,114,13.357456,31.74950355,20.42695035,3085.56,362.15,26.08822695,78,30,288,295.4,90.2,85.3,31.5,0,789.94,may 11- may 17,NorthEast
Keiser,2011,Armor 1539PRO,211.4,130,270,115,13.269578,31.74950355,20.42695035,3085.56,362.15,26.08822695,78,30,288,295.4,90.2,85.3,31.5,0,789.94,may 11- may 17,NorthEast
Keiser,2011,Dyna-Gro D51VP40,209.2,130,270,111,13.131484,31.74950355,20.42695035,3085.56,362.15,26.08822695,78,30,288,295.4,90.2,85.3,31.5,0,789.94,may 11- may 17,NorthEast
Keiser,2011,AgriGold A6573VT3,208.2,130,270,112,13.068714,31.74950355,20.42695035,3085.56,362.15,26.08822695,78,30,288,295.4,90.2,85.3,31.5,0,789.94,may 11- may 17,NorthEast
Keiser,2011,Syngenta N68B-3111,207.7,130,270,111,13.037329,31.74950355,20.42695035,3085.56,362.15,26.08822695,78,30,288,295.4,90.2,85.3,31.5,0,789.94,may 11- may 17,NorthEast
Keiser,2011,REV¨25HR49ª,207.4,130,270,115,13.018498,31.74950355,20.42695035,3085.56,362.15,26.08822695,78,30,288,295.4,90.2,85.3,31.5,0,789.94,may 11- may 17,NorthEast
Keiser,2011,AgriGold A6533VT3,205.9,130,270,113,12.924343,31.74950355,20.42695035,3085.56,362.15,26.08822695,78,30,288,295.4,90.2,85.3,31.5,0,789.94,may 11- may 17,NorthEast
Keiser,2011,AgriGold A6489VT3,205.7,130,270,112,12.911789,31.74950355,20.42695035,3085.56,362.15,26.08822695,78,30,288,295.4,90.2,85.3,31.5,0,789.94,may 11- may 17,NorthEast
Keiser,2011,Syngenta N72F-3000GT,205.6,130,270,113,12.905512,31.74950355,20.42695035,3085.56,362.15,26.08822695,78,30,288,295.4,90.2,85.3,31.5,0,789.94,may 11- may 17,NorthEast
Keiser,2011,BH Genetics XP 8570VTTP,205.4,130,270,113,12.892958,31.74950355,20.42695035,3085.56,362.15,26.08822695,78,30,288,295.4,90.2,85.3,31.5,0,789.94,may 11- may 17,NorthEast
Keiser,2011,Croplan 6725 VT3P,205.1,130,270,113,12.874127,31.74950355,20.42695035,3085.56,362.15,26.08822695,78,30,288,295.4,90.2,85.3,31.5,0,789.94,may 11- may 17,NorthEast
Keiser,2011,AgriGold A6632VT3Pro,204.5,130,270,115,12.836465,31.74950355,20.42695035,3085.56,362.15,26.08822695,78,30,288,295.4,90.2,85.3,31.5,0,789.94,may 11- may 17,NorthEast
Keiser,2011,Syngenta N79Z-GT/CB/LL,203.9,130,270,116,12.798803,31.74950355,20.42695035,3085.56,362.15,26.08822695,78,30,288,295.4,90.2,85.3,31.5,0,789.94,may 11- may 17,NorthEast
Keiser,2011,Dyna-Gro D55VC21,203.4,130,270,115,12.767418,31.74950355,20.42695035,3085.56,362.15,26.08822695,78,30,288,295.4,90.2,85.3,31.5,0,789.94,may 11- may 17,NorthEast
Keiser,2011,BH Genetics XP 8492SS,203,130,270,112,12.74231,31.74950355,20.42695035,3085.56,362.15,26.08822695,78,30,288,295.4,90.2,85.3,31.5,0,789.94,may 11- may 17,NorthEast
Keiser,2011,REV¨26HR70ª,202.9,130,270,116,12.736033,31.74950355,20.42695035,3085.56,362.15,26.08822695,78,30,288,295.4,90.2,85.3,31.5,0,789.94,may 11- may 17,NorthEast
Keiser,2011,REV¨26HR50ª,202.5,130,270,116,12.710925,31.74950355,20.42695035,3085.56,362.15,26.08822695,78,30,288,295.4,90.2,85.3,31.5,0,789.94,may 11- may 17,NorthEast
Keiser,2011,Dyna-Gro V5373VT3,201.7,130,270,113,12.660709,31.74950355,20.42695035,3085.56,362.15,26.08822695,78,30,288,295.4,90.2,85.3,31.5,0,789.94,may 11- may 17,NorthEast
Keiser,2011,Mycogen 2V738,201.6,130,270,113,12.654432,31.74950355,20.42695035,3085.56,362.15,26.08822695,78,30,288,295.4,90.2,85.3,31.5,0,789.94,may 11- may 17,NorthEast
Keiser,2011,Croplan 6926 VT3P,200.3,130,270,113,12.572831,31.74950355,20.42695035,3085.56,362.15,26.08822695,78,30,288,295.4,90.2,85.3,31.5,0,789.94,may 11- may 17,NorthEast
Keiser,2011,M-Pride 3151 GTCBLL,199.3,130,270,116,12.510061,31.74950355,20.42695035,3085.56,362.15,26.08822695,78,30,288,295.4,90.2,85.3,31.5,0,789.94,may 11- may 17,NorthEast
Keiser,2011,DEKALB DKC64-83,199,130,270,114,12.49123,31.74950355,20.42695035,3085.56,362.15,26.08822695,78,30,288,295.4,90.2,85.3,31.5,0,789.94,may 11- may 17,NorthEast
Keiser,2011,Armor 1161PRO(V),198.8,130,270,111,12.478676,31.74950355,20.42695035,3085.56,362.15,26.08822695,78,30,288,295.4,90.2,85.3,31.5,0,789.94,may 11- may 17,NorthEast
Keiser,2011,REV¨26HR82ª,198.7,130,270,116,12.472399,31.74950355,20.42695035,3085.56,362.15,26.08822695,78,30,288,295.4,90.2,85.3,31.5,0,789.94,may 11- may 17,NorthEast
Keiser,2011,M-Pride 3150 GT3,198.5,130,270,115,12.459845,31.74950355,20.42695035,3085.56,362.15,26.08822695,78,30,288,295.4,90.2,85.3,31.5,0,789.94,may 11- may 17,NorthEast
Keiser,2011,Armor 1415PRO,198.4,130,270,114,12.453568,31.74950355,20.42695035,3085.56,362.15,26.08822695,78,30,288,295.4,90.2,85.3,31.5,0,789.94,may 11- may 17,NorthEast
Keiser,2011,Syngenta N77P 3000GT,197.3,130,270,114,12.384521,31.74950355,20.42695035,3085.56,362.15,26.08822695,78,30,288,295.4,90.2,85.3,31.5,0,789.94,may 11- may 17,NorthEast
Keiser,2011,DEKALB DKC64-69,197.1,130,270,114,12.371967,31.74950355,20.42695035,3085.56,362.15,26.08822695,78,30,288,295.4,90.2,85.3,31.5,0,789.94,may 11- may 17,NorthEast
Keiser,2011,Delta Grow 8188 GTBt11,196,130,270,113,12.30292,31.74950355,20.42695035,3085.56,362.15,26.08822695,78,30,288,295.4,90.2,85.3,31.5,0,789.94,may 11- may 17,NorthEast
Keiser,2011,Dyna-Gro D56VP69,194.5,130,270,116,12.208765,31.74950355,20.42695035,3085.56,362.15,26.08822695,78,30,288,295.4,90.2,85.3,31.5,0,789.94,may 11- may 17,NorthEast
Keiser,2011,Mycogen 2T784,193.3,130,270,114,12.133441,31.74950355,20.42695035,3085.56,362.15,26.08822695,78,30,288,295.4,90.2,85.3,31.5,0,789.94,may 11- may 17,NorthEast
Keiser,2011,Dyna-Gro D56VP24,191.3,130,270,116,12.007901,31.74950355,20.42695035,3085.56,362.15,26.08822695,78,30,288,295.4,90.2,85.3,31.5,0,789.94,may 11- may 17,NorthEast
Keiser,2011,AgriGold A6679VT3Pro,190,130,270,116,11.9263,31.74950355,20.42695035,3085.56,362.15,26.08822695,78,30,288,295.4,90.2,85.3,31.5,0,789.94,may 11- may 17,NorthEast
Keiser,2011,Mycogen 2T832,189.5,130,270,115,11.894915,31.74950355,20.42695035,3085.56,362.15,26.08822695,78,30,288,295.4,90.2,85.3,31.5,0,789.94,may 11- may 17,NorthEast
Keiser,2011,Triumph 7514S,188.2,130,270,114,11.813314,31.74950355,20.42695035,3085.56,362.15,26.08822695,78,30,288,295.4,90.2,85.3,31.5,0,789.94,may 11- may 17,NorthEast
Keiser,2011,Delta Grow 2888 GTBt11,186.7,130,270,116,11.719159,31.74950355,20.42695035,3085.56,362.15,26.08822695,78,30,288,295.4,90.2,85.3,31.5,0,789.94,may 11- may 17,NorthEast
Keiser,2011,M-Pride 3140 VT3Pro,184.5,130,270,114,11.581065,31.74950355,20.42695035,3085.56,362.15,26.08822695,78,30,288,295.4,90.2,85.3,31.5,0,789.94,may 11- may 17,NorthEast
Keiser,2011,Mycogen 2V715,184.1,130,270,111,11.555957,31.74950355,20.42695035,3085.56,362.15,26.08822695,78,30,288,295.4,90.2,85.3,31.5,0,789.94,may 11- may 17,NorthEast
Keiser,2011,Mycogen 2A787,183,130,270,115,11.48691,31.74950355,20.42695035,3085.56,362.15,26.08822695,78,30,288,295.4,90.2,85.3,31.5,0,789.94,may 11- may 17,NorthEast
Keiser,2011,M-Pride 3193 VT3Pro,182,130,270,115,11.42414,31.74950355,20.42695035,3085.56,362.15,26.08822695,78,30,288,295.4,90.2,85.3,31.5,0,789.94,may 11- may 17,NorthEast
Keiser,2011,AgriGold A6553VT3,181.2,130,270,113,11.373924,31.74950355,20.42695035,3085.56,362.15,26.08822695,78,30,288,295.4,90.2,85.3,31.5,0,789.94,may 11- may 17,NorthEast
Keiser,2011,Delta Grow 3788 GTBt11,178.3,130,270,115,11.191891,31.74950355,20.42695035,3085.56,362.15,26.08822695,78,30,288,295.4,90.2,85.3,31.5,0,789.94,may 11- may 17,NorthEast
Keiser,2011,REV¨25R19ª,176.7,130,270,115,11.091459,31.74950355,20.42695035,3085.56,362.15,26.08822695,78,30,288,295.4,90.2,85.3,31.5,0,789.94,may 11- may 17,NorthEast
Keiser,2011,Dyna-Gro D55Q80,175,130,270,115,10.98475,31.74950355,20.42695035,3085.56,362.15,26.08822695,78,30,288,295.4,90.2,85.3,31.5,0,789.94,may 11- may 17,NorthEast
Keiser,2011,REV¨25HR39ª,171.6,130,270,115,10.771332,31.74950355,20.42695035,3085.56,362.15,26.08822695,78,30,288,295.4,90.2,85.3,31.5,0,789.94,may 11- may 17,NorthEast
Keiser,2011,Dyna-Gro 57V59,168.2,130,270,114,10.557914,31.74950355,20.42695035,3085.56,362.15,26.08822695,78,30,288,295.4,90.2,85.3,31.5,0,789.94,may 11- may 17,NorthEast
Keiser,2011,REV¨26HR22ª,167.3,130,270,116,10.501421,31.74950355,20.42695035,3085.56,362.15,26.08822695,78,30,288,295.4,90.2,85.3,31.5,0,789.94,may 11- may 17,NorthEast
Keiser,2011,REV¨26R60ª,164.9,130,270,116,10.350773,31.74950355,20.42695035,3085.56,362.15,26.08822695,78,30,288,295.4,90.2,85.3,31.5,0,789.94,may 11- may 17,NorthEast
Keiser,2011,M-Pride 3110 GT,161.7,130,270,116,10.149909,31.74950355,20.42695035,3085.56,362.15,26.08822695,78,30,288,295.4,90.2,85.3,31.5,0,789.94,may 11- may 17,NorthEast
Keiser,2011,DEKALB DKC69-29,229.4,130,270,119,14.399438,31.74950355,20.42695035,3085.56,362.15,26.08822695,78,30,288,295.4,90.2,85.3,31.5,0,789.94,may 11- may 17,NorthEast
Keiser,2011,Croplan 8756 VT3,221.4,130,270,117,13.897278,31.74950355,20.42695035,3085.56,362.15,26.08822695,78,30,288,295.4,90.2,85.3,31.5,0,789.94,may 11- may 17,NorthEast
Keiser,2011,Merschman M-816A-10,221,130,270,117,13.87217,31.74950355,20.42695035,3085.56,362.15,26.08822695,78,30,288,295.4,90.2,85.3,31.5,0,789.94,may 11- may 17,NorthEast
Keiser,2011,DEKALB DKC67-88,218.4,130,270,117,13.708968,31.74950355,20.42695035,3085.56,362.15,26.08822695,78,30,288,295.4,90.2,85.3,31.5,0,789.94,may 11- may 17,NorthEast
Keiser,2011,REV¨28R10ª,218.2,130,270,118,13.696414,31.74950355,20.42695035,3085.56,362.15,26.08822695,78,30,288,295.4,90.2,85.3,31.5,0,789.94,may 11- may 17,NorthEast
Keiser,2011,Golden Acres GA 28V81,212.6,130,270,118,13.344902,31.74950355,20.42695035,3085.56,362.15,26.08822695,78,30,288,295.4,90.2,85.3,31.5,0,789.94,may 11- may 17,NorthEast
Keiser,2011,REV¨28HR20ª,212.4,130,270,118,13.332348,31.74950355,20.42695035,3085.56,362.15,26.08822695,78,30,288,295.4,90.2,85.3,31.5,0,789.94,may 11- may 17,NorthEast
Keiser,2011,REV¨28HR29ª,211.8,130,270,118,13.294686,31.74950355,20.42695035,3085.56,362.15,26.08822695,78,30,288,295.4,90.2,85.3,31.5,0,789.94,may 11- may 17,NorthEast
Keiser,2011,AgriGold A6839VT3Pro,211.4,130,270,119,13.269578,31.74950355,20.42695035,3085.56,362.15,26.08822695,78,30,288,295.4,90.2,85.3,31.5,0,789.94,may 11- may 17,NorthEast
Keiser,2011,REV¨28HR30ª,207.3,130,270,118,13.012221,31.74950355,20.42695035,3085.56,362.15,26.08822695,78,30,288,295.4,90.2,85.3,31.5,0,789.94,may 11- may 17,NorthEast
Keiser,2011,Dyna-Gro D58VP30,206.9,130,270,118,12.987113,31.74950355,20.42695035,3085.56,362.15,26.08822695,78,30,288,295.4,90.2,85.3,31.5,0,789.94,may 11- may 17,NorthEast
Keiser,2011,Croplan 8505 VT3P,206.4,130,270,117,12.955728,31.74950355,20.42695035,3085.56,362.15,26.08822695,78,30,288,295.4,90.2,85.3,31.5,0,789.94,may 11- may 17,NorthEast
Keiser,2011,Pioneer P2088HR,200.9,130,270,120,12.610493,31.74950355,20.42695035,3085.56,362.15,26.08822695,78,30,288,295.4,90.2,85.3,31.5,0,789.94,may 11- may 17,NorthEast
Keiser,2011,Delta Grow 8488,200,130,270,119,12.554,31.74950355,20.42695035,3085.56,362.15,26.08822695,78,30,288,295.4,90.2,85.3,31.5,0,789.94,may 11- may 17,NorthEast
Keiser,2011,REV¨27HR32ª,195.6,130,270,117,12.277812,31.74950355,20.42695035,3085.56,362.15,26.08822695,78,30,288,295.4,90.2,85.3,31.5,0,789.94,may 11- may 17,NorthEast
Keiser,2011,DEKALB DKC67-57,194.1,130,270,117,12.183657,31.74950355,20.42695035,3085.56,362.15,26.08822695,78,30,288,295.4,90.2,85.3,31.5,0,789.94,may 11- may 17,NorthEast
Keiser,2011,Dyna-Gro D57GT60,177.3,130,270,117,11.129121,31.74950355,20.42695035,3085.56,362.15,26.08822695,78,30,288,295.4,90.2,85.3,31.5,0,789.94,may 11- may 17,NorthEast
Keiser,2011,Triumph 1956H,174.7,130,270,118,10.965919,31.74950355,20.42695035,3085.56,362.15,26.08822695,78,30,288,295.4,90.2,85.3,31.5,0,789.94,may 11- may 17,NorthEast
Keiser,2011,REV¨27HR52ª,174.5,130,270,117,10.953365,31.74950355,20.42695035,3085.56,362.15,26.08822695,78,30,288,295.4,90.2,85.3,31.5,0,789.94,may 11- may 17,NorthEast
Marianna,2011,Dyna-Gro 57V59,169.2,136,269,114,10.620684,34.9,22.8,2418.3,247,28.8,86,64,345.2,148.6,64,111.3,86.1,56.4,812.8,may 11- may 17,CenterEast
Marianna,2011,Armor 1655PRO(V),167.4,136,269,116,10.507698,34.9,22.8,2418.3,247,28.8,86,64,345.2,148.6,64,111.3,86.1,56.4,812.8,may 11- may 17,CenterEast
Marianna,2011,Delta Grow 2888 GTBt11,167,136,269,116,10.48259,34.9,22.8,2418.3,247,28.8,86,64,345.2,148.6,64,111.3,86.1,56.4,812.8,may 11- may 17,CenterEast
Marianna,2011,BH Genetics XP 8570VTTP,165.5,136,269,113,10.388435,34.9,22.8,2418.3,247,28.8,86,64,345.2,148.6,64,111.3,86.1,56.4,812.8,may 11- may 17,CenterEast
Marianna,2011,Syngenta N79Z-GT/CB/LL,165.3,136,269,116,10.375881,34.9,22.8,2418.3,247,28.8,86,64,345.2,148.6,64,111.3,86.1,56.4,812.8,may 11- may 17,CenterEast
Marianna,2011,Dyna-Gro V5373VT3,163.3,136,269,113,10.250341,34.9,22.8,2418.3,247,28.8,86,64,345.2,148.6,64,111.3,86.1,56.4,812.8,may 11- may 17,CenterEast
Marianna,2011,REV¨26HR82ª,162.2,136,269,116,10.181294,34.9,22.8,2418.3,247,28.8,86,64,345.2,148.6,64,111.3,86.1,56.4,812.8,may 11- may 17,CenterEast
Marianna,2011,REV¨25HR39ª,161.8,136,269,115,10.156186,34.9,22.8,2418.3,247,28.8,86,64,345.2,148.6,64,111.3,86.1,56.4,812.8,may 11- may 17,CenterEast
Marianna,2011,REV¨26R60ª,161.7,136,269,116,10.149909,34.9,22.8,2418.3,247,28.8,86,64,345.2,148.6,64,111.3,86.1,56.4,812.8,may 11- may 17,CenterEast
Marianna,2011,DEKALB DKC64-83,160.8,136,269,114,10.093416,34.9,22.8,2418.3,247,28.8,86,64,345.2,148.6,64,111.3,86.1,56.4,812.8,may 11- may 17,CenterEast
Marianna,2011,Dyna-Gro D55Q80,160.8,136,269,115,10.093416,34.9,22.8,2418.3,247,28.8,86,64,345.2,148.6,64,111.3,86.1,56.4,812.8,may 11- may 17,CenterEast
Marianna,2011,REV¨25HR49ª,160.4,136,269,115,10.068308,34.9,22.8,2418.3,247,28.8,86,64,345.2,148.6,64,111.3,86.1,56.4,812.8,may 11- may 17,CenterEast
Marianna,2011,DEKALB DKC65-19,160.2,136,269,115,10.055754,34.9,22.8,2418.3,247,28.8,86,64,345.2,148.6,64,111.3,86.1,56.4,812.8,may 11- may 17,CenterEast
Marianna,2011,M-Pride 3140 VT3Pro,159,136,269,114,9.98043,34.9,22.8,2418.3,247,28.8,86,64,345.2,148.6,64,111.3,86.1,56.4,812.8,may 11- may 17,CenterEast
Marianna,2011,M-Pride 3110 GT,156.7,136,269,116,9.836059,34.9,22.8,2418.3,247,28.8,86,64,345.2,148.6,64,111.3,86.1,56.4,812.8,may 11- may 17,CenterEast
Marianna,2011,REV¨25R19ª,150.3,136,269,115,9.434331,34.9,22.8,2418.3,247,28.8,86,64,345.2,148.6,64,111.3,86.1,56.4,812.8,may 11- may 17,CenterEast
Marianna,2011,REV¨26HR22ª,137.3,136,269,116,8.618321,34.9,22.8,2418.3,247,28.8,86,64,345.2,148.6,64,111.3,86.1,56.4,812.8,may 11- may 17,CenterEast
Marianna,2011,REV¨26HR70ª,135,136,269,116,8.47395,34.9,22.8,2418.3,247,28.8,86,64,345.2,148.6,64,111.3,86.1,56.4,812.8,may 11- may 17,CenterEast
Marianna,2011,DEKALB DKC69-29,202.2,136,269,119,12.692094,34.9,22.8,2418.3,247,28.8,86,64,345.2,148.6,64,111.3,86.1,56.4,812.8,may 11- may 17,CenterEast
Marianna,2011,DEKALB DKC67-88,197.7,136,269,117,12.409629,34.9,22.8,2418.3,247,28.8,86,64,345.2,148.6,64,111.3,86.1,56.4,812.8,may 11- may 17,CenterEast
Marianna,2011,REV¨28HR30ª,197.3,136,269,118,12.384521,34.9,22.8,2418.3,247,28.8,86,64,345.2,148.6,64,111.3,86.1,56.4,812.8,may 11- may 17,CenterEast
Marianna,2011,REV¨28HR20ª,194.2,136,269,118,12.189934,34.9,22.8,2418.3,247,28.8,86,64,345.2,148.6,64,111.3,86.1,56.4,812.8,may 11- may 17,CenterEast
Marianna,2011,DEKALB DKC67-57,194.1,136,269,117,12.183657,34.9,22.8,2418.3,247,28.8,86,64,345.2,148.6,64,111.3,86.1,56.4,812.8,may 11- may 17,CenterEast
Marianna,2011,AgriGold A6839VT3Pro,192.7,136,269,119,12.095779,34.9,22.8,2418.3,247,28.8,86,64,345.2,148.6,64,111.3,86.1,56.4,812.8,may 11- may 17,CenterEast
Marianna,2011,Golden Acres GA 28V81,188.7,136,269,118,11.844699,34.9,22.8,2418.3,247,28.8,86,64,345.2,148.6,64,111.3,86.1,56.4,812.8,may 11- may 17,CenterEast
Marianna,2011,Dyna-Gro D58VP30,182.7,136,269,118,11.468079,34.9,22.8,2418.3,247,28.8,86,64,345.2,148.6,64,111.3,86.1,56.4,812.8,may 11- may 17,CenterEast
Marianna,2011,Pioneer P2088HR,182.3,136,269,120,11.442971,34.9,22.8,2418.3,247,28.8,86,64,345.2,148.6,64,111.3,86.1,56.4,812.8,may 11- may 17,CenterEast
Marianna,2011,Delta Grow 8488,180.2,136,269,119,11.311154,34.9,22.8,2418.3,247,28.8,86,64,345.2,148.6,64,111.3,86.1,56.4,812.8,may 11- may 17,CenterEast
Marianna,2011,Croplan 8505 VT3P,177.3,136,269,117,11.129121,34.9,22.8,2418.3,247,28.8,86,64,345.2,148.6,64,111.3,86.1,56.4,812.8,may 11- may 17,CenterEast
Marianna,2011,REV¨28HR29ª,177.1,136,269,118,11.116567,34.9,22.8,2418.3,247,28.8,86,64,345.2,148.6,64,111.3,86.1,56.4,812.8,may 11- may 17,CenterEast
Marianna,2011,Croplan 8756 VT3,171.6,136,269,117,10.771332,34.9,22.8,2418.3,247,28.8,86,64,345.2,148.6,64,111.3,86.1,56.4,812.8,may 11- may 17,CenterEast
Marianna,2011,REV¨28R10ª,167.2,136,269,118,10.495144,34.9,22.8,2418.3,247,28.8,86,64,345.2,148.6,64,111.3,86.1,56.4,812.8,may 11- may 17,CenterEast
Marianna,2011,REV¨27HR52ª,165.9,136,269,117,10.413543,34.9,22.8,2418.3,247,28.8,86,64,345.2,148.6,64,111.3,86.1,56.4,812.8,may 11- may 17,CenterEast
Marianna,2011,Dyna-Gro D57GT60,164.4,136,269,117,10.319388,34.9,22.8,2418.3,247,28.8,86,64,345.2,148.6,64,111.3,86.1,56.4,812.8,may 11- may 17,CenterEast
Marianna,2011,REV¨27HR32ª,159.6,136,269,117,10.018092,34.9,22.8,2418.3,247,28.8,86,64,345.2,148.6,64,111.3,86.1,56.4,812.8,may 11- may 17,CenterEast
Marianna,2011,Merschman M-816A-10,157.4,136,269,117,9.879998,34.9,22.8,2418.3,247,28.8,86,64,345.2,148.6,64,111.3,86.1,56.4,812.8,may 11- may 17,CenterEast
Marianna,2011,Triumph 1956H,156.8,136,269,118,9.842336,34.9,22.8,2418.3,247,28.8,86,64,345.2,148.6,64,111.3,86.1,56.4,812.8,may 11- may 17,CenterEast
Stuttgart,2011,AgriGold A6573VT3,192,107,255,112,12.05184,32.73234899,20.55174497,3320.23,597.21,26.64204698,97,63,292.6,144.3,40.4,45.2,156.7,30.5,708.66,april 13- april 19,SouthEast
Stuttgart,2011,Dyna-Gro D54VP81,185.8,107,255,114,11.662666,32.73234899,20.55174497,3320.23,597.21,26.64204698,97,63,292.6,144.3,40.4,45.2,156.7,30.5,708.66,april 13- april 19,SouthEast
Stuttgart,2011,BH 8928VTTP,183.4,107,255,116,11.512018,32.73234899,20.55174497,3320.23,597.21,26.64204698,97,63,292.6,144.3,40.4,45.2,156.7,30.5,708.66,april 13- april 19,SouthEast
Stuttgart,2011,BH Genetics XP 11149VTTP,183.4,107,255,114,11.512018,32.73234899,20.55174497,3320.23,597.21,26.64204698,97,63,292.6,144.3,40.4,45.2,156.7,30.5,708.66,april 13- april 19,SouthEast
Stuttgart,2011,AgriGold A6679VT3Pro,180.8,107,255,116,11.348816,32.73234899,20.55174497,3320.23,597.21,26.64204698,97,63,292.6,144.3,40.4,45.2,156.7,30.5,708.66,april 13- april 19,SouthEast
Stuttgart,2011,DEKALB DKC64-69,180.6,107,255,114,11.336262,32.73234899,20.55174497,3320.23,597.21,26.64204698,97,63,292.6,144.3,40.4,45.2,156.7,30.5,708.66,april 13- april 19,SouthEast
Stuttgart,2011,Delta Grow 2888 GTBt11,178.5,107,255,116,11.204445,32.73234899,20.55174497,3320.23,597.21,26.64204698,97,63,292.6,144.3,40.4,45.2,156.7,30.5,708.66,april 13- april 19,SouthEast
Stuttgart,2011,Croplan 6926 VT3P,177.1,107,255,113,11.116567,32.73234899,20.55174497,3320.23,597.21,26.64204698,97,63,292.6,144.3,40.4,45.2,156.7,30.5,708.66,april 13- april 19,SouthEast
Stuttgart,2011,Armor 1655PRO(V),176.3,107,255,116,11.066351,32.73234899,20.55174497,3320.23,597.21,26.64204698,97,63,292.6,144.3,40.4,45.2,156.7,30.5,708.66,april 13- april 19,SouthEast
Stuttgart,2011,DEKALB DKC66-96,175.3,107,255,116,11.003581,32.73234899,20.55174497,3320.23,597.21,26.64204698,97,63,292.6,144.3,40.4,45.2,156.7,30.5,708.66,april 13- april 19,SouthEast
Stuttgart,2011,Syngenta N77P 3000GT,175.3,107,255,114,11.003581,32.73234899,20.55174497,3320.23,597.21,26.64204698,97,63,292.6,144.3,40.4,45.2,156.7,30.5,708.66,april 13- april 19,SouthEast
Stuttgart,2011,Delta Grow 8188 GTBt11,174.6,107,255,113,10.959642,32.73234899,20.55174497,3320.23,597.21,26.64204698,97,63,292.6,144.3,40.4,45.2,156.7,30.5,708.66,april 13- april 19,SouthEast
Stuttgart,2011,AgriGold A6553VT3,174.3,107,255,113,10.940811,32.73234899,20.55174497,3320.23,597.21,26.64204698,97,63,292.6,144.3,40.4,45.2,156.7,30.5,708.66,april 13- april 19,SouthEast
Stuttgart,2011,Armor 1539PRO,173.9,107,255,115,10.915703,32.73234899,20.55174497,3320.23,597.21,26.64204698,97,63,292.6,144.3,40.4,45.2,156.7,30.5,708.66,april 13- april 19,SouthEast
Stuttgart,2011,DEKALB DKC65-19,173.2,107,255,115,10.871764,32.73234899,20.55174497,3320.23,597.21,26.64204698,97,63,292.6,144.3,40.4,45.2,156.7,30.5,708.66,april 13- april 19,SouthEast
Stuttgart,2011,Golden Acres GA 26V31,172.3,107,255,115,10.815271,32.73234899,20.55174497,3320.23,597.21,26.64204698,97,63,292.6,144.3,40.4,45.2,156.7,30.5,708.66,april 13- april 19,SouthEast
Stuttgart,2011,Pioneer P1615HR,172.3,107,255,116,10.815271,32.73234899,20.55174497,3320.23,597.21,26.64204698,97,63,292.6,144.3,40.4,45.2,156.7,30.5,708.66,april 13- april 19,SouthEast
Stuttgart,2011,Dyna-Gro V5373VT3,171.9,107,255,113,10.790163,32.73234899,20.55174497,3320.23,597.21,26.64204698,97,63,292.6,144.3,40.4,45.2,156.7,30.5,708.66,april 13- april 19,SouthEast
Stuttgart,2011,Dyna-Gro D56VP69,171.2,107,255,116,10.746224,32.73234899,20.55174497,3320.23,597.21,26.64204698,97,63,292.6,144.3,40.4,45.2,156.7,30.5,708.66,april 13- april 19,SouthEast
Stuttgart,2011,Mycogen 2V738,171,107,255,113,10.73367,32.73234899,20.55174497,3320.23,597.21,26.64204698,97,63,292.6,144.3,40.4,45.2,156.7,30.5,708.66,april 13- april 19,SouthEast
Stuttgart,2011,Mycogen 2V715,170.8,107,255,111,10.721116,32.73234899,20.55174497,3320.23,597.21,26.64204698,97,63,292.6,144.3,40.4,45.2,156.7,30.5,708.66,april 13- april 19,SouthEast
Stuttgart,2011,Syngenta N68B-3111,170.4,107,255,111,10.696008,32.73234899,20.55174497,3320.23,597.21,26.64204698,97,63,292.6,144.3,40.4,45.2,156.7,30.5,708.66,april 13- april 19,SouthEast
Stuttgart,2011,Merschman M-1015B-15,170.2,107,255,115,10.683454,32.73234899,20.55174497,3320.23,597.21,26.64204698,97,63,292.6,144.3,40.4,45.2,156.7,30.5,708.66,april 13- april 19,SouthEast
Stuttgart,2011,AgriGold A6632VT3Pro,170,107,255,115,10.6709,32.73234899,20.55174497,3320.23,597.21,26.64204698,97,63,292.6,144.3,40.4,45.2,156.7,30.5,708.66,april 13- april 19,SouthEast
Stuttgart,2011,M-Pride 3152 VT3Pro,169.8,107,255,115,10.658346,32.73234899,20.55174497,3320.23,597.21,26.64204698,97,63,292.6,144.3,40.4,45.2,156.7,30.5,708.66,april 13- april 19,SouthEast
Stuttgart,2011,AgriGold A6489VT3,169.1,107,255,112,10.614407,32.73234899,20.55174497,3320.23,597.21,26.64204698,97,63,292.6,144.3,40.4,45.2,156.7,30.5,708.66,april 13- april 19,SouthEast
Stuttgart,2011,BH Genetics XP 8492SS,168.5,107,255,112,10.576745,32.73234899,20.55174497,3320.23,597.21,26.64204698,97,63,292.6,144.3,40.4,45.2,156.7,30.5,708.66,april 13- april 19,SouthEast
Stuttgart,2011,DEKALB DKC64-83,168,107,255,114,10.54536,32.73234899,20.55174497,3320.23,597.21,26.64204698,97,63,292.6,144.3,40.4,45.2,156.7,30.5,708.66,april 13- april 19,SouthEast
Stuttgart,2011,M-Pride 3151 GTCBLL,167.1,107,255,116,10.488867,32.73234899,20.55174497,3320.23,597.21,26.64204698,97,63,292.6,144.3,40.4,45.2,156.7,30.5,708.66,april 13- april 19,SouthEast
Stuttgart,2011,Triumph 7514S,166.6,107,255,114,10.457482,32.73234899,20.55174497,3320.23,597.21,26.64204698,97,63,292.6,144.3,40.4,45.2,156.7,30.5,708.66,april 13- april 19,SouthEast
Stuttgart,2011,Dyna-Gro D56VP24,166.3,107,255,116,10.438651,32.73234899,20.55174497,3320.23,597.21,26.64204698,97,63,292.6,144.3,40.4,45.2,156.7,30.5,708.66,april 13- april 19,SouthEast
Stuttgart,2011,Mycogen 2T784,166.3,107,255,114,10.438651,32.73234899,20.55174497,3320.23,597.21,26.64204698,97,63,292.6,144.3,40.4,45.2,156.7,30.5,708.66,april 13- april 19,SouthEast
Stuttgart,2011,Croplan 6725 VT3P,166.2,107,255,113,10.432374,32.73234899,20.55174497,3320.23,597.21,26.64204698,97,63,292.6,144.3,40.4,45.2,156.7,30.5,708.66,april 13- april 19,SouthEast
Stuttgart,2011,Armor 1161PRO(V),165.3,107,255,111,10.375881,32.73234899,20.55174497,3320.23,597.21,26.64204698,97,63,292.6,144.3,40.4,45.2,156.7,30.5,708.66,april 13- april 19,SouthEast
Stuttgart,2011,REV¨25HR49ª,164.8,107,255,115,10.344496,32.73234899,20.55174497,3320.23,597.21,26.64204698,97,63,292.6,144.3,40.4,45.2,156.7,30.5,708.66,april 13- april 19,SouthEast
Stuttgart,2011,REV¨26HR22ª,164.3,107,255,116,10.313111,32.73234899,20.55174497,3320.23,597.21,26.64204698,97,63,292.6,144.3,40.4,45.2,156.7,30.5,708.66,april 13- april 19,SouthEast
Stuttgart,2011,AgriGold A6533VT3,164.1,107,255,113,10.300557,32.73234899,20.55174497,3320.23,597.21,26.64204698,97,63,292.6,144.3,40.4,45.2,156.7,30.5,708.66,april 13- april 19,SouthEast
Stuttgart,2011,Delta Grow 2988 GTBt11,164.1,107,255,116,10.300557,32.73234899,20.55174497,3320.23,597.21,26.64204698,97,63,292.6,144.3,40.4,45.2,156.7,30.5,708.66,april 13- april 19,SouthEast
Stuttgart,2011,M-Pride 3193 VT3Pro,163.7,107,255,115,10.275449,32.73234899,20.55174497,3320.23,597.21,26.64204698,97,63,292.6,144.3,40.4,45.2,156.7,30.5,708.66,april 13- april 19,SouthEast
Stuttgart,2011,Dyna-Gro D55VC21,163.1,107,255,115,10.237787,32.73234899,20.55174497,3320.23,597.21,26.64204698,97,63,292.6,144.3,40.4,45.2,156.7,30.5,708.66,april 13- april 19,SouthEast
Stuttgart,2011,Mycogen 2T832,162.8,107,255,115,10.218956,32.73234899,20.55174497,3320.23,597.21,26.64204698,97,63,292.6,144.3,40.4,45.2,156.7,30.5,708.66,april 13- april 19,SouthEast
Stuttgart,2011,Syngenta N79Z-GT/CB/LL,162.7,107,255,116,10.212679,32.73234899,20.55174497,3320.23,597.21,26.64204698,97,63,292.6,144.3,40.4,45.2,156.7,30.5,708.66,april 13- april 19,SouthEast
Stuttgart,2011,BH Genetics XP 8570VTTP,162.4,107,255,113,10.193848,32.73234899,20.55174497,3320.23,597.21,26.64204698,97,63,292.6,144.3,40.4,45.2,156.7,30.5,708.66,april 13- april 19,SouthEast
Stuttgart,2011,M-Pride 111x1-11 VT3Pro,162.2,107,255,111,10.181294,32.73234899,20.55174497,3320.23,597.21,26.64204698,97,63,292.6,144.3,40.4,45.2,156.7,30.5,708.66,april 13- april 19,SouthEast
Stuttgart,2011,REV¨26HR50ª,162.1,107,255,116,10.175017,32.73234899,20.55174497,3320.23,597.21,26.64204698,97,63,292.6,144.3,40.4,45.2,156.7,30.5,708.66,april 13- april 19,SouthEast
Stuttgart,2011,Mycogen 2A787,161.8,107,255,115,10.156186,32.73234899,20.55174497,3320.23,597.21,26.64204698,97,63,292.6,144.3,40.4,45.2,156.7,30.5,708.66,april 13- april 19,SouthEast
Stuttgart,2011,Armor 1262DPRO,161.7,107,255,112,10.149909,32.73234899,20.55174497,3320.23,597.21,26.64204698,97,63,292.6,144.3,40.4,45.2,156.7,30.5,708.66,april 13- april 19,SouthEast
Stuttgart,2011,M-Pride 3110 GT,161,107,255,116,10.10597,32.73234899,20.55174497,3320.23,597.21,26.64204698,97,63,292.6,144.3,40.4,45.2,156.7,30.5,708.66,april 13- april 19,SouthEast
Stuttgart,2011,REV¨26HR82ª,160.3,107,255,116,10.062031,32.73234899,20.55174497,3320.23,597.21,26.64204698,97,63,292.6,144.3,40.4,45.2,156.7,30.5,708.66,april 13- april 19,SouthEast
Stuttgart,2011,Delta Grow 3788 GTBt11,159.4,107,255,115,10.005538,32.73234899,20.55174497,3320.23,597.21,26.64204698,97,63,292.6,144.3,40.4,45.2,156.7,30.5,708.66,april 13- april 19,SouthEast
Stuttgart,2011,Dyna-Gro D51VP40,157.6,107,255,111,9.892552,32.73234899,20.55174497,3320.23,597.21,26.64204698,97,63,292.6,144.3,40.4,45.2,156.7,30.5,708.66,april 13- april 19,SouthEast
Stuttgart,2011,REV¨26HR70ª,157.5,107,255,116,9.886275,32.73234899,20.55174497,3320.23,597.21,26.64204698,97,63,292.6,144.3,40.4,45.2,156.7,30.5,708.66,april 13- april 19,SouthEast
Stuttgart,2011,Syngenta N72F-3000GT,157,107,255,113,9.85489,32.73234899,20.55174497,3320.23,597.21,26.64204698,97,63,292.6,144.3,40.4,45.2,156.7,30.5,708.66,april 13- april 19,SouthEast
Stuttgart,2011,DEKALB DKC61-88,154.4,107,255,111,9.691688,32.73234899,20.55174497,3320.23,597.21,26.64204698,97,63,292.6,144.3,40.4,45.2,156.7,30.5,708.66,april 13- april 19,SouthEast
Stuttgart,2011,REV¨25R19ª,151.1,107,255,115,9.484547,32.73234899,20.55174497,3320.23,597.21,26.64204698,97,63,292.6,144.3,40.4,45.2,156.7,30.5,708.66,april 13- april 19,SouthEast
Stuttgart,2011,REV¨26R60ª,147.9,107,255,116,9.283683,32.73234899,20.55174497,3320.23,597.21,26.64204698,97,63,292.6,144.3,40.4,45.2,156.7,30.5,708.66,april 13- april 19,SouthEast
Stuttgart,2011,Dyna-Gro D55Q80,147.4,107,255,115,9.252298,32.73234899,20.55174497,3320.23,597.21,26.64204698,97,63,292.6,144.3,40.4,45.2,156.7,30.5,708.66,april 13- april 19,SouthEast
Stuttgart,2011,Armor 1415PRO,147.3,107,255,114,9.246021,32.73234899,20.55174497,3320.23,597.21,26.64204698,97,63,292.6,144.3,40.4,45.2,156.7,30.5,708.66,april 13- april 19,SouthEast
Stuttgart,2011,Dyna-Gro 57V59,146.9,107,255,114,9.220913,32.73234899,20.55174497,3320.23,597.21,26.64204698,97,63,292.6,144.3,40.4,45.2,156.7,30.5,708.66,april 13- april 19,SouthEast
Stuttgart,2011,M-Pride 3140 VT3Pro,146.3,107,255,114,9.183251,32.73234899,20.55174497,3320.23,597.21,26.64204698,97,63,292.6,144.3,40.4,45.2,156.7,30.5,708.66,april 13- april 19,SouthEast
Stuttgart,2011,REV¨25HR39ª,139.8,107,255,115,8.775246,32.73234899,20.55174497,3320.23,597.21,26.64204698,97,63,292.6,144.3,40.4,45.2,156.7,30.5,708.66,april 13- april 19,SouthEast
Stuttgart,2011,M-Pride 3150 GT3,137,107,255,115,8.59949,32.73234899,20.55174497,3320.23,597.21,26.64204698,97,63,292.6,144.3,40.4,45.2,156.7,30.5,708.66,april 13- april 19,SouthEast
Stuttgart,2011,DEKALB DKC67-88,216.7,107,255,117,13.602259,32.73234899,20.55174497,3320.23,597.21,26.64204698,97,63,292.6,144.3,40.4,45.2,156.7,30.5,708.66,april 13- april 19,SouthEast
Stuttgart,2011,REV¨28HR20ª,191.7,107,255,118,12.033009,32.73234899,20.55174497,3320.23,597.21,26.64204698,97,63,292.6,144.3,40.4,45.2,156.7,30.5,708.66,april 13- april 19,SouthEast
Stuttgart,2011,Croplan 8756 VT3,185.1,107,255,117,11.618727,32.73234899,20.55174497,3320.23,597.21,26.64204698,97,63,292.6,144.3,40.4,45.2,156.7,30.5,708.66,april 13- april 19,SouthEast
Stuttgart,2011,Golden Acres GA 28V81,184.1,107,255,118,11.555957,32.73234899,20.55174497,3320.23,597.21,26.64204698,97,63,292.6,144.3,40.4,45.2,156.7,30.5,708.66,april 13- april 19,SouthEast
Stuttgart,2011,Merschman M-816A-10,182.6,107,255,117,11.461802,32.73234899,20.55174497,3320.23,597.21,26.64204698,97,63,292.6,144.3,40.4,45.2,156.7,30.5,708.66,april 13- april 19,SouthEast
Stuttgart,2011,Croplan 8505 VT3P,178.7,107,255,117,11.216999,32.73234899,20.55174497,3320.23,597.21,26.64204698,97,63,292.6,144.3,40.4,45.2,156.7,30.5,708.66,april 13- april 19,SouthEast
Stuttgart,2011,DEKALB DKC69-29,178.5,107,255,119,11.204445,32.73234899,20.55174497,3320.23,597.21,26.64204698,97,63,292.6,144.3,40.4,45.2,156.7,30.5,708.66,april 13- april 19,SouthEast
Stuttgart,2011,REV¨28HR29ª,174,107,255,118,10.92198,32.73234899,20.55174497,3320.23,597.21,26.64204698,97,63,292.6,144.3,40.4,45.2,156.7,30.5,708.66,april 13- april 19,SouthEast
Stuttgart,2011,Dyna-Gro D58VP30,171,107,255,118,10.73367,32.73234899,20.55174497,3320.23,597.21,26.64204698,97,63,292.6,144.3,40.4,45.2,156.7,30.5,708.66,april 13- april 19,SouthEast
Stuttgart,2011,REV¨28HR30ª,168.4,107,255,118,10.570468,32.73234899,20.55174497,3320.23,597.21,26.64204698,97,63,292.6,144.3,40.4,45.2,156.7,30.5,708.66,april 13- april 19,SouthEast
Stuttgart,2011,REV¨27HR32ª,166.1,107,255,117,10.426097,32.73234899,20.55174497,3320.23,597.21,26.64204698,97,63,292.6,144.3,40.4,45.2,156.7,30.5,708.66,april 13- april 19,SouthEast
Stuttgart,2011,REV¨28R10ª,165.5,107,255,118,10.388435,32.73234899,20.55174497,3320.23,597.21,26.64204698,97,63,292.6,144.3,40.4,45.2,156.7,30.5,708.66,april 13- april 19,SouthEast
Stuttgart,2011,AgriGold A6839VT3Pro,165,107,255,119,10.35705,32.73234899,20.55174497,3320.23,597.21,26.64204698,97,63,292.6,144.3,40.4,45.2,156.7,30.5,708.66,april 13- april 19,SouthEast
Stuttgart,2011,Delta Grow 8488,163.1,107,255,119,10.237787,32.73234899,20.55174497,3320.23,597.21,26.64204698,97,63,292.6,144.3,40.4,45.2,156.7,30.5,708.66,april 13- april 19,SouthEast
Stuttgart,2011,Pioneer P2088HR,163,107,255,120,10.23151,32.73234899,20.55174497,3320.23,597.21,26.64204698,97,63,292.6,144.3,40.4,45.2,156.7,30.5,708.66,april 13- april 19,SouthEast
Stuttgart,2011,REV¨27HR52ª,162.6,107,255,117,10.206402,32.73234899,20.55174497,3320.23,597.21,26.64204698,97,63,292.6,144.3,40.4,45.2,156.7,30.5,708.66,april 13- april 19,SouthEast
Stuttgart,2011,DEKALB DKC67-57,158.2,107,255,117,9.930214,32.73234899,20.55174497,3320.23,597.21,26.64204698,97,63,292.6,144.3,40.4,45.2,156.7,30.5,708.66,april 13- april 19,SouthEast
Stuttgart,2011,Triumph 1956H,148.8,107,255,118,9.340176,32.73234899,20.55174497,3320.23,597.21,26.64204698,97,63,292.6,144.3,40.4,45.2,156.7,30.5,708.66,april 13- april 19,SouthEast
Stuttgart,2011,Dyna-Gro D57GT60,138.6,107,255,117,8.699922,32.73234899,20.55174497,3320.23,597.21,26.64204698,97,63,292.6,144.3,40.4,45.2,156.7,30.5,708.66,april 13- april 19,SouthEast
Rohwer,2011,AgriGold A6573VT3,242.9,97,241,112,15.246833,33.28875862,20.62937931,3308.98,554.33,26.95906897,92,72,181.6,62,42.4,94.7,142.2,0,665.48,april 6- april 12,SouthEast
Rohwer,2011,DEKALB DKC64-69,227.3,97,241,114,14.267621,33.28875862,20.62937931,3308.98,554.33,26.95906897,92,72,181.6,62,42.4,94.7,142.2,0,665.48,april 6- april 12,SouthEast
Rohwer,2011,BH Genetics XP 11149VTTP,225.1,97,241,114,14.129527,33.28875862,20.62937931,3308.98,554.33,26.95906897,92,72,181.6,62,42.4,94.7,142.2,0,665.48,april 6- april 12,SouthEast
Rohwer,2011,Dyna-Gro D54VP81,221,97,241,114,13.87217,33.28875862,20.62937931,3308.98,554.33,26.95906897,92,72,181.6,62,42.4,94.7,142.2,0,665.48,april 6- april 12,SouthEast
Rohwer,2011,DEKALB DKC61-88,219.5,97,241,111,13.778015,33.28875862,20.62937931,3308.98,554.33,26.95906897,92,72,181.6,62,42.4,94.7,142.2,0,665.48,april 6- april 12,SouthEast
Rohwer,2011,Dyna-Gro D56VP24,218.4,97,241,116,13.708968,33.28875862,20.62937931,3308.98,554.33,26.95906897,92,72,181.6,62,42.4,94.7,142.2,0,665.48,april 6- april 12,SouthEast
Rohwer,2011,AgriGold A6533VT3,218.3,97,241,113,13.702691,33.28875862,20.62937931,3308.98,554.33,26.95906897,92,72,181.6,62,42.4,94.7,142.2,0,665.48,april 6- april 12,SouthEast
Rohwer,2011,Croplan 6926 VT3P,217.4,97,241,113,13.646198,33.28875862,20.62937931,3308.98,554.33,26.95906897,92,72,181.6,62,42.4,94.7,142.2,0,665.48,april 6- april 12,SouthEast
Rohwer,2011,Merschman M-1015B-15,217.1,97,241,115,13.627367,33.28875862,20.62937931,3308.98,554.33,26.95906897,92,72,181.6,62,42.4,94.7,142.2,0,665.48,april 6- april 12,SouthEast
Rohwer,2011,Mycogen 2V738,216.8,97,241,113,13.608536,33.28875862,20.62937931,3308.98,554.33,26.95906897,92,72,181.6,62,42.4,94.7,142.2,0,665.48,april 6- april 12,SouthEast
Rohwer,2011,Armor 1415PRO,216.7,97,241,114,13.602259,33.28875862,20.62937931,3308.98,554.33,26.95906897,92,72,181.6,62,42.4,94.7,142.2,0,665.48,april 6- april 12,SouthEast
Rohwer,2011,M-Pride 111x1-11 VT3Pro,216.5,97,241,111,13.589705,33.28875862,20.62937931,3308.98,554.33,26.95906897,92,72,181.6,62,42.4,94.7,142.2,0,665.48,april 6- april 12,SouthEast
Rohwer,2011,AgriGold A6489VT3,215.9,97,241,112,13.552043,33.28875862,20.62937931,3308.98,554.33,26.95906897,92,72,181.6,62,42.4,94.7,142.2,0,665.48,april 6- april 12,SouthEast
Rohwer,2011,Delta Grow 8188 GTBt11,215,97,241,113,13.49555,33.28875862,20.62937931,3308.98,554.33,26.95906897,92,72,181.6,62,42.4,94.7,142.2,0,665.48,april 6- april 12,SouthEast
Rohwer,2011,AgriGold A6632VT3Pro,214.4,97,241,115,13.457888,33.28875862,20.62937931,3308.98,554.33,26.95906897,92,72,181.6,62,42.4,94.7,142.2,0,665.48,april 6- april 12,SouthEast
Rohwer,2011,Syngenta N72F-3000GT,214.3,97,241,113,13.451611,33.28875862,20.62937931,3308.98,554.33,26.95906897,92,72,181.6,62,42.4,94.7,142.2,0,665.48,april 6- april 12,SouthEast
Rohwer,2011,Syngenta N68B-3111,213.3,97,241,111,13.388841,33.28875862,20.62937931,3308.98,554.33,26.95906897,92,72,181.6,62,42.4,94.7,142.2,0,665.48,april 6- april 12,SouthEast
Rohwer,2011,AgriGold A6553VT3,212.3,97,241,113,13.326071,33.28875862,20.62937931,3308.98,554.33,26.95906897,92,72,181.6,62,42.4,94.7,142.2,0,665.48,april 6- april 12,SouthEast
Rohwer,2011,Dyna-Gro D55VC21,212,97,241,115,13.30724,33.28875862,20.62937931,3308.98,554.33,26.95906897,92,72,181.6,62,42.4,94.7,142.2,0,665.48,april 6- april 12,SouthEast
Rohwer,2011,Croplan 6725 VT3P,211.6,97,241,113,13.282132,33.28875862,20.62937931,3308.98,554.33,26.95906897,92,72,181.6,62,42.4,94.7,142.2,0,665.48,april 6- april 12,SouthEast
Rohwer,2011,Delta Grow 2988 GTBt11,210.9,97,241,116,13.238193,33.28875862,20.62937931,3308.98,554.33,26.95906897,92,72,181.6,62,42.4,94.7,142.2,0,665.48,april 6- april 12,SouthEast
Rohwer,2011,Mycogen 2A787,210.2,97,241,115,13.194254,33.28875862,20.62937931,3308.98,554.33,26.95906897,92,72,181.6,62,42.4,94.7,142.2,0,665.48,april 6- april 12,SouthEast
Rohwer,2011,BH 8928VTTP,209.7,97,241,116,13.162869,33.28875862,20.62937931,3308.98,554.33,26.95906897,92,72,181.6,62,42.4,94.7,142.2,0,665.48,april 6- april 12,SouthEast
Rohwer,2011,DEKALB DKC66-96,208.5,97,241,116,13.087545,33.28875862,20.62937931,3308.98,554.33,26.95906897,92,72,181.6,62,42.4,94.7,142.2,0,665.48,april 6- april 12,SouthEast
Rohwer,2011,M-Pride 3151 GTCBLL,207.4,97,241,116,13.018498,33.28875862,20.62937931,3308.98,554.33,26.95906897,92,72,181.6,62,42.4,94.7,142.2,0,665.48,april 6- april 12,SouthEast
Rohwer,2011,M-Pride 3140 VT3Pro,207.3,97,241,114,13.012221,33.28875862,20.62937931,3308.98,554.33,26.95906897,92,72,181.6,62,42.4,94.7,142.2,0,665.48,april 6- april 12,SouthEast
Rohwer,2011,Armor 1262DPRO,205.6,97,241,112,12.905512,33.28875862,20.62937931,3308.98,554.33,26.95906897,92,72,181.6,62,42.4,94.7,142.2,0,665.48,april 6- april 12,SouthEast
Rohwer,2011,Delta Grow 2888 GTBt11,205.4,97,241,116,12.892958,33.28875862,20.62937931,3308.98,554.33,26.95906897,92,72,181.6,62,42.4,94.7,142.2,0,665.48,april 6- april 12,SouthEast
Rohwer,2011,REV¨26HR50ª,205.3,97,241,116,12.886681,33.28875862,20.62937931,3308.98,554.33,26.95906897,92,72,181.6,62,42.4,94.7,142.2,0,665.48,april 6- april 12,SouthEast
Rohwer,2011,DEKALB DKC64-83,205.1,97,241,114,12.874127,33.28875862,20.62937931,3308.98,554.33,26.95906897,92,72,181.6,62,42.4,94.7,142.2,0,665.48,april 6- april 12,SouthEast
Rohwer,2011,Dyna-Gro V5373VT3,204.2,97,241,113,12.817634,33.28875862,20.62937931,3308.98,554.33,26.95906897,92,72,181.6,62,42.4,94.7,142.2,0,665.48,april 6- april 12,SouthEast
Rohwer,2011,Pioneer P1615HR,201.2,97,241,116,12.629324,33.28875862,20.62937931,3308.98,554.33,26.95906897,92,72,181.6,62,42.4,94.7,142.2,0,665.48,april 6- april 12,SouthEast
Rohwer,2011,AgriGold A6679VT3Pro,200.9,97,241,116,12.610493,33.28875862,20.62937931,3308.98,554.33,26.95906897,92,72,181.6,62,42.4,94.7,142.2,0,665.48,april 6- april 12,SouthEast
Rohwer,2011,BH Genetics XP 8570VTTP,200.3,97,241,113,12.572831,33.28875862,20.62937931,3308.98,554.33,26.95906897,92,72,181.6,62,42.4,94.7,142.2,0,665.48,april 6- april 12,SouthEast
Rohwer,2011,Mycogen 2V715,200.3,97,241,111,12.572831,33.28875862,20.62937931,3308.98,554.33,26.95906897,92,72,181.6,62,42.4,94.7,142.2,0,665.48,april 6- april 12,SouthEast
Rohwer,2011,M-Pride 3152 VT3Pro,200.2,97,241,115,12.566554,33.28875862,20.62937931,3308.98,554.33,26.95906897,92,72,181.6,62,42.4,94.7,142.2,0,665.48,april 6- april 12,SouthEast
Rohwer,2011,Armor 1655PRO(V),199.6,97,241,116,12.528892,33.28875862,20.62937931,3308.98,554.33,26.95906897,92,72,181.6,62,42.4,94.7,142.2,0,665.48,april 6- april 12,SouthEast
Rohwer,2011,Dyna-Gro 57V59,199.6,97,241,114,12.528892,33.28875862,20.62937931,3308.98,554.33,26.95906897,92,72,181.6,62,42.4,94.7,142.2,0,665.48,april 6- april 12,SouthEast
Rohwer,2011,Dyna-Gro D55Q80,197.4,97,241,115,12.390798,33.28875862,20.62937931,3308.98,554.33,26.95906897,92,72,181.6,62,42.4,94.7,142.2,0,665.48,april 6- april 12,SouthEast
Rohwer,2011,DEKALB DKC65-19,197.2,97,241,115,12.378244,33.28875862,20.62937931,3308.98,554.33,26.95906897,92,72,181.6,62,42.4,94.7,142.2,0,665.48,april 6- april 12,SouthEast
Rohwer,2011,Syngenta N77P 3000GT,197.1,97,241,114,12.371967,33.28875862,20.62937931,3308.98,554.33,26.95906897,92,72,181.6,62,42.4,94.7,142.2,0,665.48,april 6- april 12,SouthEast
Rohwer,2011,Syngenta N79Z-GT/CB/LL,196.1,97,241,116,12.309197,33.28875862,20.62937931,3308.98,554.33,26.95906897,92,72,181.6,62,42.4,94.7,142.2,0,665.48,april 6- april 12,SouthEast
Rohwer,2011,Dyna-Gro D56VP69,194,97,241,116,12.17738,33.28875862,20.62937931,3308.98,554.33,26.95906897,92,72,181.6,62,42.4,94.7,142.2,0,665.48,april 6- april 12,SouthEast
Rohwer,2011,Triumph 7514S,193.2,97,241,114,12.127164,33.28875862,20.62937931,3308.98,554.33,26.95906897,92,72,181.6,62,42.4,94.7,142.2,0,665.48,april 6- april 12,SouthEast
Rohwer,2011,Mycogen 2T784,192.5,97,241,114,12.083225,33.28875862,20.62937931,3308.98,554.33,26.95906897,92,72,181.6,62,42.4,94.7,142.2,0,665.48,april 6- april 12,SouthEast
Rohwer,2011,Armor 1539PRO,191,97,241,115,11.98907,33.28875862,20.62937931,3308.98,554.33,26.95906897,92,72,181.6,62,42.4,94.7,142.2,0,665.48,april 6- april 12,SouthEast
Rohwer,2011,REV¨26HR82ª,190.5,97,241,116,11.957685,33.28875862,20.62937931,3308.98,554.33,26.95906897,92,72,181.6,62,42.4,94.7,142.2,0,665.48,april 6- april 12,SouthEast
Rohwer,2011,Delta Grow 3788 GTBt11,190.1,97,241,115,11.932577,33.28875862,20.62937931,3308.98,554.33,26.95906897,92,72,181.6,62,42.4,94.7,142.2,0,665.48,april 6- april 12,SouthEast
Rohwer,2011,Armor 1161PRO(V),189.5,97,241,111,11.894915,33.28875862,20.62937931,3308.98,554.33,26.95906897,92,72,181.6,62,42.4,94.7,142.2,0,665.48,april 6- april 12,SouthEast
Rohwer,2011,M-Pride 3110 GT,189.5,97,241,116,11.894915,33.28875862,20.62937931,3308.98,554.33,26.95906897,92,72,181.6,62,42.4,94.7,142.2,0,665.48,april 6- april 12,SouthEast
Rohwer,2011,Mycogen 2T832,189.5,97,241,115,11.894915,33.28875862,20.62937931,3308.98,554.33,26.95906897,92,72,181.6,62,42.4,94.7,142.2,0,665.48,april 6- april 12,SouthEast
Rohwer,2011,M-Pride 3193 VT3Pro,188.1,97,241,115,11.807037,33.28875862,20.62937931,3308.98,554.33,26.95906897,92,72,181.6,62,42.4,94.7,142.2,0,665.48,april 6- april 12,SouthEast
Rohwer,2011,Golden Acres GA 26V31,187.2,97,241,115,11.750544,33.28875862,20.62937931,3308.98,554.33,26.95906897,92,72,181.6,62,42.4,94.7,142.2,0,665.48,april 6- april 12,SouthEast
Rohwer,2011,BH Genetics XP 8492SS,185.3,97,241,112,11.631281,33.28875862,20.62937931,3308.98,554.33,26.95906897,92,72,181.6,62,42.4,94.7,142.2,0,665.48,april 6- april 12,SouthEast
Rohwer,2011,REV¨26HR22ª,180.5,97,241,116,11.329985,33.28875862,20.62937931,3308.98,554.33,26.95906897,92,72,181.6,62,42.4,94.7,142.2,0,665.48,april 6- april 12,SouthEast
Rohwer,2011,REV¨25HR49ª,178,97,241,115,11.17306,33.28875862,20.62937931,3308.98,554.33,26.95906897,92,72,181.6,62,42.4,94.7,142.2,0,665.48,april 6- april 12,SouthEast
Rohwer,2011,M-Pride 3150 GT3,176.2,97,241,115,11.060074,33.28875862,20.62937931,3308.98,554.33,26.95906897,92,72,181.6,62,42.4,94.7,142.2,0,665.48,april 6- april 12,SouthEast
Rohwer,2011,Dyna-Gro D51VP40,168.3,97,241,111,10.564191,33.28875862,20.62937931,3308.98,554.33,26.95906897,92,72,181.6,62,42.4,94.7,142.2,0,665.48,april 6- april 12,SouthEast
Rohwer,2011,REV¨25R19ª,167.4,97,241,115,10.507698,33.28875862,20.62937931,3308.98,554.33,26.95906897,92,72,181.6,62,42.4,94.7,142.2,0,665.48,april 6- april 12,SouthEast
Rohwer,2011,REV¨25HR39ª,167,97,241,115,10.48259,33.28875862,20.62937931,3308.98,554.33,26.95906897,92,72,181.6,62,42.4,94.7,142.2,0,665.48,april 6- april 12,SouthEast
Rohwer,2011,REV¨26R60ª,162,97,241,116,10.16874,33.28875862,20.62937931,3308.98,554.33,26.95906897,92,72,181.6,62,42.4,94.7,142.2,0,665.48,april 6- april 12,SouthEast
Rohwer,2011,REV¨26HR70ª,161.7,97,241,116,10.149909,33.28875862,20.62937931,3308.98,554.33,26.95906897,92,72,181.6,62,42.4,94.7,142.2,0,665.48,april 6- april 12,SouthEast
Rohwer,2011,DEKALB DKC69-29,228.2,97,242,119,14.324114,33.28875862,20.62937931,3308.98,554.33,26.95906897,92,72,181.6,62,42.4,94.7,142.2,0,665.48,april 6- april 12,SouthEast
Rohwer,2011,Merschman M-816A-10,224.7,97,242,117,14.104419,33.28875862,20.62937931,3308.98,554.33,26.95906897,92,72,181.6,62,42.4,94.7,142.2,0,665.48,april 6- april 12,SouthEast
Rohwer,2011,REV¨28HR20ª,214.9,97,242,118,13.489273,33.28875862,20.62937931,3308.98,554.33,26.95906897,92,72,181.6,62,42.4,94.7,142.2,0,665.48,april 6- april 12,SouthEast
Rohwer,2011,AgriGold A6839VT3Pro,211.8,97,242,119,13.294686,33.28875862,20.62937931,3308.98,554.33,26.95906897,92,72,181.6,62,42.4,94.7,142.2,0,665.48,april 6- april 12,SouthEast
Rohwer,2011,DEKALB DKC67-57,209.6,97,242,117,13.156592,33.28875862,20.62937931,3308.98,554.33,26.95906897,92,72,181.6,62,42.4,94.7,142.2,0,665.48,april 6- april 12,SouthEast
Rohwer,2011,Golden Acres GA 28V81,207.6,97,242,118,13.031052,33.28875862,20.62937931,3308.98,554.33,26.95906897,92,72,181.6,62,42.4,94.7,142.2,0,665.48,april 6- april 12,SouthEast
Rohwer,2011,Croplan 8756 VT3,204,97,242,117,12.80508,33.28875862,20.62937931,3308.98,554.33,26.95906897,92,72,181.6,62,42.4,94.7,142.2,0,665.48,april 6- april 12,SouthEast
Rohwer,2011,DEKALB DKC67-88,203.4,97,242,117,12.767418,33.28875862,20.62937931,3308.98,554.33,26.95906897,92,72,181.6,62,42.4,94.7,142.2,0,665.48,april 6- april 12,SouthEast
Rohwer,2011,Dyna-Gro D58VP30,200.5,97,242,118,12.585385,33.28875862,20.62937931,3308.98,554.33,26.95906897,92,72,181.6,62,42.4,94.7,142.2,0,665.48,april 6- april 12,SouthEast
Rohwer,2011,Triumph 1956H,199.5,97,242,118,12.522615,33.28875862,20.62937931,3308.98,554.33,26.95906897,92,72,181.6,62,42.4,94.7,142.2,0,665.48,april 6- april 12,SouthEast
Rohwer,2011,Pioneer P2088HR,195.4,97,242,120,12.265258,33.28875862,20.62937931,3308.98,554.33,26.95906897,92,72,181.6,62,42.4,94.7,142.2,0,665.48,april 6- april 12,SouthEast
Rohwer,2011,REV¨28R10ª,193.4,97,242,118,12.139718,33.28875862,20.62937931,3308.98,554.33,26.95906897,92,72,181.6,62,42.4,94.7,142.2,0,665.48,april 6- april 12,SouthEast
Rohwer,2011,Croplan 8505 VT3P,192.2,97,242,117,12.064394,33.28875862,20.62937931,3308.98,554.33,26.95906897,92,72,181.6,62,42.4,94.7,142.2,0,665.48,april 6- april 12,SouthEast
Rohwer,2011,REV¨27HR32ª,191.8,97,242,117,12.039286,33.28875862,20.62937931,3308.98,554.33,26.95906897,92,72,181.6,62,42.4,94.7,142.2,0,665.48,april 6- april 12,SouthEast
Rohwer,2011,Delta Grow 8488,191.6,97,242,119,12.026732,33.28875862,20.62937931,3308.98,554.33,26.95906897,92,72,181.6,62,42.4,94.7,142.2,0,665.48,april 6- april 12,SouthEast
Rohwer,2011,REV¨27HR52ª,191.3,97,242,117,12.007901,33.28875862,20.62937931,3308.98,554.33,26.95906897,92,72,181.6,62,42.4,94.7,142.2,0,665.48,april 6- april 12,SouthEast
Rohwer,2011,REV¨28HR30ª,190.8,97,242,118,11.976516,33.28875862,20.62937931,3308.98,554.33,26.95906897,92,72,181.6,62,42.4,94.7,142.2,0,665.48,april 6- april 12,SouthEast
Rohwer,2011,REV¨28HR29ª,186.3,97,242,118,11.694051,33.28875862,20.62937931,3308.98,554.33,26.95906897,92,72,181.6,62,42.4,94.7,142.2,0,665.48,april 6- april 12,SouthEast
Rohwer,2011,Dyna-Gro D57GT60,183.2,97,242,117,11.499464,33.28875862,20.62937931,3308.98,554.33,26.95906897,92,72,181.6,62,42.4,94.7,142.2,0,665.48,april 6- april 12,SouthEast
Bellfarm,2011,Croplan 6926 VT3P,210.2,108,241,113,13.194254,31.52992537,20.3961194,2996.89,622.94,25.96302239,77,30,,,,,,,,april 13- april 19,CenterEast
Bellfarm,2011,Armor 1415PRO,207.6,108,241,114,13.031052,31.52992537,20.3961194,2996.89,622.94,25.96302239,77,30,,,,,,,,april 13- april 19,CenterEast
Bellfarm,2011,Armor 1161PRO(V),206.7,108,241,111,12.974559,31.52992537,20.3961194,2996.89,622.94,25.96302239,77,30,,,,,,,,april 13- april 19,CenterEast
Bellfarm,2011,Delta Grow 2988 GTBt11,206,108,241,116,12.93062,31.52992537,20.3961194,2996.89,622.94,25.96302239,77,30,,,,,,,,april 13- april 19,CenterEast
Bellfarm,2011,Syngenta N68B-3111,201.9,108,241,111,12.673263,31.52992537,20.3961194,2996.89,622.94,25.96302239,77,30,,,,,,,,april 13- april 19,CenterEast
Bellfarm,2011,DEKALB DKC64-69,201.8,108,241,114,12.666986,31.52992537,20.3961194,2996.89,622.94,25.96302239,77,30,,,,,,,,april 13- april 19,CenterEast
Bellfarm,2011,Dyna-Gro D51VP40,201.5,108,241,111,12.648155,31.52992537,20.3961194,2996.89,622.94,25.96302239,77,30,,,,,,,,april 13- april 19,CenterEast
Bellfarm,2011,Armor 1262DPRO,199.7,108,241,112,12.535169,31.52992537,20.3961194,2996.89,622.94,25.96302239,77,30,,,,,,,,april 13- april 19,CenterEast
Bellfarm,2011,DEKALB DKC66-96,198.6,108,241,116,12.466122,31.52992537,20.3961194,2996.89,622.94,25.96302239,77,30,,,,,,,,april 13- april 19,CenterEast
Bellfarm,2011,Merschman M-1015B-15,197.8,108,241,115,12.415906,31.52992537,20.3961194,2996.89,622.94,25.96302239,77,30,,,,,,,,april 13- april 19,CenterEast
Bellfarm,2011,Delta Grow 8188 GTBt11,197.1,108,241,113,12.371967,31.52992537,20.3961194,2996.89,622.94,25.96302239,77,30,,,,,,,,april 13- april 19,CenterEast
Bellfarm,2011,Pioneer P1615HR,196.9,108,241,116,12.359413,31.52992537,20.3961194,2996.89,622.94,25.96302239,77,30,,,,,,,,april 13- april 19,CenterEast
Bellfarm,2011,Dyna-Gro D56VP69,196.6,108,241,116,12.340582,31.52992537,20.3961194,2996.89,622.94,25.96302239,77,30,,,,,,,,april 13- april 19,CenterEast
Bellfarm,2011,DEKALB DKC61-88,196.2,108,241,111,12.315474,31.52992537,20.3961194,2996.89,622.94,25.96302239,77,30,,,,,,,,april 13- april 19,CenterEast
Bellfarm,2011,Dyna-Gro D55VC21,193.8,108,241,115,12.164826,31.52992537,20.3961194,2996.89,622.94,25.96302239,77,30,,,,,,,,april 13- april 19,CenterEast
Bellfarm,2011,AgriGold A6632VT3Pro,193.1,108,241,115,12.120887,31.52992537,20.3961194,2996.89,622.94,25.96302239,77,30,,,,,,,,april 13- april 19,CenterEast
Bellfarm,2011,Dyna-Gro D54VP81,192.2,108,241,114,12.064394,31.52992537,20.3961194,2996.89,622.94,25.96302239,77,30,,,,,,,,april 13- april 19,CenterEast
Bellfarm,2011,Golden Acres GA 26V31,192.2,108,241,115,12.064394,31.52992537,20.3961194,2996.89,622.94,25.96302239,77,30,,,,,,,,april 13- april 19,CenterEast
Bellfarm,2011,M-Pride 3152 VT3Pro,191.9,108,241,115,12.045563,31.52992537,20.3961194,2996.89,622.94,25.96302239,77,30,,,,,,,,april 13- april 19,CenterEast
Bellfarm,2011,AgriGold A6553VT3,191.3,108,241,113,12.007901,31.52992537,20.3961194,2996.89,622.94,25.96302239,77,30,,,,,,,,april 13- april 19,CenterEast
Bellfarm,2011,Armor 1655PRO(V),189.3,108,241,116,11.882361,31.52992537,20.3961194,2996.89,622.94,25.96302239,77,30,,,,,,,,april 13- april 19,CenterEast
Bellfarm,2011,AgriGold A6679VT3Pro,188.8,108,241,116,11.850976,31.52992537,20.3961194,2996.89,622.94,25.96302239,77,30,,,,,,,,april 13- april 19,CenterEast
Bellfarm,2011,Syngenta N77P 3000GT,188.3,108,241,114,11.819591,31.52992537,20.3961194,2996.89,622.94,25.96302239,77,30,,,,,,,,april 13- april 19,CenterEast
Bellfarm,2011,REV¨25R19ª,187.9,108,241,115,11.794483,31.52992537,20.3961194,2996.89,622.94,25.96302239,77,30,,,,,,,,april 13- april 19,CenterEast
Bellfarm,2011,Croplan 6725 VT3P,187.7,108,241,113,11.781929,31.52992537,20.3961194,2996.89,622.94,25.96302239,77,30,,,,,,,,april 13- april 19,CenterEast
Bellfarm,2011,REV¨25HR49ª,186.5,108,241,115,11.706605,31.52992537,20.3961194,2996.89,622.94,25.96302239,77,30,,,,,,,,april 13- april 19,CenterEast
Bellfarm,2011,BH 8928VTTP,185.2,108,241,116,11.625004,31.52992537,20.3961194,2996.89,622.94,25.96302239,77,30,,,,,,,,april 13- april 19,CenterEast
Bellfarm,2011,Delta Grow 2888 GTBt11,185.2,108,241,116,11.625004,31.52992537,20.3961194,2996.89,622.94,25.96302239,77,30,,,,,,,,april 13- april 19,CenterEast
Bellfarm,2011,AgriGold A6533VT3,184.8,108,241,113,11.599896,31.52992537,20.3961194,2996.89,622.94,25.96302239,77,30,,,,,,,,april 13- april 19,CenterEast
Bellfarm,2011,DEKALB DKC64-83,184.6,108,241,114,11.587342,31.52992537,20.3961194,2996.89,622.94,25.96302239,77,30,,,,,,,,april 13- april 19,CenterEast
Bellfarm,2011,REV¨26R60ª,184.5,108,241,116,11.581065,31.52992537,20.3961194,2996.89,622.94,25.96302239,77,30,,,,,,,,april 13- april 19,CenterEast
Bellfarm,2011,Armor 1539PRO,183.1,108,241,115,11.493187,31.52992537,20.3961194,2996.89,622.94,25.96302239,77,30,,,,,,,,april 13- april 19,CenterEast
Bellfarm,2011,Mycogen 2T784,182.5,108,241,114,11.455525,31.52992537,20.3961194,2996.89,622.94,25.96302239,77,30,,,,,,,,april 13- april 19,CenterEast
Bellfarm,2011,REV¨26HR70ª,181.3,108,241,116,11.380201,31.52992537,20.3961194,2996.89,622.94,25.96302239,77,30,,,,,,,,april 13- april 19,CenterEast
Bellfarm,2011,Syngenta N79Z-GT/CB/LL,181.3,108,241,116,11.380201,31.52992537,20.3961194,2996.89,622.94,25.96302239,77,30,,,,,,,,april 13- april 19,CenterEast
Bellfarm,2011,M-Pride 111x1-11 VT3Pro,181.1,108,241,111,11.367647,31.52992537,20.3961194,2996.89,622.94,25.96302239,77,30,,,,,,,,april 13- april 19,CenterEast
Bellfarm,2011,REV¨26HR50ª,180.6,108,241,116,11.336262,31.52992537,20.3961194,2996.89,622.94,25.96302239,77,30,,,,,,,,april 13- april 19,CenterEast
Bellfarm,2011,BH Genetics XP 11149VTTP,180.5,108,241,114,11.329985,31.52992537,20.3961194,2996.89,622.94,25.96302239,77,30,,,,,,,,april 13- april 19,CenterEast
Bellfarm,2011,M-Pride 3193 VT3Pro,180.3,108,241,115,11.317431,31.52992537,20.3961194,2996.89,622.94,25.96302239,77,30,,,,,,,,april 13- april 19,CenterEast
Bellfarm,2011,AgriGold A6489VT3,180,108,241,112,11.2986,31.52992537,20.3961194,2996.89,622.94,25.96302239,77,30,,,,,,,,april 13- april 19,CenterEast
Bellfarm,2011,BH Genetics XP 8570VTTP,180,108,241,113,11.2986,31.52992537,20.3961194,2996.89,622.94,25.96302239,77,30,,,,,,,,april 13- april 19,CenterEast
Bellfarm,2011,Syngenta N72F-3000GT,179.9,108,241,113,11.292323,31.52992537,20.3961194,2996.89,622.94,25.96302239,77,30,,,,,,,,april 13- april 19,CenterEast
Bellfarm,2011,Dyna-Gro D56VP24,179.8,108,241,116,11.286046,31.52992537,20.3961194,2996.89,622.94,25.96302239,77,30,,,,,,,,april 13- april 19,CenterEast
Bellfarm,2011,M-Pride 3151 GTCBLL,179.5,108,241,116,11.267215,31.52992537,20.3961194,2996.89,622.94,25.96302239,77,30,,,,,,,,april 13- april 19,CenterEast
Bellfarm,2011,Dyna-Gro V5373VT3,179.4,108,241,113,11.260938,31.52992537,20.3961194,2996.89,622.94,25.96302239,77,30,,,,,,,,april 13- april 19,CenterEast
Bellfarm,2011,Dyna-Gro D55Q80,178.3,108,241,115,11.191891,31.52992537,20.3961194,2996.89,622.94,25.96302239,77,30,,,,,,,,april 13- april 19,CenterEast
Bellfarm,2011,Mycogen 2V738,177.5,108,241,113,11.141675,31.52992537,20.3961194,2996.89,622.94,25.96302239,77,30,,,,,,,,april 13- april 19,CenterEast
Bellfarm,2011,BH Genetics XP 8492SS,177.4,108,241,112,11.135398,31.52992537,20.3961194,2996.89,622.94,25.96302239,77,30,,,,,,,,april 13- april 19,CenterEast
Bellfarm,2011,AgriGold A6573VT3,177.2,108,241,112,11.122844,31.52992537,20.3961194,2996.89,622.94,25.96302239,77,30,,,,,,,,april 13- april 19,CenterEast
Bellfarm,2011,Mycogen 2A787,176.1,108,241,115,11.053797,31.52992537,20.3961194,2996.89,622.94,25.96302239,77,30,,,,,,,,april 13- april 19,CenterEast
Bellfarm,2011,REV¨26HR82ª,175.7,108,241,116,11.028689,31.52992537,20.3961194,2996.89,622.94,25.96302239,77,30,,,,,,,,april 13- april 19,CenterEast
Bellfarm,2011,M-Pride 3150 GT3,175,108,241,115,10.98475,31.52992537,20.3961194,2996.89,622.94,25.96302239,77,30,,,,,,,,april 13- april 19,CenterEast
Bellfarm,2011,DEKALB DKC65-19,173.3,108,241,115,10.878041,31.52992537,20.3961194,2996.89,622.94,25.96302239,77,30,,,,,,,,april 13- april 19,CenterEast
Bellfarm,2011,Delta Grow 3788 GTBt11,173,108,241,115,10.85921,31.52992537,20.3961194,2996.89,622.94,25.96302239,77,30,,,,,,,,april 13- april 19,CenterEast
Bellfarm,2011,M-Pride 3140 VT3Pro,172,108,241,114,10.79644,31.52992537,20.3961194,2996.89,622.94,25.96302239,77,30,,,,,,,,april 13- april 19,CenterEast
Bellfarm,2011,Mycogen 2T832,170.9,108,241,115,10.727393,31.52992537,20.3961194,2996.89,622.94,25.96302239,77,30,,,,,,,,april 13- april 19,CenterEast
Bellfarm,2011,Triumph 7514S,170,108,241,114,10.6709,31.52992537,20.3961194,2996.89,622.94,25.96302239,77,30,,,,,,,,april 13- april 19,CenterEast
Bellfarm,2011,Dyna-Gro 57V59,169.4,108,241,114,10.633238,31.52992537,20.3961194,2996.89,622.94,25.96302239,77,30,,,,,,,,april 13- april 19,CenterEast
Bellfarm,2011,REV¨26HR22ª,166.6,108,241,116,10.457482,31.52992537,20.3961194,2996.89,622.94,25.96302239,77,30,,,,,,,,april 13- april 19,CenterEast
Bellfarm,2011,Mycogen 2V715,165.9,108,241,111,10.413543,31.52992537,20.3961194,2996.89,622.94,25.96302239,77,30,,,,,,,,april 13- april 19,CenterEast
Bellfarm,2011,REV¨25HR39ª,146.1,108,241,115,9.170697,31.52992537,20.3961194,2996.89,622.94,25.96302239,77,30,,,,,,,,april 13- april 19,CenterEast
Bellfarm,2011,REV¨28HR20ª,225.3,108,241,118,14.142081,31.52992537,20.3961194,2996.89,622.94,25.96302239,77,30,,,,,,,,april 13- april 19,CenterEast
Bellfarm,2011,Pioneer P2088HR,224.3,108,241,120,14.079311,31.52992537,20.3961194,2996.89,622.94,25.96302239,77,30,,,,,,,,april 13- april 19,CenterEast
Bellfarm,2011,DEKALB DKC67-88,223.8,108,241,117,14.047926,31.52992537,20.3961194,2996.89,622.94,25.96302239,77,30,,,,,,,,april 13- april 19,CenterEast
Bellfarm,2011,Croplan 8505 VT3P,215.7,108,241,117,13.539489,31.52992537,20.3961194,2996.89,622.94,25.96302239,77,30,,,,,,,,april 13- april 19,CenterEast
Bellfarm,2011,Dyna-Gro D58VP30,207.5,108,241,118,13.024775,31.52992537,20.3961194,2996.89,622.94,25.96302239,77,30,,,,,,,,april 13- april 19,CenterEast
Bellfarm,2011,REV¨28HR29ª,207.4,108,241,118,13.018498,31.52992537,20.3961194,2996.89,622.94,25.96302239,77,30,,,,,,,,april 13- april 19,CenterEast
Bellfarm,2011,AgriGold A6839VT3Pro,206.8,108,241,119,12.980836,31.52992537,20.3961194,2996.89,622.94,25.96302239,77,30,,,,,,,,april 13- april 19,CenterEast
Bellfarm,2011,REV¨27HR32ª,206.3,108,241,117,12.949451,31.52992537,20.3961194,2996.89,622.94,25.96302239,77,30,,,,,,,,april 13- april 19,CenterEast
Bellfarm,2011,REV¨28R10ª,203.5,108,241,118,12.773695,31.52992537,20.3961194,2996.89,622.94,25.96302239,77,30,,,,,,,,april 13- april 19,CenterEast
Bellfarm,2011,DEKALB DKC67-57,202.8,108,241,117,12.729756,31.52992537,20.3961194,2996.89,622.94,25.96302239,77,30,,,,,,,,april 13- april 19,CenterEast
Bellfarm,2011,Merschman M-816A-10,197.1,108,241,117,12.371967,31.52992537,20.3961194,2996.89,622.94,25.96302239,77,30,,,,,,,,april 13- april 19,CenterEast
Bellfarm,2011,DEKALB DKC69-29,196.8,108,241,119,12.353136,31.52992537,20.3961194,2996.89,622.94,25.96302239,77,30,,,,,,,,april 13- april 19,CenterEast
Bellfarm,2011,REV¨28HR30ª,196.2,108,241,118,12.315474,31.52992537,20.3961194,2996.89,622.94,25.96302239,77,30,,,,,,,,april 13- april 19,CenterEast
Bellfarm,2011,Croplan 8756 VT3,194.7,108,241,117,12.221319,31.52992537,20.3961194,2996.89,622.94,25.96302239,77,30,,,,,,,,april 13- april 19,CenterEast
Bellfarm,2011,Golden Acres GA 28V81,189.7,108,241,118,11.907469,31.52992537,20.3961194,2996.89,622.94,25.96302239,77,30,,,,,,,,april 13- april 19,CenterEast
Bellfarm,2011,REV¨27HR52ª,188,108,241,117,11.80076,31.52992537,20.3961194,2996.89,622.94,25.96302239,77,30,,,,,,,,april 13- april 19,CenterEast
Bellfarm,2011,Triumph 1956H,186.1,108,241,118,11.681497,31.52992537,20.3961194,2996.89,622.94,25.96302239,77,30,,,,,,,,april 13- april 19,CenterEast
Bellfarm,2011,Dyna-Gro D57GT60,184.7,108,241,117,11.593619,31.52992537,20.3961194,2996.89,622.94,25.96302239,77,30,,,,,,,,april 13- april 19,CenterEast
Bellfarm,2011,Delta Grow 8488,163.5,108,241,119,10.262895,31.52992537,20.3961194,2996.89,622.94,25.96302239,77,30,,,,,,,,april 13- april 19,CenterEast
Keiser,2012,AgriGold A6659VT3Pro,289.8,96,241,116,18.190746,31.14849315,18.80863014,3376.97,262.42,24.97856164,68,47,30,106.2,64,60.5,29.2,0,289.56,april 6- april 12,NorthEast
Keiser,2012,Dyna-Gro D52VC91,288.3,96,241,112,18.096591,31.14849315,18.80863014,3376.97,262.42,24.97856164,68,47,30,106.2,64,60.5,29.2,0,289.56,april 6- april 12,NorthEast
Keiser,2012,DEKALB DKC64-69,282.1,96,241,114,17.707417,31.14849315,18.80863014,3376.97,262.42,24.97856164,68,47,30,106.2,64,60.5,29.2,0,289.56,april 6- april 12,NorthEast
Keiser,2012,Croplan 6640 VT3P,280.1,96,241,113,17.581877,31.14849315,18.80863014,3376.97,262.42,24.97856164,68,47,30,106.2,64,60.5,29.2,0,289.56,april 6- april 12,NorthEast
Keiser,2012,Delta Grow 2688 GTCBLL,279.8,96,241,112,17.563046,31.14849315,18.80863014,3376.97,262.42,24.97856164,68,47,30,106.2,64,60.5,29.2,0,289.56,april 6- april 12,NorthEast
Keiser,2012,BH 8630VTTP,267.9,96,241,116,16.816083,31.14849315,18.80863014,3376.97,262.42,24.97856164,68,47,30,106.2,64,60.5,29.2,0,289.56,april 6- april 12,NorthEast
Keiser,2012,DEKALB DKC62-09,267.1,96,241,112,16.765867,31.14849315,18.80863014,3376.97,262.42,24.97856164,68,47,30,106.2,64,60.5,29.2,0,289.56,april 6- april 12,NorthEast
Keiser,2012,Armor 1655PRO2,266.5,96,241,116,16.728205,31.14849315,18.80863014,3376.97,262.42,24.97856164,68,47,30,106.2,64,60.5,29.2,0,289.56,april 6- april 12,NorthEast
Keiser,2012,Dyna-Gro D55VP77,264.3,96,241,115,16.590111,31.14849315,18.80863014,3376.97,262.42,24.97856164,68,47,30,106.2,64,60.5,29.2,0,289.56,april 6- april 12,NorthEast
Keiser,2012,Dyna-Gro D54VP81,263.1,96,241,114,16.514787,31.14849315,18.80863014,3376.97,262.42,24.97856164,68,47,30,106.2,64,60.5,29.2,0,289.56,april 6- april 12,NorthEast
Keiser,2012,Delta Grow 6388 GTCBLL,257.6,96,241,114,16.169552,31.14849315,18.80863014,3376.97,262.42,24.97856164,68,47,30,106.2,64,60.5,29.2,0,289.56,april 6- april 12,NorthEast
Keiser,2012,REV¨26HR50ª,255.5,96,241,116,16.037735,31.14849315,18.80863014,3376.97,262.42,24.97856164,68,47,30,106.2,64,60.5,29.2,0,289.56,april 6- april 12,NorthEast
Keiser,2012,Delta Grow 2788 CBLL,254.4,96,241,116,15.968688,31.14849315,18.80863014,3376.97,262.42,24.97856164,68,47,30,106.2,64,60.5,29.2,0,289.56,april 6- april 12,NorthEast
Keiser,2012,Agrigold A6679VT3Pro,253.4,96,241,116,15.905918,31.14849315,18.80863014,3376.97,262.42,24.97856164,68,47,30,106.2,64,60.5,29.2,0,289.56,april 6- april 12,NorthEast
Keiser,2012,Delta Grow 6488 GTCBLL,252.4,96,241,116,15.843148,31.14849315,18.80863014,3376.97,262.42,24.97856164,68,47,30,106.2,64,60.5,29.2,0,289.56,april 6- april 12,NorthEast
Keiser,2012,Delta Grow 4725 VIPGTCBLL,250.3,96,241,115,15.711331,31.14849315,18.80863014,3376.97,262.42,24.97856164,68,47,30,106.2,64,60.5,29.2,0,289.56,april 6- april 12,NorthEast
Keiser,2012,Pioneer P1615HR,248.6,96,241,116,15.604622,31.14849315,18.80863014,3376.97,262.42,24.97856164,68,47,30,106.2,64,60.5,29.2,0,289.56,april 6- april 12,NorthEast
Keiser,2012,MorCorn MC4338VT3P,247.2,96,241,113,15.516744,31.14849315,18.80863014,3376.97,262.42,24.97856164,68,47,30,106.2,64,60.5,29.2,0,289.56,april 6- april 12,NorthEast
Keiser,2012,Croplan 6926 VT3P,243.8,96,241,113,15.303326,31.14849315,18.80863014,3376.97,262.42,24.97856164,68,47,30,106.2,64,60.5,29.2,0,289.56,april 6- april 12,NorthEast
Keiser,2012,Armor 1550PRO3,243.2,96,241,115,15.265664,31.14849315,18.80863014,3376.97,262.42,24.97856164,68,47,30,106.2,64,60.5,29.2,0,289.56,april 6- april 12,NorthEast
Keiser,2012,DEKALB DKC65-19,241.9,96,241,115,15.184063,31.14849315,18.80863014,3376.97,262.42,24.97856164,68,47,30,106.2,64,60.5,29.2,0,289.56,april 6- april 12,NorthEast
Keiser,2012,NK N68B-3111 Brand,240.8,96,241,111,15.115016,31.14849315,18.80863014,3376.97,262.42,24.97856164,68,47,30,106.2,64,60.5,29.2,0,289.56,april 6- april 12,NorthEast
Keiser,2012,LG5630VT3Pro,238.2,96,241,114,14.951814,31.14849315,18.80863014,3376.97,262.42,24.97856164,68,47,30,106.2,64,60.5,29.2,0,289.56,april 6- april 12,NorthEast
Keiser,2012,Delta Grow 3588 GTCBLL,235.4,96,241,111,14.776058,31.14849315,18.80863014,3376.97,262.42,24.97856164,68,47,30,106.2,64,60.5,29.2,0,289.56,april 6- april 12,NorthEast
Keiser,2012,Dyna-Gro D56VP24,235.4,96,241,116,14.776058,31.14849315,18.80863014,3376.97,262.42,24.97856164,68,47,30,106.2,64,60.5,29.2,0,289.56,april 6- april 12,NorthEast
Keiser,2012,DEKALB DKC66-97,235.3,96,241,116,14.769781,31.14849315,18.80863014,3376.97,262.42,24.97856164,68,47,30,106.2,64,60.5,29.2,0,289.56,april 6- april 12,NorthEast
Keiser,2012,REV¨24BHR93ª,233,96,241,114,14.62541,31.14849315,18.80863014,3376.97,262.42,24.97856164,68,47,30,106.2,64,60.5,29.2,0,289.56,april 6- april 12,NorthEast
Keiser,2012,DEKALB DKC66-86,232.3,96,241,116,14.581471,31.14849315,18.80863014,3376.97,262.42,24.97856164,68,47,30,106.2,64,60.5,29.2,0,289.56,april 6- april 12,NorthEast
Keiser,2012,Golden Acres GA G5531,232,96,241,115,14.56264,31.14849315,18.80863014,3376.97,262.42,24.97856164,68,47,30,106.2,64,60.5,29.2,0,289.56,april 6- april 12,NorthEast
Keiser,2012,NK N77P-3111 Brand,230.7,96,241,114,14.481039,31.14849315,18.80863014,3376.97,262.42,24.97856164,68,47,30,106.2,64,60.5,29.2,0,289.56,april 6- april 12,NorthEast
Keiser,2012,LG2602VT3Pro,229.8,96,241,112,14.424546,31.14849315,18.80863014,3376.97,262.42,24.97856164,68,47,30,106.2,64,60.5,29.2,0,289.56,april 6- april 12,NorthEast
Keiser,2012,DEKALB DKC61-88,229.6,96,241,111,14.411992,31.14849315,18.80863014,3376.97,262.42,24.97856164,68,47,30,106.2,64,60.5,29.2,0,289.56,april 6- april 12,NorthEast
Keiser,2012,Armor 1415PRO3,229.5,96,241,114,14.405715,31.14849315,18.80863014,3376.97,262.42,24.97856164,68,47,30,106.2,64,60.5,29.2,0,289.56,april 6- april 12,NorthEast
Keiser,2012,AgriGold A6573VT3Pro,228.9,96,241,112,14.368053,31.14849315,18.80863014,3376.97,262.42,24.97856164,68,47,30,106.2,64,60.5,29.2,0,289.56,april 6- april 12,NorthEast
Keiser,2012,REV¨23RE73ª,227.6,96,241,112,14.286452,31.14849315,18.80863014,3376.97,262.42,24.97856164,68,47,30,106.2,64,60.5,29.2,0,289.56,april 6- april 12,NorthEast
Keiser,2012,Triumph TRX21343H,226.5,96,241,113,14.217405,31.14849315,18.80863014,3376.97,262.42,24.97856164,68,47,30,106.2,64,60.5,29.2,0,289.56,april 6- april 12,NorthEast
Keiser,2012,Armor 1133PRO3,224.3,96,241,111,14.079311,31.14849315,18.80863014,3376.97,262.42,24.97856164,68,47,30,106.2,64,60.5,29.2,0,289.56,april 6- april 12,NorthEast
Keiser,2012,Merschman M-1015B-15,224,96,241,115,14.06048,31.14849315,18.80863014,3376.97,262.42,24.97856164,68,47,30,106.2,64,60.5,29.2,0,289.56,april 6- april 12,NorthEast
Keiser,2012,Delta Grow 3788 GTCBLL,223.7,96,241,114,14.041649,31.14849315,18.80863014,3376.97,262.42,24.97856164,68,47,30,106.2,64,60.5,29.2,0,289.56,april 6- april 12,NorthEast
Keiser,2012,NK N78S-3111 Brand,223,96,241,116,13.99771,31.14849315,18.80863014,3376.97,262.42,24.97856164,68,47,30,106.2,64,60.5,29.2,0,289.56,april 6- april 12,NorthEast
Keiser,2012,Delta Grow 2888 GTCBLL,222.1,96,241,116,13.941217,31.14849315,18.80863014,3376.97,262.42,24.97856164,68,47,30,106.2,64,60.5,29.2,0,289.56,april 6- april 12,NorthEast
Keiser,2012,REV¨21HR33ª,221,96,241,112,13.87217,31.14849315,18.80863014,3376.97,262.42,24.97856164,68,47,30,106.2,64,60.5,29.2,0,289.56,april 6- april 12,NorthEast
Keiser,2012,REV¨25BHR63ª,220.3,96,241,116,13.828231,31.14849315,18.80863014,3376.97,262.42,24.97856164,68,47,30,106.2,64,60.5,29.2,0,289.56,april 6- april 12,NorthEast
Keiser,2012,Croplan 6725 VT3P,218.9,96,241,113,13.740353,31.14849315,18.80863014,3376.97,262.42,24.97856164,68,47,30,106.2,64,60.5,29.2,0,289.56,april 6- april 12,NorthEast
Keiser,2012,AgriGold A6632VT2RIB,218.8,96,241,115,13.734076,31.14849315,18.80863014,3376.97,262.42,24.97856164,68,47,30,106.2,64,60.5,29.2,0,289.56,april 6- april 12,NorthEast
Keiser,2012,BH Gen. XP 8550VTTP,217.6,96,241,115,13.658752,31.14849315,18.80863014,3376.97,262.42,24.97856164,68,47,30,106.2,64,60.5,29.2,0,289.56,april 6- april 12,NorthEast
Keiser,2012,NK N74G-3000GT Brand,217.1,96,241,114,13.627367,31.14849315,18.80863014,3376.97,262.42,24.97856164,68,47,30,106.2,64,60.5,29.2,0,289.56,april 6- april 12,NorthEast
Keiser,2012,Dyna-Gro D56VP10,213.6,96,241,116,13.407672,31.14849315,18.80863014,3376.97,262.42,24.97856164,68,47,30,106.2,64,60.5,29.2,0,289.56,april 6- april 12,NorthEast
Keiser,2012,AgriGold A6517VT3Pro,213.1,96,241,113,13.376287,31.14849315,18.80863014,3376.97,262.42,24.97856164,68,47,30,106.2,64,60.5,29.2,0,289.56,april 6- april 12,NorthEast
Keiser,2012,Merschman 9810VT3PRO,210.8,96,241,114,13.231916,31.14849315,18.80863014,3376.97,262.42,24.97856164,68,47,30,106.2,64,60.5,29.2,0,289.56,april 6- april 12,NorthEast
Keiser,2012,DEKALB DKC63-87,210.2,96,241,113,13.194254,31.14849315,18.80863014,3376.97,262.42,24.97856164,68,47,30,106.2,64,60.5,29.2,0,289.56,april 6- april 12,NorthEast
Keiser,2012,AgriGold A6489VT3,209.7,96,241,112,13.162869,31.14849315,18.80863014,3376.97,262.42,24.97856164,68,47,30,106.2,64,60.5,29.2,0,289.56,april 6- april 12,NorthEast
Keiser,2012,LG2636VT3Pro,209.2,96,241,114,13.131484,31.14849315,18.80863014,3376.97,262.42,24.97856164,68,47,30,106.2,64,60.5,29.2,0,289.56,april 6- april 12,NorthEast
Keiser,2012,MorCorn MC4234VT2P,207.9,96,241,112,13.049883,31.14849315,18.80863014,3376.97,262.42,24.97856164,68,47,30,106.2,64,60.5,29.2,0,289.56,april 6- april 12,NorthEast
Keiser,2012,AgriGold A6553VT2RIB,206.7,96,241,113,12.974559,31.14849315,18.80863014,3376.97,262.42,24.97856164,68,47,30,106.2,64,60.5,29.2,0,289.56,april 6- april 12,NorthEast
Keiser,2012,DEKALB DKC64-83,206.2,96,241,114,12.943174,31.14849315,18.80863014,3376.97,262.42,24.97856164,68,47,30,106.2,64,60.5,29.2,0,289.56,april 6- april 12,NorthEast
Keiser,2012,Armor 1330PRO3,205.9,96,241,113,12.924343,31.14849315,18.80863014,3376.97,262.42,24.97856164,68,47,30,106.2,64,60.5,29.2,0,289.56,april 6- april 12,NorthEast
Keiser,2012,Armor 1262PRO2,203.6,96,241,112,12.779972,31.14849315,18.80863014,3376.97,262.42,24.97856164,68,47,30,106.2,64,60.5,29.2,0,289.56,april 6- april 12,NorthEast
Keiser,2012,Armor 1161PRO2,201.3,96,241,111,12.635601,31.14849315,18.80863014,3376.97,262.42,24.97856164,68,47,30,106.2,64,60.5,29.2,0,289.56,april 6- april 12,NorthEast
Keiser,2012,MorCorn MC4344VT2P,201.3,96,241,113,12.635601,31.14849315,18.80863014,3376.97,262.42,24.97856164,68,47,30,106.2,64,60.5,29.2,0,289.56,april 6- april 12,NorthEast
Keiser,2012,Armor 1111PRO3,200.8,96,241,111,12.604216,31.14849315,18.80863014,3376.97,262.42,24.97856164,68,47,30,106.2,64,60.5,29.2,0,289.56,april 6- april 12,NorthEast
Keiser,2012,Golden Acres GA 26V21,198.1,96,241,115,12.434737,31.14849315,18.80863014,3376.97,262.42,24.97856164,68,47,30,106.2,64,60.5,29.2,0,289.56,april 6- april 12,NorthEast
Keiser,2012,REV¨22BHR43ª,195,96,241,112,12.24015,31.14849315,18.80863014,3376.97,262.42,24.97856164,68,47,30,106.2,64,60.5,29.2,0,289.56,april 6- april 12,NorthEast
Keiser,2012,AgriGold A6533VT3,193.6,96,241,113,12.152272,31.14849315,18.80863014,3376.97,262.42,24.97856164,68,47,30,106.2,64,60.5,29.2,0,289.56,april 6- april 12,NorthEast
Keiser,2012,Croplan 6175 VT3P,190.6,96,241,112,11.963962,31.14849315,18.80863014,3376.97,262.42,24.97856164,68,47,30,106.2,64,60.5,29.2,0,289.56,april 6- april 12,NorthEast
Keiser,2012,BH Gen. BH 8570VTTP,189.2,96,241,112,11.876084,31.14849315,18.80863014,3376.97,262.42,24.97856164,68,47,30,106.2,64,60.5,29.2,0,289.56,april 6- april 12,NorthEast
Keiser,2012,REV¨26R60ª,186.7,96,241,116,11.719159,31.14849315,18.80863014,3376.97,262.42,24.97856164,68,47,30,106.2,64,60.5,29.2,0,289.56,april 6- april 12,NorthEast
Keiser,2012,BH Gen. BH 8492SS,184.9,96,241,112,11.606173,31.14849315,18.80863014,3376.97,262.42,24.97856164,68,47,30,106.2,64,60.5,29.2,0,289.56,april 6- april 12,NorthEast
Keiser,2012,Triumph 1956H,284.1,96,241,118,17.832957,31.14849315,18.80863014,3376.97,262.42,24.97856164,68,47,30,106.2,64,60.5,29.2,0,289.56,april 6- april 12,NorthEast
Keiser,2012,Merschman M-816A-10,278.6,96,241,117,17.487722,31.14849315,18.80863014,3376.97,262.42,24.97856164,68,47,30,106.2,64,60.5,29.2,0,289.56,april 6- april 12,NorthEast
Keiser,2012,REV¨28HR30ª,275.2,96,241,118,17.274304,31.14849315,18.80863014,3376.97,262.42,24.97856164,68,47,30,106.2,64,60.5,29.2,0,289.56,april 6- april 12,NorthEast
Keiser,2012,Dyna-Gro D58VP30,274.8,96,241,118,17.249196,31.14849315,18.80863014,3376.97,262.42,24.97856164,68,47,30,106.2,64,60.5,29.2,0,289.56,april 6- april 12,NorthEast
Keiser,2012,REV¨28R10ª,272.5,96,241,118,17.104825,31.14849315,18.80863014,3376.97,262.42,24.97856164,68,47,30,106.2,64,60.5,29.2,0,289.56,april 6- april 12,NorthEast
Keiser,2012,DEKALB DKC67-88,268.8,96,241,117,16.872576,31.14849315,18.80863014,3376.97,262.42,24.97856164,68,47,30,106.2,64,60.5,29.2,0,289.56,april 6- april 12,NorthEast
Keiser,2012,REV¨28HR20ª,267.6,96,241,118,16.797252,31.14849315,18.80863014,3376.97,262.42,24.97856164,68,47,30,106.2,64,60.5,29.2,0,289.56,april 6- april 12,NorthEast
Keiser,2012,Armor 1880PRO3,265.6,96,241,118,16.671712,31.14849315,18.80863014,3376.97,262.42,24.97856164,68,47,30,106.2,64,60.5,29.2,0,289.56,april 6- april 12,NorthEast
Keiser,2012,Croplan 8410 VT3P,263.9,96,241,117,16.565003,31.14849315,18.80863014,3376.97,262.42,24.97856164,68,47,30,106.2,64,60.5,29.2,0,289.56,april 6- april 12,NorthEast
Keiser,2012,REV¨29HR13ª,263.1,96,241,119,16.514787,31.14849315,18.80863014,3376.97,262.42,24.97856164,68,47,30,106.2,64,60.5,29.2,0,289.56,april 6- april 12,NorthEast
Keiser,2012,Dyna-Gro D57VP51,259.9,96,241,117,16.313923,31.14849315,18.80863014,3376.97,262.42,24.97856164,68,47,30,106.2,64,60.5,29.2,0,289.56,april 6- april 12,NorthEast
Keiser,2012,Golden Acres GA 27V01,258.8,96,241,117,16.244876,31.14849315,18.80863014,3376.97,262.42,24.97856164,68,47,30,106.2,64,60.5,29.2,0,289.56,april 6- april 12,NorthEast
Keiser,2012,Golden Acres GA 28V81,249.1,96,241,118,15.636007,31.14849315,18.80863014,3376.97,262.42,24.97856164,68,47,30,106.2,64,60.5,29.2,0,289.56,april 6- april 12,NorthEast
Keiser,2012,Pioneer P2088YHR,247.9,96,241,120,15.560683,31.14849315,18.80863014,3376.97,262.42,24.97856164,68,47,30,106.2,64,60.5,29.2,0,289.56,april 6- april 12,NorthEast
Keiser,2012,REV¨28HR29ª,245.4,96,241,118,15.403758,31.14849315,18.80863014,3376.97,262.42,24.97856164,68,47,30,106.2,64,60.5,29.2,0,289.56,april 6- april 12,NorthEast
Keiser,2012,Pioneer P1745HR,244.7,96,241,117,15.359819,31.14849315,18.80863014,3376.97,262.42,24.97856164,68,47,30,106.2,64,60.5,29.2,0,289.56,april 6- april 12,NorthEast
Keiser,2012,REV¨27HR52ª,239.1,96,241,117,15.008307,31.14849315,18.80863014,3376.97,262.42,24.97856164,68,47,30,106.2,64,60.5,29.2,0,289.56,april 6- april 12,NorthEast
Keiser,2012,Dyna-Gro CX12117,239,96,241,117,15.00203,31.14849315,18.80863014,3376.97,262.42,24.97856164,68,47,30,106.2,64,60.5,29.2,0,289.56,april 6- april 12,NorthEast
Keiser,2012,Croplan 8621 VT3P,224.8,96,241,117,14.110696,31.14849315,18.80863014,3376.97,262.42,24.97856164,68,47,30,106.2,64,60.5,29.2,0,289.56,april 6- april 12,NorthEast
Keiser,2012,BH Gen. BH 8740VTTP,222.5,96,241,117,13.966325,31.14849315,18.80863014,3376.97,262.42,24.97856164,68,47,30,106.2,64,60.5,29.2,0,289.56,april 6- april 12,NorthEast
Keiser,2012,Armor 1770PRO3,219.1,96,241,117,13.752907,31.14849315,18.80863014,3376.97,262.42,24.97856164,68,47,30,106.2,64,60.5,29.2,0,289.56,april 6- april 12,NorthEast
Keiser,2012,Delta Grow 3660 3000GT,216.4,96,241,117,13.583428,31.14849315,18.80863014,3376.97,262.42,24.97856164,68,47,30,106.2,64,60.5,29.2,0,289.56,april 6- april 12,NorthEast
Keiser,2012,REV¨27HR83ª,213.7,96,241,117,13.413949,31.14849315,18.80863014,3376.97,262.42,24.97856164,68,47,30,106.2,64,60.5,29.2,0,289.56,april 6- april 12,NorthEast
Keiser,2012,Merschman M-1215D-15,201.9,96,241,117,12.673263,31.14849315,18.80863014,3376.97,262.42,24.97856164,68,47,30,106.2,64,60.5,29.2,0,289.56,april 6- april 12,NorthEast
Keiser,2012,Delta Grow 4760 3000GT,199.7,96,241,117,12.535169,31.14849315,18.80863014,3376.97,262.42,24.97856164,68,47,30,106.2,64,60.5,29.2,0,289.56,april 6- april 12,NorthEast
Keiser,2012,BH Gen. X10077VT3P,198.7,96,241,117,12.472399,31.14849315,18.80863014,3376.97,262.42,24.97856164,68,47,30,106.2,64,60.5,29.2,0,289.56,april 6- april 12,NorthEast
Marianna,2012,REV¨26HR50ª,241.6,93,227,116,15.165232,31.6,19.3,3099.4,256.3,25.5,68,45,28.4,38.1,19.8,64.8,2.8,0,154.94,march 30- april 5,CenterEast
Marianna,2012,Merschman 9810VT3PRO,229.2,93,227,114,14.386884,31.6,19.3,3099.4,256.3,25.5,68,45,28.4,38.1,19.8,64.8,2.8,0,154.94,march 30- april 5,CenterEast
Marianna,2012,DEKALB DKC66-97,227.5,93,227,116,14.280175,31.6,19.3,3099.4,256.3,25.5,68,45,28.4,38.1,19.8,64.8,2.8,0,154.94,march 30- april 5,CenterEast
Marianna,2012,REV¨24BHR93ª,225.4,93,227,114,14.148358,31.6,19.3,3099.4,256.3,25.5,68,45,28.4,38.1,19.8,64.8,2.8,0,154.94,march 30- april 5,CenterEast
Marianna,2012,AgriGold A6659VT3Pro,223.6,93,227,116,14.035372,31.6,19.3,3099.4,256.3,25.5,68,45,28.4,38.1,19.8,64.8,2.8,0,154.94,march 30- april 5,CenterEast
Marianna,2012,DEKALB DKC62-09,222.7,93,227,112,13.978879,31.6,19.3,3099.4,256.3,25.5,68,45,28.4,38.1,19.8,64.8,2.8,0,154.94,march 30- april 5,CenterEast
Marianna,2012,LG2602VT3Pro,221.4,93,227,112,13.897278,31.6,19.3,3099.4,256.3,25.5,68,45,28.4,38.1,19.8,64.8,2.8,0,154.94,march 30- april 5,CenterEast
Marianna,2012,Pioneer P1615HR,220.7,93,227,116,13.853339,31.6,19.3,3099.4,256.3,25.5,68,45,28.4,38.1,19.8,64.8,2.8,0,154.94,march 30- april 5,CenterEast
Marianna,2012,Croplan 6926 VT3P,220.5,93,227,113,13.840785,31.6,19.3,3099.4,256.3,25.5,68,45,28.4,38.1,19.8,64.8,2.8,0,154.94,march 30- april 5,CenterEast
Marianna,2012,DEKALB DKC65-19,220.4,93,227,115,13.834508,31.6,19.3,3099.4,256.3,25.5,68,45,28.4,38.1,19.8,64.8,2.8,0,154.94,march 30- april 5,CenterEast
Marianna,2012,Dyna-Gro D55VP77,219.8,93,227,115,13.796846,31.6,19.3,3099.4,256.3,25.5,68,45,28.4,38.1,19.8,64.8,2.8,0,154.94,march 30- april 5,CenterEast
Marianna,2012,Agrigold A6679VT3Pro,218.3,93,227,116,13.702691,31.6,19.3,3099.4,256.3,25.5,68,45,28.4,38.1,19.8,64.8,2.8,0,154.94,march 30- april 5,CenterEast
Marianna,2012,DEKALB DKC64-69,217.7,93,227,114,13.665029,31.6,19.3,3099.4,256.3,25.5,68,45,28.4,38.1,19.8,64.8,2.8,0,154.94,march 30- april 5,CenterEast
Marianna,2012,MorCorn MC4338VT3P,217.2,93,227,113,13.633644,31.6,19.3,3099.4,256.3,25.5,68,45,28.4,38.1,19.8,64.8,2.8,0,154.94,march 30- april 5,CenterEast
Marianna,2012,Golden Acres GA 26V21,217.1,93,227,115,13.627367,31.6,19.3,3099.4,256.3,25.5,68,45,28.4,38.1,19.8,64.8,2.8,0,154.94,march 30- april 5,CenterEast
Marianna,2012,Armor 1133PRO3,217,93,227,111,13.62109,31.6,19.3,3099.4,256.3,25.5,68,45,28.4,38.1,19.8,64.8,2.8,0,154.94,march 30- april 5,CenterEast
Marianna,2012,Armor 1550PRO3,216.7,93,227,115,13.602259,31.6,19.3,3099.4,256.3,25.5,68,45,28.4,38.1,19.8,64.8,2.8,0,154.94,march 30- april 5,CenterEast
Marianna,2012,Armor 1415PRO3,216.7,93,227,114,13.602259,31.6,19.3,3099.4,256.3,25.5,68,45,28.4,38.1,19.8,64.8,2.8,0,154.94,march 30- april 5,CenterEast
Marianna,2012,DEKALB DKC61-88,212.8,93,227,111,13.357456,31.6,19.3,3099.4,256.3,25.5,68,45,28.4,38.1,19.8,64.8,2.8,0,154.94,march 30- april 5,CenterEast
Marianna,2012,Delta Grow 6388 GTCBLL,210.1,93,227,114,13.187977,31.6,19.3,3099.4,256.3,25.5,68,45,28.4,38.1,19.8,64.8,2.8,0,154.94,march 30- april 5,CenterEast
Marianna,2012,AgriGold A6533VT3,210.1,93,227,113,13.187977,31.6,19.3,3099.4,256.3,25.5,68,45,28.4,38.1,19.8,64.8,2.8,0,154.94,march 30- april 5,CenterEast
Marianna,2012,Dyna-Gro D56VP24,210,93,227,116,13.1817,31.6,19.3,3099.4,256.3,25.5,68,45,28.4,38.1,19.8,64.8,2.8,0,154.94,march 30- april 5,CenterEast
Marianna,2012,Golden Acres GA G5531,209.9,93,227,115,13.175423,31.6,19.3,3099.4,256.3,25.5,68,45,28.4,38.1,19.8,64.8,2.8,0,154.94,march 30- april 5,CenterEast
Marianna,2012,Merschman M-1015B-15,208.6,93,227,115,13.093822,31.6,19.3,3099.4,256.3,25.5,68,45,28.4,38.1,19.8,64.8,2.8,0,154.94,march 30- april 5,CenterEast
Marianna,2012,MorCorn MC4234VT2P,206.6,93,227,112,12.968282,31.6,19.3,3099.4,256.3,25.5,68,45,28.4,38.1,19.8,64.8,2.8,0,154.94,march 30- april 5,CenterEast
Marianna,2012,AgriGold A6517VT3Pro,206.4,93,227,113,12.955728,31.6,19.3,3099.4,256.3,25.5,68,45,28.4,38.1,19.8,64.8,2.8,0,154.94,march 30- april 5,CenterEast
Marianna,2012,NK N78S-3111 Brand,206.2,93,227,116,12.943174,31.6,19.3,3099.4,256.3,25.5,68,45,28.4,38.1,19.8,64.8,2.8,0,154.94,march 30- april 5,CenterEast
Marianna,2012,Armor 1111PRO3,205.3,93,227,111,12.886681,31.6,19.3,3099.4,256.3,25.5,68,45,28.4,38.1,19.8,64.8,2.8,0,154.94,march 30- april 5,CenterEast
Marianna,2012,NK N68B-3111 Brand,204.2,93,227,111,12.817634,31.6,19.3,3099.4,256.3,25.5,68,45,28.4,38.1,19.8,64.8,2.8,0,154.94,march 30- april 5,CenterEast
Marianna,2012,DEKALB DKC66-86,203.5,93,227,116,12.773695,31.6,19.3,3099.4,256.3,25.5,68,45,28.4,38.1,19.8,64.8,2.8,0,154.94,march 30- april 5,CenterEast
Marianna,2012,Armor 1330PRO3,203.1,93,227,113,12.748587,31.6,19.3,3099.4,256.3,25.5,68,45,28.4,38.1,19.8,64.8,2.8,0,154.94,march 30- april 5,CenterEast
Marianna,2012,Dyna-Gro D52VC91,203,93,227,112,12.74231,31.6,19.3,3099.4,256.3,25.5,68,45,28.4,38.1,19.8,64.8,2.8,0,154.94,march 30- april 5,CenterEast
Marianna,2012,Delta Grow 3588 GTCBLL,202.9,93,227,111,12.736033,31.6,19.3,3099.4,256.3,25.5,68,45,28.4,38.1,19.8,64.8,2.8,0,154.94,march 30- april 5,CenterEast
Marianna,2012,DEKALB DKC64-83,202.6,93,227,114,12.717202,31.6,19.3,3099.4,256.3,25.5,68,45,28.4,38.1,19.8,64.8,2.8,0,154.94,march 30- april 5,CenterEast
Marianna,2012,Triumph TRX21343H,200.9,93,227,113,12.610493,31.6,19.3,3099.4,256.3,25.5,68,45,28.4,38.1,19.8,64.8,2.8,0,154.94,march 30- april 5,CenterEast
Marianna,2012,BH 8630VTTP,200.1,93,227,116,12.560277,31.6,19.3,3099.4,256.3,25.5,68,45,28.4,38.1,19.8,64.8,2.8,0,154.94,march 30- april 5,CenterEast
Marianna,2012,REV¨25BHR63ª,200.1,93,227,116,12.560277,31.6,19.3,3099.4,256.3,25.5,68,45,28.4,38.1,19.8,64.8,2.8,0,154.94,march 30- april 5,CenterEast
Marianna,2012,MorCorn MC4344VT2P,198.1,93,227,113,12.434737,31.6,19.3,3099.4,256.3,25.5,68,45,28.4,38.1,19.8,64.8,2.8,0,154.94,march 30- april 5,CenterEast
Marianna,2012,Delta Grow 4725 VIPGTCBLL,197.2,93,227,115,12.378244,31.6,19.3,3099.4,256.3,25.5,68,45,28.4,38.1,19.8,64.8,2.8,0,154.94,march 30- april 5,CenterEast
Marianna,2012,Dyna-Gro D54VP81,196.8,93,227,114,12.353136,31.6,19.3,3099.4,256.3,25.5,68,45,28.4,38.1,19.8,64.8,2.8,0,154.94,march 30- april 5,CenterEast
Marianna,2012,NK N77P-3111 Brand,195.9,93,227,114,12.296643,31.6,19.3,3099.4,256.3,25.5,68,45,28.4,38.1,19.8,64.8,2.8,0,154.94,march 30- april 5,CenterEast
Marianna,2012,DEKALB DKC63-87,195.2,93,227,113,12.252704,31.6,19.3,3099.4,256.3,25.5,68,45,28.4,38.1,19.8,64.8,2.8,0,154.94,march 30- april 5,CenterEast
Marianna,2012,REV¨22BHR43ª,195,93,227,112,12.24015,31.6,19.3,3099.4,256.3,25.5,68,45,28.4,38.1,19.8,64.8,2.8,0,154.94,march 30- april 5,CenterEast
Marianna,2012,Delta Grow 6488 GTCBLL,194.5,93,227,116,12.208765,31.6,19.3,3099.4,256.3,25.5,68,45,28.4,38.1,19.8,64.8,2.8,0,154.94,march 30- april 5,CenterEast
Marianna,2012,Armor 1655PRO2,194.4,93,227,116,12.202488,31.6,19.3,3099.4,256.3,25.5,68,45,28.4,38.1,19.8,64.8,2.8,0,154.94,march 30- april 5,CenterEast
Marianna,2012,AgriGold A6632VT2RIB,191.4,93,227,115,12.014178,31.6,19.3,3099.4,256.3,25.5,68,45,28.4,38.1,19.8,64.8,2.8,0,154.94,march 30- april 5,CenterEast
Marianna,2012,BH Gen. BH 8570VTTP,191.4,93,227,112,12.014178,31.6,19.3,3099.4,256.3,25.5,68,45,28.4,38.1,19.8,64.8,2.8,0,154.94,march 30- april 5,CenterEast
Marianna,2012,Delta Grow 2888 GTCBLL,190.4,93,227,116,11.951408,31.6,19.3,3099.4,256.3,25.5,68,45,28.4,38.1,19.8,64.8,2.8,0,154.94,march 30- april 5,CenterEast
Marianna,2012,Delta Grow 2788 CBLL,189.2,93,227,116,11.876084,31.6,19.3,3099.4,256.3,25.5,68,45,28.4,38.1,19.8,64.8,2.8,0,154.94,march 30- april 5,CenterEast
Marianna,2012,NK N74G-3000GT Brand,189.2,93,227,114,11.876084,31.6,19.3,3099.4,256.3,25.5,68,45,28.4,38.1,19.8,64.8,2.8,0,154.94,march 30- april 5,CenterEast
Marianna,2012,Croplan 6640 VT3P,188.8,93,227,113,11.850976,31.6,19.3,3099.4,256.3,25.5,68,45,28.4,38.1,19.8,64.8,2.8,0,154.94,march 30- april 5,CenterEast
Marianna,2012,REV¨23RE73ª,188.1,93,227,112,11.807037,31.6,19.3,3099.4,256.3,25.5,68,45,28.4,38.1,19.8,64.8,2.8,0,154.94,march 30- april 5,CenterEast
Marianna,2012,Armor 1161PRO2,186.5,93,227,111,11.706605,31.6,19.3,3099.4,256.3,25.5,68,45,28.4,38.1,19.8,64.8,2.8,0,154.94,march 30- april 5,CenterEast
Marianna,2012,Delta Grow 2688 GTCBLL,186.5,93,227,112,11.706605,31.6,19.3,3099.4,256.3,25.5,68,45,28.4,38.1,19.8,64.8,2.8,0,154.94,march 30- april 5,CenterEast
Marianna,2012,LG2636VT3Pro,185.9,93,227,114,11.668943,31.6,19.3,3099.4,256.3,25.5,68,45,28.4,38.1,19.8,64.8,2.8,0,154.94,march 30- april 5,CenterEast
Marianna,2012,REV¨21HR33ª,185.8,93,227,112,11.662666,31.6,19.3,3099.4,256.3,25.5,68,45,28.4,38.1,19.8,64.8,2.8,0,154.94,march 30- april 5,CenterEast
Marianna,2012,Delta Grow 3788 GTCBLL,184.4,93,227,114,11.574788,31.6,19.3,3099.4,256.3,25.5,68,45,28.4,38.1,19.8,64.8,2.8,0,154.94,march 30- april 5,CenterEast
Marianna,2012,AgriGold A6573VT3Pro,183.7,93,227,112,11.530849,31.6,19.3,3099.4,256.3,25.5,68,45,28.4,38.1,19.8,64.8,2.8,0,154.94,march 30- april 5,CenterEast
Marianna,2012,Croplan 6725 VT3P,181.9,93,227,113,11.417863,31.6,19.3,3099.4,256.3,25.5,68,45,28.4,38.1,19.8,64.8,2.8,0,154.94,march 30- april 5,CenterEast
Marianna,2012,BH Gen. XP 8550VTTP,181.8,93,227,115,11.411586,31.6,19.3,3099.4,256.3,25.5,68,45,28.4,38.1,19.8,64.8,2.8,0,154.94,march 30- april 5,CenterEast
Marianna,2012,AgriGold A6489VT3,180.9,93,227,112,11.355093,31.6,19.3,3099.4,256.3,25.5,68,45,28.4,38.1,19.8,64.8,2.8,0,154.94,march 30- april 5,CenterEast
Marianna,2012,Croplan 6175 VT3P,180.7,93,227,112,11.342539,31.6,19.3,3099.4,256.3,25.5,68,45,28.4,38.1,19.8,64.8,2.8,0,154.94,march 30- april 5,CenterEast
Marianna,2012,REV¨26R60ª,180.1,93,227,116,11.304877,31.6,19.3,3099.4,256.3,25.5,68,45,28.4,38.1,19.8,64.8,2.8,0,154.94,march 30- april 5,CenterEast
Marianna,2012,BH Gen. BH 8492SS,180.1,93,227,112,11.304877,31.6,19.3,3099.4,256.3,25.5,68,45,28.4,38.1,19.8,64.8,2.8,0,154.94,march 30- april 5,CenterEast
Marianna,2012,Dyna-Gro D56VP10,176.8,93,227,116,11.097736,31.6,19.3,3099.4,256.3,25.5,68,45,28.4,38.1,19.8,64.8,2.8,0,154.94,march 30- april 5,CenterEast
Marianna,2012,Armor 1262PRO2,172.5,93,227,112,10.827825,31.6,19.3,3099.4,256.3,25.5,68,45,28.4,38.1,19.8,64.8,2.8,0,154.94,march 30- april 5,CenterEast
Marianna,2012,LG5630VT3Pro,171.1,93,227,114,10.739947,31.6,19.3,3099.4,256.3,25.5,68,45,28.4,38.1,19.8,64.8,2.8,0,154.94,march 30- april 5,CenterEast
Marianna,2012,AgriGold A6553VT2RIB,170.8,93,227,113,10.721116,31.6,19.3,3099.4,256.3,25.5,68,45,28.4,38.1,19.8,64.8,2.8,0,154.94,march 30- april 5,CenterEast
Marianna,2012,Pioneer P2088YHR,221.3,93,227,120,13.891001,31.6,19.3,3099.4,256.3,25.5,68,45,28.4,38.1,19.8,64.8,2.8,0,154.94,march 30- april 5,CenterEast
Marianna,2012,Delta Grow 3660 3000GT,216.2,93,227,117,13.570874,31.6,19.3,3099.4,256.3,25.5,68,45,28.4,38.1,19.8,64.8,2.8,0,154.94,march 30- april 5,CenterEast
Marianna,2012,Dyna-Gro D57VP51,210.9,93,227,117,13.238193,31.6,19.3,3099.4,256.3,25.5,68,45,28.4,38.1,19.8,64.8,2.8,0,154.94,march 30- april 5,CenterEast
Marianna,2012,REV¨28HR20ª,209.6,93,227,118,13.156592,31.6,19.3,3099.4,256.3,25.5,68,45,28.4,38.1,19.8,64.8,2.8,0,154.94,march 30- april 5,CenterEast
Marianna,2012,Golden Acres GA 27V01,209.1,93,227,117,13.125207,31.6,19.3,3099.4,256.3,25.5,68,45,28.4,38.1,19.8,64.8,2.8,0,154.94,march 30- april 5,CenterEast
Marianna,2012,REV¨29HR13ª,205.1,93,227,119,12.874127,31.6,19.3,3099.4,256.3,25.5,68,45,28.4,38.1,19.8,64.8,2.8,0,154.94,march 30- april 5,CenterEast
Marianna,2012,Triumph 1956H,205.1,93,227,118,12.874127,31.6,19.3,3099.4,256.3,25.5,68,45,28.4,38.1,19.8,64.8,2.8,0,154.94,march 30- april 5,CenterEast
Marianna,2012,Armor 1880PRO3,204.5,93,227,118,12.836465,31.6,19.3,3099.4,256.3,25.5,68,45,28.4,38.1,19.8,64.8,2.8,0,154.94,march 30- april 5,CenterEast
Marianna,2012,REV¨28HR29ª,202,93,227,118,12.67954,31.6,19.3,3099.4,256.3,25.5,68,45,28.4,38.1,19.8,64.8,2.8,0,154.94,march 30- april 5,CenterEast
Marianna,2012,Croplan 8410 VT3P,201.6,93,227,117,12.654432,31.6,19.3,3099.4,256.3,25.5,68,45,28.4,38.1,19.8,64.8,2.8,0,154.94,march 30- april 5,CenterEast
Marianna,2012,REV¨28HR30ª,198.5,93,227,118,12.459845,31.6,19.3,3099.4,256.3,25.5,68,45,28.4,38.1,19.8,64.8,2.8,0,154.94,march 30- april 5,CenterEast
Marianna,2012,Croplan 8621 VT3P,197.7,93,227,117,12.409629,31.6,19.3,3099.4,256.3,25.5,68,45,28.4,38.1,19.8,64.8,2.8,0,154.94,march 30- april 5,CenterEast
Marianna,2012,REV¨28R10ª,197.2,93,227,118,12.378244,31.6,19.3,3099.4,256.3,25.5,68,45,28.4,38.1,19.8,64.8,2.8,0,154.94,march 30- april 5,CenterEast
Marianna,2012,DEKALB DKC67-88,197.2,93,227,117,12.378244,31.6,19.3,3099.4,256.3,25.5,68,45,28.4,38.1,19.8,64.8,2.8,0,154.94,march 30- april 5,CenterEast
Marianna,2012,REV¨27HR83ª,196.6,93,227,117,12.340582,31.6,19.3,3099.4,256.3,25.5,68,45,28.4,38.1,19.8,64.8,2.8,0,154.94,march 30- april 5,CenterEast
Marianna,2012,Pioneer P1745HR,195,93,227,117,12.24015,31.6,19.3,3099.4,256.3,25.5,68,45,28.4,38.1,19.8,64.8,2.8,0,154.94,march 30- april 5,CenterEast
Marianna,2012,REV¨27HR52ª,192.6,93,227,117,12.089502,31.6,19.3,3099.4,256.3,25.5,68,45,28.4,38.1,19.8,64.8,2.8,0,154.94,march 30- april 5,CenterEast
Marianna,2012,Delta Grow 4760 3000GT,191.4,93,227,117,12.014178,31.6,19.3,3099.4,256.3,25.5,68,45,28.4,38.1,19.8,64.8,2.8,0,154.94,march 30- april 5,CenterEast
Marianna,2012,Dyna-Gro CX12117,191.3,93,227,117,12.007901,31.6,19.3,3099.4,256.3,25.5,68,45,28.4,38.1,19.8,64.8,2.8,0,154.94,march 30- april 5,CenterEast
Marianna,2012,Golden Acres GA 28V81,190.6,93,227,118,11.963962,31.6,19.3,3099.4,256.3,25.5,68,45,28.4,38.1,19.8,64.8,2.8,0,154.94,march 30- april 5,CenterEast
Marianna,2012,BH Gen. BH 8740VTTP,190.2,93,227,117,11.938854,31.6,19.3,3099.4,256.3,25.5,68,45,28.4,38.1,19.8,64.8,2.8,0,154.94,march 30- april 5,CenterEast
Marianna,2012,BH Gen. X10077VT3P,189.5,93,227,117,11.894915,31.6,19.3,3099.4,256.3,25.5,68,45,28.4,38.1,19.8,64.8,2.8,0,154.94,march 30- april 5,CenterEast
Marianna,2012,Dyna-Gro D58VP30,188.3,93,227,118,11.819591,31.6,19.3,3099.4,256.3,25.5,68,45,28.4,38.1,19.8,64.8,2.8,0,154.94,march 30- april 5,CenterEast
Marianna,2012,Armor 1770PRO3,188.2,93,227,117,11.813314,31.6,19.3,3099.4,256.3,25.5,68,45,28.4,38.1,19.8,64.8,2.8,0,154.94,march 30- april 5,CenterEast
Marianna,2012,Merschman M-816A-10,167.3,93,227,117,10.501421,31.6,19.3,3099.4,256.3,25.5,68,45,28.4,38.1,19.8,64.8,2.8,0,154.94,march 30- april 5,CenterEast
Marianna,2012,Merschman M-1215D-15,162.9,93,227,117,10.225233,31.6,19.3,3099.4,256.3,25.5,68,45,28.4,38.1,19.8,64.8,2.8,0,154.94,march 30- april 5,CenterEast
Stuttgart,2012,DEKALB DKC62-09,245.9,103,241,112,15.435143,32.72892086,20.13913669,3248.81,237.62,26.43402878,78,54,54.4,41.1,81.8,95.8,152.1,123.4,548.64,april 13- april 19,SouthEast
Stuttgart,2012,Croplan 6640 VT3P,243.1,103,241,113,15.259387,32.72892086,20.13913669,3248.81,237.62,26.43402878,78,54,54.4,41.1,81.8,95.8,152.1,123.4,548.64,april 13- april 19,SouthEast
Stuttgart,2012,AgriGold A6659VT3Pro,241.4,103,241,116,15.152678,32.72892086,20.13913669,3248.81,237.62,26.43402878,78,54,54.4,41.1,81.8,95.8,152.1,123.4,548.64,april 13- april 19,SouthEast
Stuttgart,2012,Agrigold A6679VT3Pro,239,103,241,116,15.00203,32.72892086,20.13913669,3248.81,237.62,26.43402878,78,54,54.4,41.1,81.8,95.8,152.1,123.4,548.64,april 13- april 19,SouthEast
Stuttgart,2012,DEKALB DKC64-69,237.9,103,241,114,14.932983,32.72892086,20.13913669,3248.81,237.62,26.43402878,78,54,54.4,41.1,81.8,95.8,152.1,123.4,548.64,april 13- april 19,SouthEast
Stuttgart,2012,BH 8630VTTP,234.9,103,241,116,14.744673,32.72892086,20.13913669,3248.81,237.62,26.43402878,78,54,54.4,41.1,81.8,95.8,152.1,123.4,548.64,april 13- april 19,SouthEast
Stuttgart,2012,DEKALB DKC66-86,231.7,103,241,116,14.543809,32.72892086,20.13913669,3248.81,237.62,26.43402878,78,54,54.4,41.1,81.8,95.8,152.1,123.4,548.64,april 13- april 19,SouthEast
Stuttgart,2012,BH Gen. XP 8550VTTP,231.5,103,241,115,14.531255,32.72892086,20.13913669,3248.81,237.62,26.43402878,78,54,54.4,41.1,81.8,95.8,152.1,123.4,548.64,april 13- april 19,SouthEast
Stuttgart,2012,Dyna-Gro D52VC91,231.3,103,241,112,14.518701,32.72892086,20.13913669,3248.81,237.62,26.43402878,78,54,54.4,41.1,81.8,95.8,152.1,123.4,548.64,april 13- april 19,SouthEast
Stuttgart,2012,DEKALB DKC66-97,228.3,103,241,116,14.330391,32.72892086,20.13913669,3248.81,237.62,26.43402878,78,54,54.4,41.1,81.8,95.8,152.1,123.4,548.64,april 13- april 19,SouthEast
Stuttgart,2012,Dyna-Gro D56VP24,226.7,103,241,116,14.229959,32.72892086,20.13913669,3248.81,237.62,26.43402878,78,54,54.4,41.1,81.8,95.8,152.1,123.4,548.64,april 13- april 19,SouthEast
Stuttgart,2012,DEKALB DKC61-88,226,103,241,111,14.18602,32.72892086,20.13913669,3248.81,237.62,26.43402878,78,54,54.4,41.1,81.8,95.8,152.1,123.4,548.64,april 13- april 19,SouthEast
Stuttgart,2012,DEKALB DKC63-87,222.7,103,241,113,13.978879,32.72892086,20.13913669,3248.81,237.62,26.43402878,78,54,54.4,41.1,81.8,95.8,152.1,123.4,548.64,april 13- april 19,SouthEast
Stuttgart,2012,NK N77P-3111 Brand,222.4,103,241,114,13.960048,32.72892086,20.13913669,3248.81,237.62,26.43402878,78,54,54.4,41.1,81.8,95.8,152.1,123.4,548.64,april 13- april 19,SouthEast
Stuttgart,2012,Delta Grow 6488 GTCBLL,221.8,103,241,116,13.922386,32.72892086,20.13913669,3248.81,237.62,26.43402878,78,54,54.4,41.1,81.8,95.8,152.1,123.4,548.64,april 13- april 19,SouthEast
Stuttgart,2012,LG2636VT3Pro,221.1,103,241,114,13.878447,32.72892086,20.13913669,3248.81,237.62,26.43402878,78,54,54.4,41.1,81.8,95.8,152.1,123.4,548.64,april 13- april 19,SouthEast
Stuttgart,2012,Delta Grow 3588 GTCBLL,220.6,103,241,111,13.847062,32.72892086,20.13913669,3248.81,237.62,26.43402878,78,54,54.4,41.1,81.8,95.8,152.1,123.4,548.64,april 13- april 19,SouthEast
Stuttgart,2012,AgriGold A6517VT3Pro,219.9,103,241,113,13.803123,32.72892086,20.13913669,3248.81,237.62,26.43402878,78,54,54.4,41.1,81.8,95.8,152.1,123.4,548.64,april 13- april 19,SouthEast
Stuttgart,2012,Merschman 9810VT3PRO,219,103,241,114,13.74663,32.72892086,20.13913669,3248.81,237.62,26.43402878,78,54,54.4,41.1,81.8,95.8,152.1,123.4,548.64,april 13- april 19,SouthEast
Stuttgart,2012,Dyna-Gro D54VP81,218.9,103,241,114,13.740353,32.72892086,20.13913669,3248.81,237.62,26.43402878,78,54,54.4,41.1,81.8,95.8,152.1,123.4,548.64,april 13- april 19,SouthEast
Stuttgart,2012,REV¨26HR50ª,218.8,103,241,116,13.734076,32.72892086,20.13913669,3248.81,237.62,26.43402878,78,54,54.4,41.1,81.8,95.8,152.1,123.4,548.64,april 13- april 19,SouthEast
Stuttgart,2012,NK N78S-3111 Brand,218.4,103,241,116,13.708968,32.72892086,20.13913669,3248.81,237.62,26.43402878,78,54,54.4,41.1,81.8,95.8,152.1,123.4,548.64,april 13- april 19,SouthEast
Stuttgart,2012,Armor 1133PRO3,218.2,103,241,111,13.696414,32.72892086,20.13913669,3248.81,237.62,26.43402878,78,54,54.4,41.1,81.8,95.8,152.1,123.4,548.64,april 13- april 19,SouthEast
Stuttgart,2012,Croplan 6725 VT3P,217.7,103,241,113,13.665029,32.72892086,20.13913669,3248.81,237.62,26.43402878,78,54,54.4,41.1,81.8,95.8,152.1,123.4,548.64,april 13- april 19,SouthEast
Stuttgart,2012,Golden Acres GA G5531,217.7,103,241,115,13.665029,32.72892086,20.13913669,3248.81,237.62,26.43402878,78,54,54.4,41.1,81.8,95.8,152.1,123.4,548.64,april 13- april 19,SouthEast
Stuttgart,2012,MorCorn MC4338VT3P,217.4,103,241,113,13.646198,32.72892086,20.13913669,3248.81,237.62,26.43402878,78,54,54.4,41.1,81.8,95.8,152.1,123.4,548.64,april 13- april 19,SouthEast
Stuttgart,2012,Triumph TRX21343H,215.4,103,241,113,13.520658,32.72892086,20.13913669,3248.81,237.62,26.43402878,78,54,54.4,41.1,81.8,95.8,152.1,123.4,548.64,april 13- april 19,SouthEast
Stuttgart,2012,DEKALB DKC65-19,214.7,103,241,115,13.476719,32.72892086,20.13913669,3248.81,237.62,26.43402878,78,54,54.4,41.1,81.8,95.8,152.1,123.4,548.64,april 13- april 19,SouthEast
Stuttgart,2012,REV¨21HR33ª,214.7,103,241,112,13.476719,32.72892086,20.13913669,3248.81,237.62,26.43402878,78,54,54.4,41.1,81.8,95.8,152.1,123.4,548.64,april 13- april 19,SouthEast
Stuttgart,2012,Merschman M-1015B-15,214.6,103,241,115,13.470442,32.72892086,20.13913669,3248.81,237.62,26.43402878,78,54,54.4,41.1,81.8,95.8,152.1,123.4,548.64,april 13- april 19,SouthEast
Stuttgart,2012,Armor 1550PRO3,211.6,103,241,115,13.282132,32.72892086,20.13913669,3248.81,237.62,26.43402878,78,54,54.4,41.1,81.8,95.8,152.1,123.4,548.64,april 13- april 19,SouthEast
Stuttgart,2012,MorCorn MC4344VT2P,211.6,103,241,113,13.282132,32.72892086,20.13913669,3248.81,237.62,26.43402878,78,54,54.4,41.1,81.8,95.8,152.1,123.4,548.64,april 13- april 19,SouthEast
Stuttgart,2012,Armor 1111PRO3,211.1,103,241,111,13.250747,32.72892086,20.13913669,3248.81,237.62,26.43402878,78,54,54.4,41.1,81.8,95.8,152.1,123.4,548.64,april 13- april 19,SouthEast
Stuttgart,2012,Delta Grow 2788 CBLL,209.9,103,241,116,13.175423,32.72892086,20.13913669,3248.81,237.62,26.43402878,78,54,54.4,41.1,81.8,95.8,152.1,123.4,548.64,april 13- april 19,SouthEast
Stuttgart,2012,AgriGold A6489VT3,209.8,103,241,112,13.169146,32.72892086,20.13913669,3248.81,237.62,26.43402878,78,54,54.4,41.1,81.8,95.8,152.1,123.4,548.64,april 13- april 19,SouthEast
Stuttgart,2012,Dyna-Gro D55VP77,209,103,241,115,13.11893,32.72892086,20.13913669,3248.81,237.62,26.43402878,78,54,54.4,41.1,81.8,95.8,152.1,123.4,548.64,april 13- april 19,SouthEast
Stuttgart,2012,AgriGold A6573VT3Pro,208.6,103,241,112,13.093822,32.72892086,20.13913669,3248.81,237.62,26.43402878,78,54,54.4,41.1,81.8,95.8,152.1,123.4,548.64,april 13- april 19,SouthEast
Stuttgart,2012,Delta Grow 6388 GTCBLL,208.2,103,241,114,13.068714,32.72892086,20.13913669,3248.81,237.62,26.43402878,78,54,54.4,41.1,81.8,95.8,152.1,123.4,548.64,april 13- april 19,SouthEast
Stuttgart,2012,AgriGold A6533VT3,207.9,103,241,113,13.049883,32.72892086,20.13913669,3248.81,237.62,26.43402878,78,54,54.4,41.1,81.8,95.8,152.1,123.4,548.64,april 13- april 19,SouthEast
Stuttgart,2012,AgriGold A6553VT2RIB,207.9,103,241,113,13.049883,32.72892086,20.13913669,3248.81,237.62,26.43402878,78,54,54.4,41.1,81.8,95.8,152.1,123.4,548.64,april 13- april 19,SouthEast
Stuttgart,2012,Armor 1655PRO2,207.7,103,241,116,13.037329,32.72892086,20.13913669,3248.81,237.62,26.43402878,78,54,54.4,41.1,81.8,95.8,152.1,123.4,548.64,april 13- april 19,SouthEast
Stuttgart,2012,Delta Grow 2688 GTCBLL,206.4,103,241,112,12.955728,32.72892086,20.13913669,3248.81,237.62,26.43402878,78,54,54.4,41.1,81.8,95.8,152.1,123.4,548.64,april 13- april 19,SouthEast
Stuttgart,2012,BH Gen. BH 8492SS,206.1,103,241,112,12.936897,32.72892086,20.13913669,3248.81,237.62,26.43402878,78,54,54.4,41.1,81.8,95.8,152.1,123.4,548.64,april 13- april 19,SouthEast
Stuttgart,2012,LG5630VT3Pro,206.1,103,241,114,12.936897,32.72892086,20.13913669,3248.81,237.62,26.43402878,78,54,54.4,41.1,81.8,95.8,152.1,123.4,548.64,april 13- april 19,SouthEast
Stuttgart,2012,REV¨22BHR43ª,205.6,103,241,112,12.905512,32.72892086,20.13913669,3248.81,237.62,26.43402878,78,54,54.4,41.1,81.8,95.8,152.1,123.4,548.64,april 13- april 19,SouthEast
Stuttgart,2012,REV¨24BHR93ª,205.6,103,241,114,12.905512,32.72892086,20.13913669,3248.81,237.62,26.43402878,78,54,54.4,41.1,81.8,95.8,152.1,123.4,548.64,april 13- april 19,SouthEast
Stuttgart,2012,Armor 1330PRO3,205.5,103,241,113,12.899235,32.72892086,20.13913669,3248.81,237.62,26.43402878,78,54,54.4,41.1,81.8,95.8,152.1,123.4,548.64,april 13- april 19,SouthEast
Stuttgart,2012,Armor 1415PRO3,204.4,103,241,114,12.830188,32.72892086,20.13913669,3248.81,237.62,26.43402878,78,54,54.4,41.1,81.8,95.8,152.1,123.4,548.64,april 13- april 19,SouthEast
Stuttgart,2012,Delta Grow 2888 GTCBLL,204.3,103,241,116,12.823911,32.72892086,20.13913669,3248.81,237.62,26.43402878,78,54,54.4,41.1,81.8,95.8,152.1,123.4,548.64,april 13- april 19,SouthEast
Stuttgart,2012,AgriGold A6632VT2RIB,203.8,103,241,115,12.792526,32.72892086,20.13913669,3248.81,237.62,26.43402878,78,54,54.4,41.1,81.8,95.8,152.1,123.4,548.64,april 13- april 19,SouthEast
Stuttgart,2012,LG2602VT3Pro,203.6,103,241,112,12.779972,32.72892086,20.13913669,3248.81,237.62,26.43402878,78,54,54.4,41.1,81.8,95.8,152.1,123.4,548.64,april 13- april 19,SouthEast
Stuttgart,2012,Delta Grow 4725 VIPGTCBLL,203.6,103,241,115,12.779972,32.72892086,20.13913669,3248.81,237.62,26.43402878,78,54,54.4,41.1,81.8,95.8,152.1,123.4,548.64,april 13- april 19,SouthEast
Stuttgart,2012,NK N68B-3111 Brand,202.3,103,241,111,12.698371,32.72892086,20.13913669,3248.81,237.62,26.43402878,78,54,54.4,41.1,81.8,95.8,152.1,123.4,548.64,april 13- april 19,SouthEast
Stuttgart,2012,Armor 1262PRO2,202.2,103,241,112,12.692094,32.72892086,20.13913669,3248.81,237.62,26.43402878,78,54,54.4,41.1,81.8,95.8,152.1,123.4,548.64,april 13- april 19,SouthEast
Stuttgart,2012,DEKALB DKC64-83,201.7,103,241,114,12.660709,32.72892086,20.13913669,3248.81,237.62,26.43402878,78,54,54.4,41.1,81.8,95.8,152.1,123.4,548.64,april 13- april 19,SouthEast
Stuttgart,2012,Pioneer P1615HR,201,103,241,116,12.61677,32.72892086,20.13913669,3248.81,237.62,26.43402878,78,54,54.4,41.1,81.8,95.8,152.1,123.4,548.64,april 13- april 19,SouthEast
Stuttgart,2012,NK N74G-3000GT Brand,199.9,103,241,114,12.547723,32.72892086,20.13913669,3248.81,237.62,26.43402878,78,54,54.4,41.1,81.8,95.8,152.1,123.4,548.64,april 13- april 19,SouthEast
Stuttgart,2012,Golden Acres GA 26V21,199.3,103,241,115,12.510061,32.72892086,20.13913669,3248.81,237.62,26.43402878,78,54,54.4,41.1,81.8,95.8,152.1,123.4,548.64,april 13- april 19,SouthEast
Stuttgart,2012,REV¨26R60ª,199.2,103,241,116,12.503784,32.72892086,20.13913669,3248.81,237.62,26.43402878,78,54,54.4,41.1,81.8,95.8,152.1,123.4,548.64,april 13- april 19,SouthEast
Stuttgart,2012,Dyna-Gro D56VP10,197.7,103,241,116,12.409629,32.72892086,20.13913669,3248.81,237.62,26.43402878,78,54,54.4,41.1,81.8,95.8,152.1,123.4,548.64,april 13- april 19,SouthEast
Stuttgart,2012,Croplan 6175 VT3P,196.2,103,241,112,12.315474,32.72892086,20.13913669,3248.81,237.62,26.43402878,78,54,54.4,41.1,81.8,95.8,152.1,123.4,548.64,april 13- april 19,SouthEast
Stuttgart,2012,REV¨23RE73ª,194.5,103,241,112,12.208765,32.72892086,20.13913669,3248.81,237.62,26.43402878,78,54,54.4,41.1,81.8,95.8,152.1,123.4,548.64,april 13- april 19,SouthEast
Stuttgart,2012,Armor 1161PRO2,189.5,103,241,111,11.894915,32.72892086,20.13913669,3248.81,237.62,26.43402878,78,54,54.4,41.1,81.8,95.8,152.1,123.4,548.64,april 13- april 19,SouthEast
Stuttgart,2012,REV¨25BHR63ª,187.4,103,241,116,11.763098,32.72892086,20.13913669,3248.81,237.62,26.43402878,78,54,54.4,41.1,81.8,95.8,152.1,123.4,548.64,april 13- april 19,SouthEast
Stuttgart,2012,Delta Grow 3788 GTCBLL,182.7,103,241,114,11.468079,32.72892086,20.13913669,3248.81,237.62,26.43402878,78,54,54.4,41.1,81.8,95.8,152.1,123.4,548.64,april 13- april 19,SouthEast
Stuttgart,2012,Croplan 8621 VT3P,242.4,103,241,117,15.215448,32.72892086,20.13913669,3248.81,237.62,26.43402878,78,54,54.4,41.1,81.8,95.8,152.1,123.4,548.64,april 13- april 19,SouthEast
Stuttgart,2012,Pioneer P2088YHR,234.4,103,241,120,14.713288,32.72892086,20.13913669,3248.81,237.62,26.43402878,78,54,54.4,41.1,81.8,95.8,152.1,123.4,548.64,april 13- april 19,SouthEast
Stuttgart,2012,DEKALB DKC67-88,228,103,241,117,14.31156,32.72892086,20.13913669,3248.81,237.62,26.43402878,78,54,54.4,41.1,81.8,95.8,152.1,123.4,548.64,april 13- april 19,SouthEast
Stuttgart,2012,Delta Grow 4760 3000GT,224.1,103,241,117,14.066757,32.72892086,20.13913669,3248.81,237.62,26.43402878,78,54,54.4,41.1,81.8,95.8,152.1,123.4,548.64,april 13- april 19,SouthEast
Stuttgart,2012,Dyna-Gro CX12117,223.9,103,241,117,14.054203,32.72892086,20.13913669,3248.81,237.62,26.43402878,78,54,54.4,41.1,81.8,95.8,152.1,123.4,548.64,april 13- april 19,SouthEast
Stuttgart,2012,Croplan 8410 VT3P,222.6,103,241,117,13.972602,32.72892086,20.13913669,3248.81,237.62,26.43402878,78,54,54.4,41.1,81.8,95.8,152.1,123.4,548.64,april 13- april 19,SouthEast
Stuttgart,2012,Armor 1880PRO3,221.2,103,241,118,13.884724,32.72892086,20.13913669,3248.81,237.62,26.43402878,78,54,54.4,41.1,81.8,95.8,152.1,123.4,548.64,april 13- april 19,SouthEast
Stuttgart,2012,Delta Grow 3660 3000GT,220.6,103,241,117,13.847062,32.72892086,20.13913669,3248.81,237.62,26.43402878,78,54,54.4,41.1,81.8,95.8,152.1,123.4,548.64,april 13- april 19,SouthEast
Stuttgart,2012,Dyna-Gro D58VP30,220.2,103,241,118,13.821954,32.72892086,20.13913669,3248.81,237.62,26.43402878,78,54,54.4,41.1,81.8,95.8,152.1,123.4,548.64,april 13- april 19,SouthEast
Stuttgart,2012,REV¨28HR29ª,219.5,103,241,118,13.778015,32.72892086,20.13913669,3248.81,237.62,26.43402878,78,54,54.4,41.1,81.8,95.8,152.1,123.4,548.64,april 13- april 19,SouthEast
Stuttgart,2012,REV¨28R10ª,219.4,103,241,118,13.771738,32.72892086,20.13913669,3248.81,237.62,26.43402878,78,54,54.4,41.1,81.8,95.8,152.1,123.4,548.64,april 13- april 19,SouthEast
Stuttgart,2012,REV¨29HR13ª,218.8,103,241,119,13.734076,32.72892086,20.13913669,3248.81,237.62,26.43402878,78,54,54.4,41.1,81.8,95.8,152.1,123.4,548.64,april 13- april 19,SouthEast
Stuttgart,2012,REV¨28HR30ª,217.2,103,241,118,13.633644,32.72892086,20.13913669,3248.81,237.62,26.43402878,78,54,54.4,41.1,81.8,95.8,152.1,123.4,548.64,april 13- april 19,SouthEast
Stuttgart,2012,Dyna-Gro D57VP51,213.9,103,241,117,13.426503,32.72892086,20.13913669,3248.81,237.62,26.43402878,78,54,54.4,41.1,81.8,95.8,152.1,123.4,548.64,april 13- april 19,SouthEast
Stuttgart,2012,Golden Acres GA 28V81,213,103,241,118,13.37001,32.72892086,20.13913669,3248.81,237.62,26.43402878,78,54,54.4,41.1,81.8,95.8,152.1,123.4,548.64,april 13- april 19,SouthEast
Stuttgart,2012,Golden Acres GA 27V01,212.5,103,241,117,13.338625,32.72892086,20.13913669,3248.81,237.62,26.43402878,78,54,54.4,41.1,81.8,95.8,152.1,123.4,548.64,april 13- april 19,SouthEast
Stuttgart,2012,Pioneer P1745HR,211.2,103,241,117,13.257024,32.72892086,20.13913669,3248.81,237.62,26.43402878,78,54,54.4,41.1,81.8,95.8,152.1,123.4,548.64,april 13- april 19,SouthEast
Stuttgart,2012,REV¨27HR52ª,206.5,103,241,117,12.962005,32.72892086,20.13913669,3248.81,237.62,26.43402878,78,54,54.4,41.1,81.8,95.8,152.1,123.4,548.64,april 13- april 19,SouthEast
Stuttgart,2012,REV¨28HR20ª,200.4,103,241,118,12.579108,32.72892086,20.13913669,3248.81,237.62,26.43402878,78,54,54.4,41.1,81.8,95.8,152.1,123.4,548.64,april 13- april 19,SouthEast
Stuttgart,2012,Armor 1770PRO3,199.7,103,241,117,12.535169,32.72892086,20.13913669,3248.81,237.62,26.43402878,78,54,54.4,41.1,81.8,95.8,152.1,123.4,548.64,april 13- april 19,SouthEast
Stuttgart,2012,REV¨27HR83ª,199.5,103,241,117,12.522615,32.72892086,20.13913669,3248.81,237.62,26.43402878,78,54,54.4,41.1,81.8,95.8,152.1,123.4,548.64,april 13- april 19,SouthEast
Stuttgart,2012,BH Gen. X10077VT3P,196,103,241,117,12.30292,32.72892086,20.13913669,3248.81,237.62,26.43402878,78,54,54.4,41.1,81.8,95.8,152.1,123.4,548.64,april 13- april 19,SouthEast
Stuttgart,2012,Triumph 1956H,194.3,103,241,118,12.196211,32.72892086,20.13913669,3248.81,237.62,26.43402878,78,54,54.4,41.1,81.8,95.8,152.1,123.4,548.64,april 13- april 19,SouthEast
Stuttgart,2012,BH Gen. BH 8740VTTP,188.1,103,241,117,11.807037,32.72892086,20.13913669,3248.81,237.62,26.43402878,78,54,54.4,41.1,81.8,95.8,152.1,123.4,548.64,april 13- april 19,SouthEast
Stuttgart,2012,Merschman M-1215D-15,186.7,103,241,117,11.719159,32.72892086,20.13913669,3248.81,237.62,26.43402878,78,54,54.4,41.1,81.8,95.8,152.1,123.4,548.64,april 13- april 19,SouthEast
Stuttgart,2012,Merschman M-816A-10,182.2,103,241,117,11.436694,32.72892086,20.13913669,3248.81,237.62,26.43402878,78,54,54.4,41.1,81.8,95.8,152.1,123.4,548.64,april 13- april 19,SouthEast
Rohwer,2012,Croplan 6640 VT3P,247.4,92,235,113,15.529298,32.06902778,19.576875,3254.43,309.77,25.82295139,79,49,75.4,16.8,106.9,66.5,179.6,0,444.5,march 30- april 5,SouthEast
Rohwer,2012,AgriGold A6659VT3Pro,246.1,92,235,116,15.447697,32.06902778,19.576875,3254.43,309.77,25.82295139,79,49,75.4,16.8,106.9,66.5,179.6,0,444.5,march 30- april 5,SouthEast
Rohwer,2012,Pioneer P1615HR,240.8,92,235,116,15.115016,32.06902778,19.576875,3254.43,309.77,25.82295139,79,49,75.4,16.8,106.9,66.5,179.6,0,444.5,march 30- april 5,SouthEast
Rohwer,2012,Agrigold A6679VT3Pro,240.4,92,235,116,15.089908,32.06902778,19.576875,3254.43,309.77,25.82295139,79,49,75.4,16.8,106.9,66.5,179.6,0,444.5,march 30- april 5,SouthEast
Rohwer,2012,LG2636VT3Pro,239.7,92,235,114,15.045969,32.06902778,19.576875,3254.43,309.77,25.82295139,79,49,75.4,16.8,106.9,66.5,179.6,0,444.5,march 30- april 5,SouthEast
Rohwer,2012,Merschman 9810VT3PRO,239.7,92,235,114,15.045969,32.06902778,19.576875,3254.43,309.77,25.82295139,79,49,75.4,16.8,106.9,66.5,179.6,0,444.5,march 30- april 5,SouthEast
Rohwer,2012,DEKALB DKC66-97,237.8,92,235,116,14.926706,32.06902778,19.576875,3254.43,309.77,25.82295139,79,49,75.4,16.8,106.9,66.5,179.6,0,444.5,march 30- april 5,SouthEast
Rohwer,2012,Delta Grow 2788 CBLL,236.2,92,235,116,14.826274,32.06902778,19.576875,3254.43,309.77,25.82295139,79,49,75.4,16.8,106.9,66.5,179.6,0,444.5,march 30- april 5,SouthEast
Rohwer,2012,Dyna-Gro D56VP24,236.1,92,235,116,14.819997,32.06902778,19.576875,3254.43,309.77,25.82295139,79,49,75.4,16.8,106.9,66.5,179.6,0,444.5,march 30- april 5,SouthEast
Rohwer,2012,AgriGold A6553VT2RIB,235.7,92,235,113,14.794889,32.06902778,19.576875,3254.43,309.77,25.82295139,79,49,75.4,16.8,106.9,66.5,179.6,0,444.5,march 30- april 5,SouthEast
Rohwer,2012,REV¨26HR50ª,234.6,92,235,116,14.725842,32.06902778,19.576875,3254.43,309.77,25.82295139,79,49,75.4,16.8,106.9,66.5,179.6,0,444.5,march 30- april 5,SouthEast
Rohwer,2012,DEKALB DKC63-87,232,92,235,113,14.56264,32.06902778,19.576875,3254.43,309.77,25.82295139,79,49,75.4,16.8,106.9,66.5,179.6,0,444.5,march 30- april 5,SouthEast
Rohwer,2012,AgriGold A6517VT3Pro,229.6,92,235,113,14.411992,32.06902778,19.576875,3254.43,309.77,25.82295139,79,49,75.4,16.8,106.9,66.5,179.6,0,444.5,march 30- april 5,SouthEast
Rohwer,2012,Delta Grow 6488 GTCBLL,229.4,92,235,116,14.399438,32.06902778,19.576875,3254.43,309.77,25.82295139,79,49,75.4,16.8,106.9,66.5,179.6,0,444.5,march 30- april 5,SouthEast
Rohwer,2012,Delta Grow 2888 GTCBLL,227.8,92,235,116,14.299006,32.06902778,19.576875,3254.43,309.77,25.82295139,79,49,75.4,16.8,106.9,66.5,179.6,0,444.5,march 30- april 5,SouthEast
Rohwer,2012,DEKALB DKC66-86,227.7,92,235,116,14.292729,32.06902778,19.576875,3254.43,309.77,25.82295139,79,49,75.4,16.8,106.9,66.5,179.6,0,444.5,march 30- april 5,SouthEast
Rohwer,2012,DEKALB DKC64-83,227,92,235,114,14.24879,32.06902778,19.576875,3254.43,309.77,25.82295139,79,49,75.4,16.8,106.9,66.5,179.6,0,444.5,march 30- april 5,SouthEast
Rohwer,2012,Delta Grow 3788 GTCBLL,225.9,92,235,114,14.179743,32.06902778,19.576875,3254.43,309.77,25.82295139,79,49,75.4,16.8,106.9,66.5,179.6,0,444.5,march 30- april 5,SouthEast
Rohwer,2012,AgriGold A6573VT3Pro,225.8,92,235,112,14.173466,32.06902778,19.576875,3254.43,309.77,25.82295139,79,49,75.4,16.8,106.9,66.5,179.6,0,444.5,march 30- april 5,SouthEast
Rohwer,2012,DEKALB DKC64-69,225.5,92,235,114,14.154635,32.06902778,19.576875,3254.43,309.77,25.82295139,79,49,75.4,16.8,106.9,66.5,179.6,0,444.5,march 30- april 5,SouthEast
Rohwer,2012,DEKALB DKC62-09,225.3,92,235,112,14.142081,32.06902778,19.576875,3254.43,309.77,25.82295139,79,49,75.4,16.8,106.9,66.5,179.6,0,444.5,march 30- april 5,SouthEast
Rohwer,2012,Armor 1133PRO3,224.8,92,235,111,14.110696,32.06902778,19.576875,3254.43,309.77,25.82295139,79,49,75.4,16.8,106.9,66.5,179.6,0,444.5,march 30- april 5,SouthEast
Rohwer,2012,NK N78S-3111 Brand,223.4,92,235,116,14.022818,32.06902778,19.576875,3254.43,309.77,25.82295139,79,49,75.4,16.8,106.9,66.5,179.6,0,444.5,march 30- april 5,SouthEast
Rohwer,2012,REV¨24BHR93ª,222.3,92,235,114,13.953771,32.06902778,19.576875,3254.43,309.77,25.82295139,79,49,75.4,16.8,106.9,66.5,179.6,0,444.5,march 30- april 5,SouthEast
Rohwer,2012,Armor 1111PRO3,221.8,92,235,111,13.922386,32.06902778,19.576875,3254.43,309.77,25.82295139,79,49,75.4,16.8,106.9,66.5,179.6,0,444.5,march 30- april 5,SouthEast
Rohwer,2012,AgriGold A6632VT2RIB,220.3,92,235,115,13.828231,32.06902778,19.576875,3254.43,309.77,25.82295139,79,49,75.4,16.8,106.9,66.5,179.6,0,444.5,march 30- april 5,SouthEast
Rohwer,2012,NK N68B-3111 Brand,220.3,92,235,111,13.828231,32.06902778,19.576875,3254.43,309.77,25.82295139,79,49,75.4,16.8,106.9,66.5,179.6,0,444.5,march 30- april 5,SouthEast
Rohwer,2012,Armor 1550PRO3,220.1,92,235,115,13.815677,32.06902778,19.576875,3254.43,309.77,25.82295139,79,49,75.4,16.8,106.9,66.5,179.6,0,444.5,march 30- april 5,SouthEast
Rohwer,2012,REV¨23RE73ª,219.4,92,235,112,13.771738,32.06902778,19.576875,3254.43,309.77,25.82295139,79,49,75.4,16.8,106.9,66.5,179.6,0,444.5,march 30- april 5,SouthEast
Rohwer,2012,AgriGold A6533VT3,218.1,92,235,113,13.690137,32.06902778,19.576875,3254.43,309.77,25.82295139,79,49,75.4,16.8,106.9,66.5,179.6,0,444.5,march 30- april 5,SouthEast
Rohwer,2012,Delta Grow 6388 GTCBLL,217.8,92,235,114,13.671306,32.06902778,19.576875,3254.43,309.77,25.82295139,79,49,75.4,16.8,106.9,66.5,179.6,0,444.5,march 30- april 5,SouthEast
Rohwer,2012,Delta Grow 4725 VIPGTCBLL,217.7,92,235,115,13.665029,32.06902778,19.576875,3254.43,309.77,25.82295139,79,49,75.4,16.8,106.9,66.5,179.6,0,444.5,march 30- april 5,SouthEast
Rohwer,2012,BH 8630VTTP,217.7,92,235,116,13.665029,32.06902778,19.576875,3254.43,309.77,25.82295139,79,49,75.4,16.8,106.9,66.5,179.6,0,444.5,march 30- april 5,SouthEast
Rohwer,2012,REV¨25BHR63ª,217.7,92,235,116,13.665029,32.06902778,19.576875,3254.43,309.77,25.82295139,79,49,75.4,16.8,106.9,66.5,179.6,0,444.5,march 30- april 5,SouthEast
Rohwer,2012,NK N77P-3111 Brand,217.3,92,235,114,13.639921,32.06902778,19.576875,3254.43,309.77,25.82295139,79,49,75.4,16.8,106.9,66.5,179.6,0,444.5,march 30- april 5,SouthEast
Rohwer,2012,Armor 1655PRO2,216.9,92,235,116,13.614813,32.06902778,19.576875,3254.43,309.77,25.82295139,79,49,75.4,16.8,106.9,66.5,179.6,0,444.5,march 30- april 5,SouthEast
Rohwer,2012,DEKALB DKC65-19,216.3,92,235,115,13.577151,32.06902778,19.576875,3254.43,309.77,25.82295139,79,49,75.4,16.8,106.9,66.5,179.6,0,444.5,march 30- april 5,SouthEast
Rohwer,2012,BH Gen. BH 8492SS,215,92,235,112,13.49555,32.06902778,19.576875,3254.43,309.77,25.82295139,79,49,75.4,16.8,106.9,66.5,179.6,0,444.5,march 30- april 5,SouthEast
Rohwer,2012,Dyna-Gro D55VP77,213.1,92,235,115,13.376287,32.06902778,19.576875,3254.43,309.77,25.82295139,79,49,75.4,16.8,106.9,66.5,179.6,0,444.5,march 30- april 5,SouthEast
Rohwer,2012,REV¨21HR33ª,212.7,92,235,112,13.351179,32.06902778,19.576875,3254.43,309.77,25.82295139,79,49,75.4,16.8,106.9,66.5,179.6,0,444.5,march 30- april 5,SouthEast
Rohwer,2012,Armor 1161PRO2,212.2,92,235,111,13.319794,32.06902778,19.576875,3254.43,309.77,25.82295139,79,49,75.4,16.8,106.9,66.5,179.6,0,444.5,march 30- april 5,SouthEast
Rohwer,2012,MorCorn MC4344VT2P,211.4,92,235,113,13.269578,32.06902778,19.576875,3254.43,309.77,25.82295139,79,49,75.4,16.8,106.9,66.5,179.6,0,444.5,march 30- april 5,SouthEast
Rohwer,2012,Dyna-Gro D54VP81,211.1,92,235,114,13.250747,32.06902778,19.576875,3254.43,309.77,25.82295139,79,49,75.4,16.8,106.9,66.5,179.6,0,444.5,march 30- april 5,SouthEast
Rohwer,2012,Dyna-Gro D56VP10,211.1,92,235,116,13.250747,32.06902778,19.576875,3254.43,309.77,25.82295139,79,49,75.4,16.8,106.9,66.5,179.6,0,444.5,march 30- april 5,SouthEast
Rohwer,2012,Croplan 6725 VT3P,211,92,235,113,13.24447,32.06902778,19.576875,3254.43,309.77,25.82295139,79,49,75.4,16.8,106.9,66.5,179.6,0,444.5,march 30- april 5,SouthEast
Rohwer,2012,AgriGold A6489VT3,210.8,92,235,112,13.231916,32.06902778,19.576875,3254.43,309.77,25.82295139,79,49,75.4,16.8,106.9,66.5,179.6,0,444.5,march 30- april 5,SouthEast
Rohwer,2012,REV¨22BHR43ª,210.3,92,235,112,13.200531,32.06902778,19.576875,3254.43,309.77,25.82295139,79,49,75.4,16.8,106.9,66.5,179.6,0,444.5,march 30- april 5,SouthEast
Rohwer,2012,MorCorn MC4338VT3P,210.3,92,235,113,13.200531,32.06902778,19.576875,3254.43,309.77,25.82295139,79,49,75.4,16.8,106.9,66.5,179.6,0,444.5,march 30- april 5,SouthEast
Rohwer,2012,Golden Acres GA G5531,208.6,92,235,115,13.093822,32.06902778,19.576875,3254.43,309.77,25.82295139,79,49,75.4,16.8,106.9,66.5,179.6,0,444.5,march 30- april 5,SouthEast
Rohwer,2012,Delta Grow 2688 GTCBLL,208,92,235,112,13.05616,32.06902778,19.576875,3254.43,309.77,25.82295139,79,49,75.4,16.8,106.9,66.5,179.6,0,444.5,march 30- april 5,SouthEast
Rohwer,2012,Merschman M-1015B-15,207.3,92,235,115,13.012221,32.06902778,19.576875,3254.43,309.77,25.82295139,79,49,75.4,16.8,106.9,66.5,179.6,0,444.5,march 30- april 5,SouthEast
Rohwer,2012,Golden Acres GA 26V21,207.1,92,235,115,12.999667,32.06902778,19.576875,3254.43,309.77,25.82295139,79,49,75.4,16.8,106.9,66.5,179.6,0,444.5,march 30- april 5,SouthEast
Rohwer,2012,REV¨26R60ª,205.3,92,235,116,12.886681,32.06902778,19.576875,3254.43,309.77,25.82295139,79,49,75.4,16.8,106.9,66.5,179.6,0,444.5,march 30- april 5,SouthEast
Rohwer,2012,Armor 1415PRO3,204.9,92,235,114,12.861573,32.06902778,19.576875,3254.43,309.77,25.82295139,79,49,75.4,16.8,106.9,66.5,179.6,0,444.5,march 30- april 5,SouthEast
Rohwer,2012,Armor 1330PRO3,204.7,92,235,113,12.849019,32.06902778,19.576875,3254.43,309.77,25.82295139,79,49,75.4,16.8,106.9,66.5,179.6,0,444.5,march 30- april 5,SouthEast
Rohwer,2012,LG2602VT3Pro,204.7,92,235,112,12.849019,32.06902778,19.576875,3254.43,309.77,25.82295139,79,49,75.4,16.8,106.9,66.5,179.6,0,444.5,march 30- april 5,SouthEast
Rohwer,2012,Triumph TRX21343H,204.3,92,235,113,12.823911,32.06902778,19.576875,3254.43,309.77,25.82295139,79,49,75.4,16.8,106.9,66.5,179.6,0,444.5,march 30- april 5,SouthEast
Rohwer,2012,Delta Grow 3588 GTCBLL,203.8,92,235,111,12.792526,32.06902778,19.576875,3254.43,309.77,25.82295139,79,49,75.4,16.8,106.9,66.5,179.6,0,444.5,march 30- april 5,SouthEast
Rohwer,2012,Dyna-Gro D52VC91,203.7,92,235,112,12.786249,32.06902778,19.576875,3254.43,309.77,25.82295139,79,49,75.4,16.8,106.9,66.5,179.6,0,444.5,march 30- april 5,SouthEast
Rohwer,2012,NK N74G-3000GT Brand,201,92,235,114,12.61677,32.06902778,19.576875,3254.43,309.77,25.82295139,79,49,75.4,16.8,106.9,66.5,179.6,0,444.5,march 30- april 5,SouthEast
Rohwer,2012,Croplan 6926 VT3P,200.7,92,235,113,12.597939,32.06902778,19.576875,3254.43,309.77,25.82295139,79,49,75.4,16.8,106.9,66.5,179.6,0,444.5,march 30- april 5,SouthEast
Rohwer,2012,BH Gen. BH 8570VTTP,197.5,92,235,112,12.397075,32.06902778,19.576875,3254.43,309.77,25.82295139,79,49,75.4,16.8,106.9,66.5,179.6,0,444.5,march 30- april 5,SouthEast
Rohwer,2012,BH Gen. XP 8550VTTP,197.5,92,235,115,12.397075,32.06902778,19.576875,3254.43,309.77,25.82295139,79,49,75.4,16.8,106.9,66.5,179.6,0,444.5,march 30- april 5,SouthEast
Rohwer,2012,LG5630VT3Pro,194.1,92,235,114,12.183657,32.06902778,19.576875,3254.43,309.77,25.82295139,79,49,75.4,16.8,106.9,66.5,179.6,0,444.5,march 30- april 5,SouthEast
Rohwer,2012,DEKALB DKC61-88,193.9,92,235,111,12.171103,32.06902778,19.576875,3254.43,309.77,25.82295139,79,49,75.4,16.8,106.9,66.5,179.6,0,444.5,march 30- april 5,SouthEast
Rohwer,2012,Armor 1262PRO2,191.5,92,235,112,12.020455,32.06902778,19.576875,3254.43,309.77,25.82295139,79,49,75.4,16.8,106.9,66.5,179.6,0,444.5,march 30- april 5,SouthEast
Rohwer,2012,MorCorn MC4234VT2P,186.8,92,235,112,11.725436,32.06902778,19.576875,3254.43,309.77,25.82295139,79,49,75.4,16.8,106.9,66.5,179.6,0,444.5,march 30- april 5,SouthEast
Rohwer,2012,Croplan 6175 VT3P,172.8,92,235,112,10.846656,32.06902778,19.576875,3254.43,309.77,25.82295139,79,49,75.4,16.8,106.9,66.5,179.6,0,444.5,march 30- april 5,SouthEast
Rohwer,2012,REV¨28HR20ª,235.6,92,235,118,14.788612,32.06902778,19.576875,3254.43,309.77,25.82295139,79,49,75.4,16.8,106.9,66.5,179.6,0,444.5,march 30- april 5,SouthEast
Rohwer,2012,Delta Grow 4760 3000GT,234.7,92,235,117,14.732119,32.06902778,19.576875,3254.43,309.77,25.82295139,79,49,75.4,16.8,106.9,66.5,179.6,0,444.5,march 30- april 5,SouthEast
Rohwer,2012,Croplan 8410 VT3P,223.7,92,235,117,14.041649,32.06902778,19.576875,3254.43,309.77,25.82295139,79,49,75.4,16.8,106.9,66.5,179.6,0,444.5,march 30- april 5,SouthEast
Rohwer,2012,DEKALB DKC67-88,218.6,92,235,117,13.721522,32.06902778,19.576875,3254.43,309.77,25.82295139,79,49,75.4,16.8,106.9,66.5,179.6,0,444.5,march 30- april 5,SouthEast
Rohwer,2012,Armor 1880PRO3,216.5,92,235,118,13.589705,32.06902778,19.576875,3254.43,309.77,25.82295139,79,49,75.4,16.8,106.9,66.5,179.6,0,444.5,march 30- april 5,SouthEast
Rohwer,2012,Croplan 8621 VT3P,216,92,235,117,13.55832,32.06902778,19.576875,3254.43,309.77,25.82295139,79,49,75.4,16.8,106.9,66.5,179.6,0,444.5,march 30- april 5,SouthEast
Rohwer,2012,Pioneer P2088YHR,215.6,92,235,120,13.533212,32.06902778,19.576875,3254.43,309.77,25.82295139,79,49,75.4,16.8,106.9,66.5,179.6,0,444.5,march 30- april 5,SouthEast
Rohwer,2012,Golden Acres GA 27V01,215,92,235,117,13.49555,32.06902778,19.576875,3254.43,309.77,25.82295139,79,49,75.4,16.8,106.9,66.5,179.6,0,444.5,march 30- april 5,SouthEast
Rohwer,2012,REV¨28R10ª,214.6,92,235,118,13.470442,32.06902778,19.576875,3254.43,309.77,25.82295139,79,49,75.4,16.8,106.9,66.5,179.6,0,444.5,march 30- april 5,SouthEast
Rohwer,2012,REV¨28HR30ª,214.1,92,235,118,13.439057,32.06902778,19.576875,3254.43,309.77,25.82295139,79,49,75.4,16.8,106.9,66.5,179.6,0,444.5,march 30- april 5,SouthEast
Rohwer,2012,Golden Acres GA 28V81,212.3,92,235,118,13.326071,32.06902778,19.576875,3254.43,309.77,25.82295139,79,49,75.4,16.8,106.9,66.5,179.6,0,444.5,march 30- april 5,SouthEast
Rohwer,2012,Dyna-Gro D57VP51,212.1,92,235,117,13.313517,32.06902778,19.576875,3254.43,309.77,25.82295139,79,49,75.4,16.8,106.9,66.5,179.6,0,444.5,march 30- april 5,SouthEast
Rohwer,2012,REV¨29HR13ª,211.1,92,235,119,13.250747,32.06902778,19.576875,3254.43,309.77,25.82295139,79,49,75.4,16.8,106.9,66.5,179.6,0,444.5,march 30- april 5,SouthEast
Rohwer,2012,BH Gen. BH 8740VTTP,208.6,92,235,117,13.093822,32.06902778,19.576875,3254.43,309.77,25.82295139,79,49,75.4,16.8,106.9,66.5,179.6,0,444.5,march 30- april 5,SouthEast
Rohwer,2012,Pioneer P1745HR,207.4,92,235,117,13.018498,32.06902778,19.576875,3254.43,309.77,25.82295139,79,49,75.4,16.8,106.9,66.5,179.6,0,444.5,march 30- april 5,SouthEast
Rohwer,2012,Delta Grow 3660 3000GT,207.1,92,235,117,12.999667,32.06902778,19.576875,3254.43,309.77,25.82295139,79,49,75.4,16.8,106.9,66.5,179.6,0,444.5,march 30- april 5,SouthEast
Rohwer,2012,BH Gen. X10077VT3P,206.9,92,235,117,12.987113,32.06902778,19.576875,3254.43,309.77,25.82295139,79,49,75.4,16.8,106.9,66.5,179.6,0,444.5,march 30- april 5,SouthEast
Rohwer,2012,REV¨28HR29ª,206.9,92,235,118,12.987113,32.06902778,19.576875,3254.43,309.77,25.82295139,79,49,75.4,16.8,106.9,66.5,179.6,0,444.5,march 30- april 5,SouthEast
Rohwer,2012,REV¨27HR83ª,203.5,92,235,117,12.773695,32.06902778,19.576875,3254.43,309.77,25.82295139,79,49,75.4,16.8,106.9,66.5,179.6,0,444.5,march 30- april 5,SouthEast
Rohwer,2012,Dyna-Gro D58VP30,202.6,92,235,118,12.717202,32.06902778,19.576875,3254.43,309.77,25.82295139,79,49,75.4,16.8,106.9,66.5,179.6,0,444.5,march 30- april 5,SouthEast
Rohwer,2012,Dyna-Gro CX12117,201.7,92,235,117,12.660709,32.06902778,19.576875,3254.43,309.77,25.82295139,79,49,75.4,16.8,106.9,66.5,179.6,0,444.5,march 30- april 5,SouthEast
Rohwer,2012,Triumph 1956H,198.9,92,235,118,12.484953,32.06902778,19.576875,3254.43,309.77,25.82295139,79,49,75.4,16.8,106.9,66.5,179.6,0,444.5,march 30- april 5,SouthEast
Rohwer,2012,Armor 1770PRO3,196.9,92,235,117,12.359413,32.06902778,19.576875,3254.43,309.77,25.82295139,79,49,75.4,16.8,106.9,66.5,179.6,0,444.5,march 30- april 5,SouthEast
Rohwer,2012,Merschman M-1215D-15,196.3,92,235,117,12.321751,32.06902778,19.576875,3254.43,309.77,25.82295139,79,49,75.4,16.8,106.9,66.5,179.6,0,444.5,march 30- april 5,SouthEast
Rohwer,2012,REV¨27HR52ª,187.7,92,235,117,11.781929,32.06902778,19.576875,3254.43,309.77,25.82295139,79,49,75.4,16.8,106.9,66.5,179.6,0,444.5,march 30- april 5,SouthEast
Rohwer,2012,Merschman M-816A-10,178.3,92,235,117,11.191891,32.06902778,19.576875,3254.43,309.77,25.82295139,79,49,75.4,16.8,106.9,66.5,179.6,0,444.5,march 30- april 5,SouthEast
Bellfarm,2012,DEKALB DKC65-19,239,95,227,115,15.00203,31.32360902,19.14759398,3122.22,183.54,25.2356015,61,42,,,,,,,,march 30- april 5,CenterEast
Bellfarm,2012,AgriGold A6533VT3,233.8,95,227,113,14.675626,31.32360902,19.14759398,3122.22,183.54,25.2356015,61,42,,,,,,,,march 30- april 5,CenterEast
Bellfarm,2012,Croplan 6640 VT3P,232.4,95,227,113,14.587748,31.32360902,19.14759398,3122.22,183.54,25.2356015,61,42,,,,,,,,march 30- april 5,CenterEast
Bellfarm,2012,NK N78S-3111 Brand,229.4,95,227,116,14.399438,31.32360902,19.14759398,3122.22,183.54,25.2356015,61,42,,,,,,,,march 30- april 5,CenterEast
Bellfarm,2012,DEKALB DKC62-09,228.2,95,227,112,14.324114,31.32360902,19.14759398,3122.22,183.54,25.2356015,61,42,,,,,,,,march 30- april 5,CenterEast
Bellfarm,2012,Merschman M-1015B-15,226.8,95,227,115,14.236236,31.32360902,19.14759398,3122.22,183.54,25.2356015,61,42,,,,,,,,march 30- april 5,CenterEast
Bellfarm,2012,DEKALB DKC64-83,226.4,95,227,114,14.211128,31.32360902,19.14759398,3122.22,183.54,25.2356015,61,42,,,,,,,,march 30- april 5,CenterEast
Bellfarm,2012,Delta Grow 2688 GTCBLL,225.8,95,227,112,14.173466,31.32360902,19.14759398,3122.22,183.54,25.2356015,61,42,,,,,,,,march 30- april 5,CenterEast
Bellfarm,2012,DEKALB DKC66-97,225.8,95,227,116,14.173466,31.32360902,19.14759398,3122.22,183.54,25.2356015,61,42,,,,,,,,march 30- april 5,CenterEast
Bellfarm,2012,AgriGold A6517VT3Pro,225.7,95,227,113,14.167189,31.32360902,19.14759398,3122.22,183.54,25.2356015,61,42,,,,,,,,march 30- april 5,CenterEast
Bellfarm,2012,REV¨21HR33ª,225.7,95,227,112,14.167189,31.32360902,19.14759398,3122.22,183.54,25.2356015,61,42,,,,,,,,march 30- april 5,CenterEast
Bellfarm,2012,REV¨24BHR93ª,224.2,95,227,114,14.073034,31.32360902,19.14759398,3122.22,183.54,25.2356015,61,42,,,,,,,,march 30- april 5,CenterEast
Bellfarm,2012,LG2636VT3Pro,223.9,95,227,114,14.054203,31.32360902,19.14759398,3122.22,183.54,25.2356015,61,42,,,,,,,,march 30- april 5,CenterEast
Bellfarm,2012,Dyna-Gro D55VP77,223.1,95,227,115,14.003987,31.32360902,19.14759398,3122.22,183.54,25.2356015,61,42,,,,,,,,march 30- april 5,CenterEast
Bellfarm,2012,MorCorn MC4234VT2P,223.1,95,227,112,14.003987,31.32360902,19.14759398,3122.22,183.54,25.2356015,61,42,,,,,,,,march 30- april 5,CenterEast
Bellfarm,2012,Croplan 6175 VT3P,222.7,95,227,112,13.978879,31.32360902,19.14759398,3122.22,183.54,25.2356015,61,42,,,,,,,,march 30- april 5,CenterEast
Bellfarm,2012,Dyna-Gro D54VP81,222.7,95,227,114,13.978879,31.32360902,19.14759398,3122.22,183.54,25.2356015,61,42,,,,,,,,march 30- april 5,CenterEast
Bellfarm,2012,Merschman 9810VT3PRO,222.3,95,227,114,13.953771,31.32360902,19.14759398,3122.22,183.54,25.2356015,61,42,,,,,,,,march 30- april 5,CenterEast
Bellfarm,2012,Pioneer P1615HR,221.6,95,227,116,13.909832,31.32360902,19.14759398,3122.22,183.54,25.2356015,61,42,,,,,,,,march 30- april 5,CenterEast
Bellfarm,2012,Armor 1133PRO3,221,95,227,111,13.87217,31.32360902,19.14759398,3122.22,183.54,25.2356015,61,42,,,,,,,,march 30- april 5,CenterEast
Bellfarm,2012,Dyna-Gro D56VP24,220.6,95,227,116,13.847062,31.32360902,19.14759398,3122.22,183.54,25.2356015,61,42,,,,,,,,march 30- april 5,CenterEast
Bellfarm,2012,AgriGold A6573VT3Pro,220.3,95,227,112,13.828231,31.32360902,19.14759398,3122.22,183.54,25.2356015,61,42,,,,,,,,march 30- april 5,CenterEast
Bellfarm,2012,Golden Acres GA G5531,220.2,95,227,115,13.821954,31.32360902,19.14759398,3122.22,183.54,25.2356015,61,42,,,,,,,,march 30- april 5,CenterEast
Bellfarm,2012,Armor 1415PRO3,220.1,95,227,114,13.815677,31.32360902,19.14759398,3122.22,183.54,25.2356015,61,42,,,,,,,,march 30- april 5,CenterEast
Bellfarm,2012,Delta Grow 6388 GTCBLL,220,95,227,114,13.8094,31.32360902,19.14759398,3122.22,183.54,25.2356015,61,42,,,,,,,,march 30- april 5,CenterEast
Bellfarm,2012,NK N68B-3111 Brand,219.8,95,227,111,13.796846,31.32360902,19.14759398,3122.22,183.54,25.2356015,61,42,,,,,,,,march 30- april 5,CenterEast
Bellfarm,2012,Triumph TRX21343H,219.7,95,227,113,13.790569,31.32360902,19.14759398,3122.22,183.54,25.2356015,61,42,,,,,,,,march 30- april 5,CenterEast
Bellfarm,2012,Delta Grow 2788 CBLL,219.1,95,227,116,13.752907,31.32360902,19.14759398,3122.22,183.54,25.2356015,61,42,,,,,,,,march 30- april 5,CenterEast
Bellfarm,2012,AgriGold A6632VT2RIB,218.9,95,227,115,13.740353,31.32360902,19.14759398,3122.22,183.54,25.2356015,61,42,,,,,,,,march 30- april 5,CenterEast
Bellfarm,2012,MorCorn MC4338VT3P,218.4,95,227,113,13.708968,31.32360902,19.14759398,3122.22,183.54,25.2356015,61,42,,,,,,,,march 30- april 5,CenterEast
Bellfarm,2012,Delta Grow 3588 GTCBLL,218,95,227,111,13.68386,31.32360902,19.14759398,3122.22,183.54,25.2356015,61,42,,,,,,,,march 30- april 5,CenterEast
Bellfarm,2012,Armor 1550PRO3,217.6,95,227,115,13.658752,31.32360902,19.14759398,3122.22,183.54,25.2356015,61,42,,,,,,,,march 30- april 5,CenterEast
Bellfarm,2012,Armor 1262PRO2,217.4,95,227,112,13.646198,31.32360902,19.14759398,3122.22,183.54,25.2356015,61,42,,,,,,,,march 30- april 5,CenterEast
Bellfarm,2012,Armor 1111PRO3,217,95,227,111,13.62109,31.32360902,19.14759398,3122.22,183.54,25.2356015,61,42,,,,,,,,march 30- april 5,CenterEast
Bellfarm,2012,REV¨23RE73ª,216.8,95,227,112,13.608536,31.32360902,19.14759398,3122.22,183.54,25.2356015,61,42,,,,,,,,march 30- april 5,CenterEast
Bellfarm,2012,BH Gen. BH 8570VTTP,216.8,95,227,112,13.608536,31.32360902,19.14759398,3122.22,183.54,25.2356015,61,42,,,,,,,,march 30- april 5,CenterEast
Bellfarm,2012,MorCorn MC4344VT2P,216.6,95,227,113,13.595982,31.32360902,19.14759398,3122.22,183.54,25.2356015,61,42,,,,,,,,march 30- april 5,CenterEast
Bellfarm,2012,REV¨26R60ª,216.2,95,227,116,13.570874,31.32360902,19.14759398,3122.22,183.54,25.2356015,61,42,,,,,,,,march 30- april 5,CenterEast
Bellfarm,2012,AgriGold A6489VT3,216.1,95,227,112,13.564597,31.32360902,19.14759398,3122.22,183.54,25.2356015,61,42,,,,,,,,march 30- april 5,CenterEast
Bellfarm,2012,REV¨26HR50ª,216,95,227,116,13.55832,31.32360902,19.14759398,3122.22,183.54,25.2356015,61,42,,,,,,,,march 30- april 5,CenterEast
Bellfarm,2012,Croplan 6725 VT3P,215.3,95,227,113,13.514381,31.32360902,19.14759398,3122.22,183.54,25.2356015,61,42,,,,,,,,march 30- april 5,CenterEast
Bellfarm,2012,Armor 1161PRO2,214.6,95,227,111,13.470442,31.32360902,19.14759398,3122.22,183.54,25.2356015,61,42,,,,,,,,march 30- april 5,CenterEast
Bellfarm,2012,NK N74G-3000GT Brand,214.6,95,227,114,13.470442,31.32360902,19.14759398,3122.22,183.54,25.2356015,61,42,,,,,,,,march 30- april 5,CenterEast
Bellfarm,2012,REV¨25BHR63ª,214.4,95,227,116,13.457888,31.32360902,19.14759398,3122.22,183.54,25.2356015,61,42,,,,,,,,march 30- april 5,CenterEast
Bellfarm,2012,AgriGold A6553VT2RIB,214.2,95,227,113,13.445334,31.32360902,19.14759398,3122.22,183.54,25.2356015,61,42,,,,,,,,march 30- april 5,CenterEast
Bellfarm,2012,Armor 1330PRO3,214.1,95,227,113,13.439057,31.32360902,19.14759398,3122.22,183.54,25.2356015,61,42,,,,,,,,march 30- april 5,CenterEast
Bellfarm,2012,DEKALB DKC63-87,213.8,95,227,113,13.420226,31.32360902,19.14759398,3122.22,183.54,25.2356015,61,42,,,,,,,,march 30- april 5,CenterEast
Bellfarm,2012,Dyna-Gro D52VC91,213.2,95,227,112,13.382564,31.32360902,19.14759398,3122.22,183.54,25.2356015,61,42,,,,,,,,march 30- april 5,CenterEast
Bellfarm,2012,BH 8630VTTP,212,95,227,116,13.30724,31.32360902,19.14759398,3122.22,183.54,25.2356015,61,42,,,,,,,,march 30- april 5,CenterEast
Bellfarm,2012,Delta Grow 3788 GTCBLL,212,95,227,114,13.30724,31.32360902,19.14759398,3122.22,183.54,25.2356015,61,42,,,,,,,,march 30- april 5,CenterEast
Bellfarm,2012,Croplan 6926 VT3P,211.3,95,227,113,13.263301,31.32360902,19.14759398,3122.22,183.54,25.2356015,61,42,,,,,,,,march 30- april 5,CenterEast
Bellfarm,2012,DEKALB DKC64-69,211.2,95,227,114,13.257024,31.32360902,19.14759398,3122.22,183.54,25.2356015,61,42,,,,,,,,march 30- april 5,CenterEast
Bellfarm,2012,BH Gen. XP 8550VTTP,210.4,95,227,115,13.206808,31.32360902,19.14759398,3122.22,183.54,25.2356015,61,42,,,,,,,,march 30- april 5,CenterEast
Bellfarm,2012,Delta Grow 4725 VIPGTCBLL,208.5,95,227,115,13.087545,31.32360902,19.14759398,3122.22,183.54,25.2356015,61,42,,,,,,,,march 30- april 5,CenterEast
Bellfarm,2012,LG5630VT3Pro,208.1,95,227,114,13.062437,31.32360902,19.14759398,3122.22,183.54,25.2356015,61,42,,,,,,,,march 30- april 5,CenterEast
Bellfarm,2012,LG2602VT3Pro,207.9,95,227,112,13.049883,31.32360902,19.14759398,3122.22,183.54,25.2356015,61,42,,,,,,,,march 30- april 5,CenterEast
Bellfarm,2012,Dyna-Gro D56VP10,207.8,95,227,116,13.043606,31.32360902,19.14759398,3122.22,183.54,25.2356015,61,42,,,,,,,,march 30- april 5,CenterEast
Bellfarm,2012,DEKALB DKC66-86,207.4,95,227,116,13.018498,31.32360902,19.14759398,3122.22,183.54,25.2356015,61,42,,,,,,,,march 30- april 5,CenterEast
Bellfarm,2012,DEKALB DKC61-88,207.3,95,227,111,13.012221,31.32360902,19.14759398,3122.22,183.54,25.2356015,61,42,,,,,,,,march 30- april 5,CenterEast
Bellfarm,2012,AgriGold A6659VT3Pro,206.8,95,227,116,12.980836,31.32360902,19.14759398,3122.22,183.54,25.2356015,61,42,,,,,,,,march 30- april 5,CenterEast
Bellfarm,2012,Delta Grow 6488 GTCBLL,206.6,95,227,116,12.968282,31.32360902,19.14759398,3122.22,183.54,25.2356015,61,42,,,,,,,,march 30- april 5,CenterEast
Bellfarm,2012,NK N77P-3111 Brand,206.4,95,227,114,12.955728,31.32360902,19.14759398,3122.22,183.54,25.2356015,61,42,,,,,,,,march 30- april 5,CenterEast
Bellfarm,2012,Armor 1655PRO2,206.3,95,227,116,12.949451,31.32360902,19.14759398,3122.22,183.54,25.2356015,61,42,,,,,,,,march 30- april 5,CenterEast
Bellfarm,2012,BH Gen. BH 8492SS,203.8,95,227,112,12.792526,31.32360902,19.14759398,3122.22,183.54,25.2356015,61,42,,,,,,,,march 30- april 5,CenterEast
Bellfarm,2012,Agrigold A6679VT3Pro,203.7,95,227,116,12.786249,31.32360902,19.14759398,3122.22,183.54,25.2356015,61,42,,,,,,,,march 30- april 5,CenterEast
Bellfarm,2012,Golden Acres GA 26V21,202,95,227,115,12.67954,31.32360902,19.14759398,3122.22,183.54,25.2356015,61,42,,,,,,,,march 30- april 5,CenterEast
Bellfarm,2012,Delta Grow 2888 GTCBLL,200.5,95,227,116,12.585385,31.32360902,19.14759398,3122.22,183.54,25.2356015,61,42,,,,,,,,march 30- april 5,CenterEast
Bellfarm,2012,REV¨22BHR43ª,199.7,95,227,112,12.535169,31.32360902,19.14759398,3122.22,183.54,25.2356015,61,42,,,,,,,,march 30- april 5,CenterEast
Bellfarm,2012,Dyna-Gro D57VP51,223.9,95,227,117,14.054203,31.32360902,19.14759398,3122.22,183.54,25.2356015,61,42,,,,,,,,march 30- april 5,CenterEast
Bellfarm,2012,Pioneer P2088YHR,223,95,227,120,13.99771,31.32360902,19.14759398,3122.22,183.54,25.2356015,61,42,,,,,,,,march 30- april 5,CenterEast
Bellfarm,2012,Delta Grow 4760 3000GT,222.2,95,227,117,13.947494,31.32360902,19.14759398,3122.22,183.54,25.2356015,61,42,,,,,,,,march 30- april 5,CenterEast
Bellfarm,2012,Croplan 8621 VT3P,211.5,95,227,117,13.275855,31.32360902,19.14759398,3122.22,183.54,25.2356015,61,42,,,,,,,,march 30- april 5,CenterEast
Bellfarm,2012,Dyna-Gro CX12117,209.5,95,227,117,13.150315,31.32360902,19.14759398,3122.22,183.54,25.2356015,61,42,,,,,,,,march 30- april 5,CenterEast
Bellfarm,2012,Golden Acres GA 27V01,206,95,227,117,12.93062,31.32360902,19.14759398,3122.22,183.54,25.2356015,61,42,,,,,,,,march 30- april 5,CenterEast
Bellfarm,2012,Armor 1880PRO3,205.9,95,227,118,12.924343,31.32360902,19.14759398,3122.22,183.54,25.2356015,61,42,,,,,,,,march 30- april 5,CenterEast
Bellfarm,2012,BH Gen. X10077VT3P,205.3,95,227,117,12.886681,31.32360902,19.14759398,3122.22,183.54,25.2356015,61,42,,,,,,,,march 30- april 5,CenterEast
Bellfarm,2012,Golden Acres GA 28V81,205.1,95,227,118,12.874127,31.32360902,19.14759398,3122.22,183.54,25.2356015,61,42,,,,,,,,march 30- april 5,CenterEast
Bellfarm,2012,Dyna-Gro D58VP30,204.2,95,227,118,12.817634,31.32360902,19.14759398,3122.22,183.54,25.2356015,61,42,,,,,,,,march 30- april 5,CenterEast
Bellfarm,2012,REV¨28R10ª,204.2,95,227,118,12.817634,31.32360902,19.14759398,3122.22,183.54,25.2356015,61,42,,,,,,,,march 30- april 5,CenterEast
Bellfarm,2012,Merschman M-1215D-15,203.7,95,227,117,12.786249,31.32360902,19.14759398,3122.22,183.54,25.2356015,61,42,,,,,,,,march 30- april 5,CenterEast
Bellfarm,2012,REV¨27HR52ª,203.2,95,227,117,12.754864,31.32360902,19.14759398,3122.22,183.54,25.2356015,61,42,,,,,,,,march 30- april 5,CenterEast
Bellfarm,2012,Delta Grow 3660 3000GT,201.9,95,227,117,12.673263,31.32360902,19.14759398,3122.22,183.54,25.2356015,61,42,,,,,,,,march 30- april 5,CenterEast
Bellfarm,2012,Armor 1770PRO3,201.2,95,227,117,12.629324,31.32360902,19.14759398,3122.22,183.54,25.2356015,61,42,,,,,,,,march 30- april 5,CenterEast
Bellfarm,2012,REV¨28HR20ª,201.1,95,227,118,12.623047,31.32360902,19.14759398,3122.22,183.54,25.2356015,61,42,,,,,,,,march 30- april 5,CenterEast
Bellfarm,2012,Triumph 1956H,200.8,95,227,118,12.604216,31.32360902,19.14759398,3122.22,183.54,25.2356015,61,42,,,,,,,,march 30- april 5,CenterEast
Bellfarm,2012,Pioneer P1745HR,197.8,95,227,117,12.415906,31.32360902,19.14759398,3122.22,183.54,25.2356015,61,42,,,,,,,,march 30- april 5,CenterEast
Bellfarm,2012,Croplan 8410 VT3P,197.6,95,227,117,12.403352,31.32360902,19.14759398,3122.22,183.54,25.2356015,61,42,,,,,,,,march 30- april 5,CenterEast
Bellfarm,2012,REV¨27HR83ª,197.5,95,227,117,12.397075,31.32360902,19.14759398,3122.22,183.54,25.2356015,61,42,,,,,,,,march 30- april 5,CenterEast
Bellfarm,2012,REV¨28HR29ª,195.8,95,227,118,12.290366,31.32360902,19.14759398,3122.22,183.54,25.2356015,61,42,,,,,,,,march 30- april 5,CenterEast
Bellfarm,2012,REV¨28HR30ª,194.3,95,227,118,12.196211,31.32360902,19.14759398,3122.22,183.54,25.2356015,61,42,,,,,,,,march 30- april 5,CenterEast
Bellfarm,2012,DEKALB DKC67-88,193.5,95,227,117,12.145995,31.32360902,19.14759398,3122.22,183.54,25.2356015,61,42,,,,,,,,march 30- april 5,CenterEast
Bellfarm,2012,BH Gen. BH 8740VTTP,193.2,95,227,117,12.127164,31.32360902,19.14759398,3122.22,183.54,25.2356015,61,42,,,,,,,,march 30- april 5,CenterEast
Bellfarm,2012,REV¨29HR13ª,192,95,227,119,12.05184,31.32360902,19.14759398,3122.22,183.54,25.2356015,61,42,,,,,,,,march 30- april 5,CenterEast
Bellfarm,2012,Merschman M-816A-10,184.3,95,227,117,11.568511,31.32360902,19.14759398,3122.22,183.54,25.2356015,61,42,,,,,,,,march 30- april 5,CenterEast
Keiser,2013,Augusta 5565 VT3PRO,249.9,134,280,115,15.686223,30.00258503,19.48544218,3106.78,487.07,24.74401361,40,7,198.4,197.1,122.9,101.6,120.1,74.4,815.34,may 11- may 17,NorthEast
Keiser,2013,DEKALB DKC66-97 GENVT2P,238.5,134,280,116,14.970645,30.00258503,19.48544218,3106.78,487.07,24.74401361,40,7,198.4,197.1,122.9,101.6,120.1,74.4,815.34,may 11- may 17,NorthEast
Keiser,2013,Dyna-Gro D54VP81,237.1,134,280,114,14.882767,30.00258503,19.48544218,3106.78,487.07,24.74401361,40,7,198.4,197.1,122.9,101.6,120.1,74.4,815.34,may 11- may 17,NorthEast
Keiser,2013,LG5607VT3PRO,236.1,134,280,110,14.819997,30.00258503,19.48544218,3106.78,487.07,24.74401361,40,7,198.4,197.1,122.9,101.6,120.1,74.4,815.34,may 11- may 17,NorthEast
Keiser,2013,DEKALB DKC64-69 GENVT3P,234.7,134,280,114,14.732119,30.00258503,19.48544218,3106.78,487.07,24.74401361,40,7,198.4,197.1,122.9,101.6,120.1,74.4,815.34,may 11- may 17,NorthEast
Keiser,2013,ARMOR 1555SS,234.6,134,280,115,14.725842,30.00258503,19.48544218,3106.78,487.07,24.74401361,40,7,198.4,197.1,122.9,101.6,120.1,74.4,815.34,may 11- may 17,NorthEast
Keiser,2013,NK N78S-3111 Brand,233.7,134,280,116,14.669349,30.00258503,19.48544218,3106.78,487.07,24.74401361,40,7,198.4,197.1,122.9,101.6,120.1,74.4,815.34,may 11- may 17,NorthEast
Keiser,2013,Augusta 6866 GT3000,231.1,134,280,116,14.506147,30.00258503,19.48544218,3106.78,487.07,24.74401361,40,7,198.4,197.1,122.9,101.6,120.1,74.4,815.34,may 11- may 17,NorthEast
Keiser,2013,BH 8660VTTP,231,134,280,116,14.49987,30.00258503,19.48544218,3106.78,487.07,24.74401361,40,7,198.4,197.1,122.9,101.6,120.1,74.4,815.34,may 11- may 17,NorthEast
Keiser,2013,DEKALB DKC62-08 GENSS,227.2,134,280,112,14.261344,30.00258503,19.48544218,3106.78,487.07,24.74401361,40,7,198.4,197.1,122.9,101.6,120.1,74.4,815.34,may 11- may 17,NorthEast
Keiser,2013,Mycogen 2C786,224.6,134,280,114,14.098142,30.00258503,19.48544218,3106.78,487.07,24.74401361,40,7,198.4,197.1,122.9,101.6,120.1,74.4,815.34,may 11- may 17,NorthEast
Keiser,2013,NK N72Q-3111 Brand,224.5,134,280,113,14.091865,30.00258503,19.48544218,3106.78,487.07,24.74401361,40,7,198.4,197.1,122.9,101.6,120.1,74.4,815.34,may 11- may 17,NorthEast
Keiser,2013,Dyna-Gro D52VC91,224.3,134,280,112,14.079311,30.00258503,19.48544218,3106.78,487.07,24.74401361,40,7,198.4,197.1,122.9,101.6,120.1,74.4,815.34,may 11- may 17,NorthEast
Keiser,2013,Croplan 6960VT3P,223.8,134,280,114,14.047926,30.00258503,19.48544218,3106.78,487.07,24.74401361,40,7,198.4,197.1,122.9,101.6,120.1,74.4,815.34,may 11- may 17,NorthEast
Keiser,2013,REV¨ 22BHR43ª,223.2,134,280,112,14.010264,30.00258503,19.48544218,3106.78,487.07,24.74401361,40,7,198.4,197.1,122.9,101.6,120.1,74.4,815.34,may 11- may 17,NorthEast
Keiser,2013,Augusta 6665 VT3PRO,223,134,280,115,13.99771,30.00258503,19.48544218,3106.78,487.07,24.74401361,40,7,198.4,197.1,122.9,101.6,120.1,74.4,815.34,may 11- may 17,NorthEast
Keiser,2013,Golden Acres G6611,222.7,134,280,116,13.978879,30.00258503,19.48544218,3106.78,487.07,24.74401361,40,7,198.4,197.1,122.9,101.6,120.1,74.4,815.34,may 11- may 17,NorthEast
Keiser,2013,Dyna-Gro D56VC46,222.5,134,280,116,13.966325,30.00258503,19.48544218,3106.78,487.07,24.74401361,40,7,198.4,197.1,122.9,101.6,120.1,74.4,815.34,may 11- may 17,NorthEast
Keiser,2013,Croplan 6640VT3P,221.6,134,280,113,13.909832,30.00258503,19.48544218,3106.78,487.07,24.74401361,40,7,198.4,197.1,122.9,101.6,120.1,74.4,815.34,may 11- may 17,NorthEast
Keiser,2013,REV¨ 22BHR21ª,221,134,280,112,13.87217,30.00258503,19.48544218,3106.78,487.07,24.74401361,40,7,198.4,197.1,122.9,101.6,120.1,74.4,815.34,may 11- may 17,NorthEast
Keiser,2013,DEKALB DKC61-88 GENVT3P,221,134,280,111,13.87217,30.00258503,19.48544218,3106.78,487.07,24.74401361,40,7,198.4,197.1,122.9,101.6,120.1,74.4,815.34,may 11- may 17,NorthEast
Keiser,2013,Pioneer P1319HR,221,134,280,113,13.87217,30.00258503,19.48544218,3106.78,487.07,24.74401361,40,7,198.4,197.1,122.9,101.6,120.1,74.4,815.34,may 11- may 17,NorthEast
Keiser,2013,Dyna-Gro D55VP77,220.9,134,280,115,13.865893,30.00258503,19.48544218,3106.78,487.07,24.74401361,40,7,198.4,197.1,122.9,101.6,120.1,74.4,815.34,may 11- may 17,NorthEast
Keiser,2013,AgriGold A6559VT2PRO,220.9,134,280,113,13.865893,30.00258503,19.48544218,3106.78,487.07,24.74401361,40,7,198.4,197.1,122.9,101.6,120.1,74.4,815.34,may 11- may 17,NorthEast
Keiser,2013,Golden Acres G4598,220.6,134,280,114,13.847062,30.00258503,19.48544218,3106.78,487.07,24.74401361,40,7,198.4,197.1,122.9,101.6,120.1,74.4,815.34,may 11- may 17,NorthEast
Keiser,2013,DEKALB DKC66-87 GENVT2P,220.3,134,280,116,13.828231,30.00258503,19.48544218,3106.78,487.07,24.74401361,40,7,198.4,197.1,122.9,101.6,120.1,74.4,815.34,may 11- may 17,NorthEast
Keiser,2013,ARMOR 1133PRO2,220.1,134,280,111,13.815677,30.00258503,19.48544218,3106.78,487.07,24.74401361,40,7,198.4,197.1,122.9,101.6,120.1,74.4,815.34,may 11- may 17,NorthEast
Keiser,2013,AgriGold A6659VT3PRO,218,134,280,116,13.68386,30.00258503,19.48544218,3106.78,487.07,24.74401361,40,7,198.4,197.1,122.9,101.6,120.1,74.4,815.34,may 11- may 17,NorthEast
Keiser,2013,BH 8700SS,217.8,134,280,115,13.671306,30.00258503,19.48544218,3106.78,487.07,24.74401361,40,7,198.4,197.1,122.9,101.6,120.1,74.4,815.34,may 11- may 17,NorthEast
Keiser,2013,REV¨ 26R60ª,217.3,134,280,116,13.639921,30.00258503,19.48544218,3106.78,487.07,24.74401361,40,7,198.4,197.1,122.9,101.6,120.1,74.4,815.34,may 11- may 17,NorthEast
Keiser,2013,MFA MorCorn MC4344VT2PRIB,217.2,134,280,113,13.633644,30.00258503,19.48544218,3106.78,487.07,24.74401361,40,7,198.4,197.1,122.9,101.6,120.1,74.4,815.34,may 11- may 17,NorthEast
Keiser,2013,BH 8630VTTP,215.8,134,280,116,13.545766,30.00258503,19.48544218,3106.78,487.07,24.74401361,40,7,198.4,197.1,122.9,101.6,120.1,74.4,815.34,may 11- may 17,NorthEast
Keiser,2013,ARMOR 1550PRO2,215.3,134,280,115,13.514381,30.00258503,19.48544218,3106.78,487.07,24.74401361,40,7,198.4,197.1,122.9,101.6,120.1,74.4,815.34,may 11- may 17,NorthEast
Keiser,2013,BH 8845VTTP,214.9,134,280,116,13.489273,30.00258503,19.48544218,3106.78,487.07,24.74401361,40,7,198.4,197.1,122.9,101.6,120.1,74.4,815.34,may 11- may 17,NorthEast
Keiser,2013,Mycogen MYX13824,214.6,134,280,114,13.470442,30.00258503,19.48544218,3106.78,487.07,24.74401361,40,7,198.4,197.1,122.9,101.6,120.1,74.4,815.34,may 11- may 17,NorthEast
Keiser,2013,AgriGold A6501VT3PRO,214.4,134,280,112,13.457888,30.00258503,19.48544218,3106.78,487.07,24.74401361,40,7,198.4,197.1,122.9,101.6,120.1,74.4,815.34,may 11- may 17,NorthEast
Keiser,2013,Augusta 5658 GTCBLL,214.1,134,280,108,13.439057,30.00258503,19.48544218,3106.78,487.07,24.74401361,40,7,198.4,197.1,122.9,101.6,120.1,74.4,815.34,may 11- may 17,NorthEast
Keiser,2013,Golden Acres G5531,213.8,134,280,115,13.420226,30.00258503,19.48544218,3106.78,487.07,24.74401361,40,7,198.4,197.1,122.9,101.6,120.1,74.4,815.34,may 11- may 17,NorthEast
Keiser,2013,Delta Grow 2788,213.7,134,280,116,13.413949,30.00258503,19.48544218,3106.78,487.07,24.74401361,40,7,198.4,197.1,122.9,101.6,120.1,74.4,815.34,may 11- may 17,NorthEast
Keiser,2013,AgriGold A6517VT3PRIB,212.4,134,280,113,13.332348,30.00258503,19.48544218,3106.78,487.07,24.74401361,40,7,198.4,197.1,122.9,101.6,120.1,74.4,815.34,may 11- may 17,NorthEast
Keiser,2013,Augusta 5262 GT3000,212.1,134,280,112,13.313517,30.00258503,19.48544218,3106.78,487.07,24.74401361,40,7,198.4,197.1,122.9,101.6,120.1,74.4,815.34,may 11- may 17,NorthEast
Keiser,2013,Mycogen 2V777,211.7,134,280,113,13.288409,30.00258503,19.48544218,3106.78,487.07,24.74401361,40,7,198.4,197.1,122.9,101.6,120.1,74.4,815.34,may 11- may 17,NorthEast
Keiser,2013,Mycogen 2J794,211.1,134,280,115,13.250747,30.00258503,19.48544218,3106.78,487.07,24.74401361,40,7,198.4,197.1,122.9,101.6,120.1,74.4,815.34,may 11- may 17,NorthEast
Keiser,2013,BH 8550VT2P,210.5,134,280,114,13.213085,30.00258503,19.48544218,3106.78,487.07,24.74401361,40,7,198.4,197.1,122.9,101.6,120.1,74.4,815.34,may 11- may 17,NorthEast
Keiser,2013,MFA MorCorn XP505VT3P,210.2,134,280,115,13.194254,30.00258503,19.48544218,3106.78,487.07,24.74401361,40,7,198.4,197.1,122.9,101.6,120.1,74.4,815.34,may 11- may 17,NorthEast
Keiser,2013,Mycogen 2Y816,209.7,134,280,116,13.162869,30.00258503,19.48544218,3106.78,487.07,24.74401361,40,7,198.4,197.1,122.9,101.6,120.1,74.4,815.34,may 11- may 17,NorthEast
Keiser,2013,Delta Grow 6160VIPGTCBLL,209.6,134,280,115,13.156592,30.00258503,19.48544218,3106.78,487.07,24.74401361,40,7,198.4,197.1,122.9,101.6,120.1,74.4,815.34,may 11- may 17,NorthEast
Keiser,2013,Delta Grow 1660VIP3111,209.3,134,280,113,13.137761,30.00258503,19.48544218,3106.78,487.07,24.74401361,40,7,198.4,197.1,122.9,101.6,120.1,74.4,815.34,may 11- may 17,NorthEast
Keiser,2013,ARMOR 1262PRO2,208.3,134,280,112,13.074991,30.00258503,19.48544218,3106.78,487.07,24.74401361,40,7,198.4,197.1,122.9,101.6,120.1,74.4,815.34,may 11- may 17,NorthEast
Keiser,2013,Delta Grow 2888,207.6,134,280,116,13.031052,30.00258503,19.48544218,3106.78,487.07,24.74401361,40,7,198.4,197.1,122.9,101.6,120.1,74.4,815.34,may 11- may 17,NorthEast
Keiser,2013,Delta Grow 3660,206.5,134,280,113,12.962005,30.00258503,19.48544218,3106.78,487.07,24.74401361,40,7,198.4,197.1,122.9,101.6,120.1,74.4,815.34,may 11- may 17,NorthEast
Keiser,2013,Augusta 5465 GTCBLL,206.4,134,280,115,12.955728,30.00258503,19.48544218,3106.78,487.07,24.74401361,40,7,198.4,197.1,122.9,101.6,120.1,74.4,815.34,may 11- may 17,NorthEast
Keiser,2013,AgriGold A6679VT2RIB,206.4,134,280,116,12.955728,30.00258503,19.48544218,3106.78,487.07,24.74401361,40,7,198.4,197.1,122.9,101.6,120.1,74.4,815.34,may 11- may 17,NorthEast
Keiser,2013,MFA MorCorn XP504VT3P,203.2,134,280,114,12.754864,30.00258503,19.48544218,3106.78,487.07,24.74401361,40,7,198.4,197.1,122.9,101.6,120.1,74.4,815.34,may 11- may 17,NorthEast
Keiser,2013,DEKALB DKC63-87 GENVT2P,202.8,134,280,113,12.729756,30.00258503,19.48544218,3106.78,487.07,24.74401361,40,7,198.4,197.1,122.9,101.6,120.1,74.4,815.34,may 11- may 17,NorthEast
Keiser,2013,AgriGold A6573VT3PRIB,202,134,280,112,12.67954,30.00258503,19.48544218,3106.78,487.07,24.74401361,40,7,198.4,197.1,122.9,101.6,120.1,74.4,815.34,may 11- may 17,NorthEast
Keiser,2013,NK N68B-3111 Brand,201.9,134,280,111,12.673263,30.00258503,19.48544218,3106.78,487.07,24.74401361,40,7,198.4,197.1,122.9,101.6,120.1,74.4,815.34,may 11- may 17,NorthEast
Keiser,2013,Delta Grow 3788,201.8,134,280,114,12.666986,30.00258503,19.48544218,3106.78,487.07,24.74401361,40,7,198.4,197.1,122.9,101.6,120.1,74.4,815.34,may 11- may 17,NorthEast
Keiser,2013,MFA MorCorn MC4354VT3P,200.4,134,280,113,12.579108,30.00258503,19.48544218,3106.78,487.07,24.74401361,40,7,198.4,197.1,122.9,101.6,120.1,74.4,815.34,may 11- may 17,NorthEast
Keiser,2013,REV¨ 18BHR84ª,200.4,134,280,108,12.579108,30.00258503,19.48544218,3106.78,487.07,24.74401361,40,7,198.4,197.1,122.9,101.6,120.1,74.4,815.34,may 11- may 17,NorthEast
Keiser,2013,LG2636VT3PRIB,200.3,134,280,114,12.572831,30.00258503,19.48544218,3106.78,487.07,24.74401361,40,7,198.4,197.1,122.9,101.6,120.1,74.4,815.34,may 11- may 17,NorthEast
Keiser,2013,Pioneer P1685YHR,199.4,134,280,116,12.516338,30.00258503,19.48544218,3106.78,487.07,24.74401361,40,7,198.4,197.1,122.9,101.6,120.1,74.4,815.34,may 11- may 17,NorthEast
Keiser,2013,REV¨ 25BHR44ª,198.8,134,280,115,12.478676,30.00258503,19.48544218,3106.78,487.07,24.74401361,40,7,198.4,197.1,122.9,101.6,120.1,74.4,815.34,may 11- may 17,NorthEast
Keiser,2013,AgriGold A6499VT3PRO,197.6,134,280,112,12.403352,30.00258503,19.48544218,3106.78,487.07,24.74401361,40,7,198.4,197.1,122.9,101.6,120.1,74.4,815.34,may 11- may 17,NorthEast
Keiser,2013,Mycogen 2V707,197.3,134,280,110,12.384521,30.00258503,19.48544218,3106.78,487.07,24.74401361,40,7,198.4,197.1,122.9,101.6,120.1,74.4,815.34,may 11- may 17,NorthEast
Keiser,2013,REV¨ 17HR73ª,196.8,134,280,107,12.353136,30.00258503,19.48544218,3106.78,487.07,24.74401361,40,7,198.4,197.1,122.9,101.6,120.1,74.4,815.34,may 11- may 17,NorthEast
Keiser,2013,LG5618STX,196.5,134,280,113,12.334305,30.00258503,19.48544218,3106.78,487.07,24.74401361,40,7,198.4,197.1,122.9,101.6,120.1,74.4,815.34,may 11- may 17,NorthEast
Keiser,2013,Golden Acres 26V21,195.6,134,280,115,12.277812,30.00258503,19.48544218,3106.78,487.07,24.74401361,40,7,198.4,197.1,122.9,101.6,120.1,74.4,815.34,may 11- may 17,NorthEast
Keiser,2013,REV¨ 24BHR93ª,193.7,134,280,114,12.158549,30.00258503,19.48544218,3106.78,487.07,24.74401361,40,7,198.4,197.1,122.9,101.6,120.1,74.4,815.34,may 11- may 17,NorthEast
Keiser,2013,Mycogen 2Y765,193.6,134,280,114,12.152272,30.00258503,19.48544218,3106.78,487.07,24.74401361,40,7,198.4,197.1,122.9,101.6,120.1,74.4,815.34,may 11- may 17,NorthEast
Keiser,2013,ARMOR 0700PRO2,193.4,134,280,107,12.139718,30.00258503,19.48544218,3106.78,487.07,24.74401361,40,7,198.4,197.1,122.9,101.6,120.1,74.4,815.34,may 11- may 17,NorthEast
Keiser,2013,Mycogen 2V714,191.3,134,280,111,12.007901,30.00258503,19.48544218,3106.78,487.07,24.74401361,40,7,198.4,197.1,122.9,101.6,120.1,74.4,815.34,may 11- may 17,NorthEast
Keiser,2013,Triumph 1366S,191.2,134,280,113,12.001624,30.00258503,19.48544218,3106.78,487.07,24.74401361,40,7,198.4,197.1,122.9,101.6,120.1,74.4,815.34,may 11- may 17,NorthEast
Keiser,2013,AgriGold A6533VT2RIB,190.6,134,280,113,11.963962,30.00258503,19.48544218,3106.78,487.07,24.74401361,40,7,198.4,197.1,122.9,101.6,120.1,74.4,815.34,may 11- may 17,NorthEast
Keiser,2013,REV¨ 26BHR50ª,186.9,134,280,116,11.731713,30.00258503,19.48544218,3106.78,487.07,24.74401361,40,7,198.4,197.1,122.9,101.6,120.1,74.4,815.34,may 11- may 17,NorthEast
Keiser,2013,REV¨ 22BHR54ª,184,134,280,112,11.54968,30.00258503,19.48544218,3106.78,487.07,24.74401361,40,7,198.4,197.1,122.9,101.6,120.1,74.4,815.34,may 11- may 17,NorthEast
Keiser,2013,NK N79T-3111 Brand,182,134,280,117,11.42414,30.00258503,19.48544218,3106.78,487.07,24.74401361,40,7,198.4,197.1,122.9,101.6,120.1,74.4,815.34,may 11- may 17,NorthEast
Keiser,2013,Dyna-Gro D53VC13,177.6,134,280,113,11.147952,30.00258503,19.48544218,3106.78,487.07,24.74401361,40,7,198.4,197.1,122.9,101.6,120.1,74.4,815.34,may 11- may 17,NorthEast
Keiser,2013,Dyna-Gro D57VP75,251.8,134,280,117,15.805486,30.00258503,19.48544218,3106.78,487.07,24.74401361,40,7,198.4,197.1,122.9,101.6,120.1,74.4,815.34,may 11- may 17,NorthEast
Keiser,2013,REV¨ 28R10ª,247.1,134,280,118,15.510467,30.00258503,19.48544218,3106.78,487.07,24.74401361,40,7,198.4,197.1,122.9,101.6,120.1,74.4,815.34,may 11- may 17,NorthEast
Keiser,2013,REV¨ 28HR20ª,247,134,280,118,15.50419,30.00258503,19.48544218,3106.78,487.07,24.74401361,40,7,198.4,197.1,122.9,101.6,120.1,74.4,815.34,may 11- may 17,NorthEast
Keiser,2013,Augusta 7767 VT2PRO,241.9,134,280,117,15.184063,30.00258503,19.48544218,3106.78,487.07,24.74401361,40,7,198.4,197.1,122.9,101.6,120.1,74.4,815.34,may 11- may 17,NorthEast
Keiser,2013,Croplan 8621VT2P,240.8,134,280,117,15.115016,30.00258503,19.48544218,3106.78,487.07,24.74401361,40,7,198.4,197.1,122.9,101.6,120.1,74.4,815.34,may 11- may 17,NorthEast
Keiser,2013,ARMOR 1880PRO2,237.5,134,280,118,14.907875,30.00258503,19.48544218,3106.78,487.07,24.74401361,40,7,198.4,197.1,122.9,101.6,120.1,74.4,815.34,may 11- may 17,NorthEast
Keiser,2013,Dyna-Gro D57VP51,236.9,134,280,117,14.870213,30.00258503,19.48544218,3106.78,487.07,24.74401361,40,7,198.4,197.1,122.9,101.6,120.1,74.4,815.34,may 11- may 17,NorthEast
Keiser,2013,Augusta 7768 GT,234.8,134,280,118,14.738396,30.00258503,19.48544218,3106.78,487.07,24.74401361,40,7,198.4,197.1,122.9,101.6,120.1,74.4,815.34,may 11- may 17,NorthEast
Keiser,2013,BH 8928VTTP,234.4,134,280,116,14.713288,30.00258503,19.48544218,3106.78,487.07,24.74401361,40,7,198.4,197.1,122.9,101.6,120.1,74.4,815.34,may 11- may 17,NorthEast
Keiser,2013,BH 8735VTTP,234.4,134,280,117,14.713288,30.00258503,19.48544218,3106.78,487.07,24.74401361,40,7,198.4,197.1,122.9,101.6,120.1,74.4,815.34,may 11- may 17,NorthEast
Keiser,2013,DEKALB DKC67-88 GENVT3P,233,134,280,117,14.62541,30.00258503,19.48544218,3106.78,487.07,24.74401361,40,7,198.4,197.1,122.9,101.6,120.1,74.4,815.34,may 11- may 17,NorthEast
Keiser,2013,BH 8900GT3,232.7,134,280,117,14.606579,30.00258503,19.48544218,3106.78,487.07,24.74401361,40,7,198.4,197.1,122.9,101.6,120.1,74.4,815.34,may 11- may 17,NorthEast
Keiser,2013,DEKALB DKC69-29 GENVT3P,232.6,134,280,119,14.600302,30.00258503,19.48544218,3106.78,487.07,24.74401361,40,7,198.4,197.1,122.9,101.6,120.1,74.4,815.34,may 11- may 17,NorthEast
Keiser,2013,BH 8732VTTP,227.6,134,280,116,14.286452,30.00258503,19.48544218,3106.78,487.07,24.74401361,40,7,198.4,197.1,122.9,101.6,120.1,74.4,815.34,may 11- may 17,NorthEast
Keiser,2013,BH 8830VTTP,227.4,134,280,117,14.273898,30.00258503,19.48544218,3106.78,487.07,24.74401361,40,7,198.4,197.1,122.9,101.6,120.1,74.4,815.34,may 11- may 17,NorthEast
Keiser,2013,Golden Acres G7601,225.3,134,280,117,14.142081,30.00258503,19.48544218,3106.78,487.07,24.74401361,40,7,198.4,197.1,122.9,101.6,120.1,74.4,815.34,may 11- may 17,NorthEast
Keiser,2013,Mycogen MYX13826,219.1,134,280,118,13.752907,30.00258503,19.48544218,3106.78,487.07,24.74401361,40,7,198.4,197.1,122.9,101.6,120.1,74.4,815.34,may 11- may 17,NorthEast
Keiser,2013,Golden Acres 27V01,215.7,134,280,117,13.539489,30.00258503,19.48544218,3106.78,487.07,24.74401361,40,7,198.4,197.1,122.9,101.6,120.1,74.4,815.34,may 11- may 17,NorthEast
Keiser,2013,REV¨ 27HR83ª,215.4,134,280,117,13.520658,30.00258503,19.48544218,3106.78,487.07,24.74401361,40,7,198.4,197.1,122.9,101.6,120.1,74.4,815.34,may 11- may 17,NorthEast
Keiser,2013,Pioneer P2088YHR,205.2,134,280,120,12.880404,30.00258503,19.48544218,3106.78,487.07,24.74401361,40,7,198.4,197.1,122.9,101.6,120.1,74.4,815.34,may 11- may 17,NorthEast
Keiser,2013,AgriGold A6687VT2PRO,200.3,134,280,117,12.572831,30.00258503,19.48544218,3106.78,487.07,24.74401361,40,7,198.4,197.1,122.9,101.6,120.1,74.4,815.34,may 11- may 17,NorthEast
Keiser,2013,Pioneer P1745BVT,191.6,134,280,117,12.026732,30.00258503,19.48544218,3106.78,487.07,24.74401361,40,7,198.4,197.1,122.9,101.6,120.1,74.4,815.34,may 11- may 17,NorthEast
Keiser,2013,Mycogen MYX13825,179.8,134,280,117,11.286046,30.00258503,19.48544218,3106.78,487.07,24.74401361,40,7,198.4,197.1,122.9,101.6,120.1,74.4,815.34,may 11- may 17,NorthEast
Stuttgart,2013,REV¨ 24BHR93ª,274.6,112,280,114,17.236642,31.32221429,19.53942857,3132.45,320.12,25.43082143,75,44,168.9,109.5,36.8,20.3,38.9,6.6,381,april 20-april 26,SouthEast
Stuttgart,2013,Pioneer P1685YHR,262.8,112,251,116,16.495956,31.32221429,19.53942857,3132.45,320.12,25.43082143,75,44,168.9,109.5,36.8,20.3,38.9,6.6,381,april 20-april 26,SouthEast
Stuttgart,2013,Croplan 6640VT3P,262.3,112,251,113,16.464571,31.32221429,19.53942857,3132.45,320.12,25.43082143,75,44,168.9,109.5,36.8,20.3,38.9,6.6,381,april 20-april 26,SouthEast
Stuttgart,2013,DEKALB DKC66-87 GENVT2P,261.5,112,251,116,16.414355,31.32221429,19.53942857,3132.45,320.12,25.43082143,75,44,168.9,109.5,36.8,20.3,38.9,6.6,381,april 20-april 26,SouthEast
Stuttgart,2013,REV¨ 26BHR50ª,257.8,112,251,116,16.182106,31.32221429,19.53942857,3132.45,320.12,25.43082143,75,44,168.9,109.5,36.8,20.3,38.9,6.6,381,april 20-april 26,SouthEast
Stuttgart,2013,Golden Acres G6611,257.7,112,251,116,16.175829,31.32221429,19.53942857,3132.45,320.12,25.43082143,75,44,168.9,109.5,36.8,20.3,38.9,6.6,381,april 20-april 26,SouthEast
Stuttgart,2013,Augusta 5565 VT3PRO,254.8,112,251,115,15.993796,31.32221429,19.53942857,3132.45,320.12,25.43082143,75,44,168.9,109.5,36.8,20.3,38.9,6.6,381,april 20-april 26,SouthEast
Stuttgart,2013,Pioneer P1319HR,254.6,112,251,113,15.981242,31.32221429,19.53942857,3132.45,320.12,25.43082143,75,44,168.9,109.5,36.8,20.3,38.9,6.6,381,april 20-april 26,SouthEast
Stuttgart,2013,REV¨ 26R60ª,252.8,112,251,116,15.868256,31.32221429,19.53942857,3132.45,320.12,25.43082143,75,44,168.9,109.5,36.8,20.3,38.9,6.6,381,april 20-april 26,SouthEast
Stuttgart,2013,MFA MorCorn MC4344VT2PRIB,252.3,112,251,113,15.836871,31.32221429,19.53942857,3132.45,320.12,25.43082143,75,44,168.9,109.5,36.8,20.3,38.9,6.6,381,april 20-april 26,SouthEast
Stuttgart,2013,Dyna-Gro D56VC46,249.6,112,251,116,15.667392,31.32221429,19.53942857,3132.45,320.12,25.43082143,75,44,168.9,109.5,36.8,20.3,38.9,6.6,381,april 20-april 26,SouthEast
Stuttgart,2013,AgriGold A6659VT3PRO,248.7,112,251,116,15.610899,31.32221429,19.53942857,3132.45,320.12,25.43082143,75,44,168.9,109.5,36.8,20.3,38.9,6.6,381,april 20-april 26,SouthEast
Stuttgart,2013,DEKALB DKC62-08 GENSS,247.8,112,251,112,15.554406,31.32221429,19.53942857,3132.45,320.12,25.43082143,75,44,168.9,109.5,36.8,20.3,38.9,6.6,381,april 20-april 26,SouthEast
Stuttgart,2013,ARMOR 1550PRO2,246.8,112,251,115,15.491636,31.32221429,19.53942857,3132.45,320.12,25.43082143,75,44,168.9,109.5,36.8,20.3,38.9,6.6,381,april 20-april 26,SouthEast
Stuttgart,2013,Dyna-Gro D55VP77,246.7,112,251,115,15.485359,31.32221429,19.53942857,3132.45,320.12,25.43082143,75,44,168.9,109.5,36.8,20.3,38.9,6.6,381,april 20-april 26,SouthEast
Stuttgart,2013,Mycogen 2Y816,246.7,112,251,116,15.485359,31.32221429,19.53942857,3132.45,320.12,25.43082143,75,44,168.9,109.5,36.8,20.3,38.9,6.6,381,april 20-april 26,SouthEast
Stuttgart,2013,REV¨ 25BHR44ª,246.7,112,251,115,15.485359,31.32221429,19.53942857,3132.45,320.12,25.43082143,75,44,168.9,109.5,36.8,20.3,38.9,6.6,381,april 20-april 26,SouthEast
Stuttgart,2013,NK N78S-3111 Brand,246.3,112,251,116,15.460251,31.32221429,19.53942857,3132.45,320.12,25.43082143,75,44,168.9,109.5,36.8,20.3,38.9,6.6,381,april 20-april 26,SouthEast
Stuttgart,2013,Golden Acres G4598,246.2,112,251,114,15.453974,31.32221429,19.53942857,3132.45,320.12,25.43082143,75,44,168.9,109.5,36.8,20.3,38.9,6.6,381,april 20-april 26,SouthEast
Stuttgart,2013,Dyna-Gro D54VP81,244.5,112,251,114,15.347265,31.32221429,19.53942857,3132.45,320.12,25.43082143,75,44,168.9,109.5,36.8,20.3,38.9,6.6,381,april 20-april 26,SouthEast
Stuttgart,2013,BH 8550VT2P,244.2,112,251,114,15.328434,31.32221429,19.53942857,3132.45,320.12,25.43082143,75,44,168.9,109.5,36.8,20.3,38.9,6.6,381,april 20-april 26,SouthEast
Stuttgart,2013,LG2636VT3PRIB,242.6,112,251,114,15.228002,31.32221429,19.53942857,3132.45,320.12,25.43082143,75,44,168.9,109.5,36.8,20.3,38.9,6.6,381,april 20-april 26,SouthEast
Stuttgart,2013,BH 8700SS,242.2,112,251,115,15.202894,31.32221429,19.53942857,3132.45,320.12,25.43082143,75,44,168.9,109.5,36.8,20.3,38.9,6.6,381,april 20-april 26,SouthEast
Stuttgart,2013,AgriGold A6559VT2PRO,241.5,112,251,113,15.158955,31.32221429,19.53942857,3132.45,320.12,25.43082143,75,44,168.9,109.5,36.8,20.3,38.9,6.6,381,april 20-april 26,SouthEast
Stuttgart,2013,DEKALB DKC61-88 GENVT3P,240.8,112,251,111,15.115016,31.32221429,19.53942857,3132.45,320.12,25.43082143,75,44,168.9,109.5,36.8,20.3,38.9,6.6,381,april 20-april 26,SouthEast
Stuttgart,2013,Golden Acres 26V21,238.8,112,251,115,14.989476,31.32221429,19.53942857,3132.45,320.12,25.43082143,75,44,168.9,109.5,36.8,20.3,38.9,6.6,381,april 20-april 26,SouthEast
Stuttgart,2013,Augusta 6665 VT3PRO,238.7,112,251,115,14.983199,31.32221429,19.53942857,3132.45,320.12,25.43082143,75,44,168.9,109.5,36.8,20.3,38.9,6.6,381,april 20-april 26,SouthEast
Stuttgart,2013,AgriGold A6517VT3PRIB,238.3,112,251,113,14.958091,31.32221429,19.53942857,3132.45,320.12,25.43082143,75,44,168.9,109.5,36.8,20.3,38.9,6.6,381,april 20-april 26,SouthEast
Stuttgart,2013,MFA MorCorn XP505VT3P,236.3,112,251,115,14.832551,31.32221429,19.53942857,3132.45,320.12,25.43082143,75,44,168.9,109.5,36.8,20.3,38.9,6.6,381,april 20-april 26,SouthEast
Stuttgart,2013,Mycogen 2C786,236.2,112,251,114,14.826274,31.32221429,19.53942857,3132.45,320.12,25.43082143,75,44,168.9,109.5,36.8,20.3,38.9,6.6,381,april 20-april 26,SouthEast
Stuttgart,2013,NK N79T-3111 Brand,236.1,112,251,117,14.819997,31.32221429,19.53942857,3132.45,320.12,25.43082143,75,44,168.9,109.5,36.8,20.3,38.9,6.6,381,april 20-april 26,SouthEast
Stuttgart,2013,Dyna-Gro D52VC91,235.6,112,251,112,14.788612,31.32221429,19.53942857,3132.45,320.12,25.43082143,75,44,168.9,109.5,36.8,20.3,38.9,6.6,381,april 20-april 26,SouthEast
Stuttgart,2013,NK N72Q-3111 Brand,234.9,112,251,113,14.744673,31.32221429,19.53942857,3132.45,320.12,25.43082143,75,44,168.9,109.5,36.8,20.3,38.9,6.6,381,april 20-april 26,SouthEast
Stuttgart,2013,REV¨ 18BHR84ª,234.8,112,251,108,14.738396,31.32221429,19.53942857,3132.45,320.12,25.43082143,75,44,168.9,109.5,36.8,20.3,38.9,6.6,381,april 20-april 26,SouthEast
Stuttgart,2013,Golden Acres G5531,234.6,112,251,115,14.725842,31.32221429,19.53942857,3132.45,320.12,25.43082143,75,44,168.9,109.5,36.8,20.3,38.9,6.6,381,april 20-april 26,SouthEast
Stuttgart,2013,Augusta 6866 GT3000,233.9,112,251,116,14.681903,31.32221429,19.53942857,3132.45,320.12,25.43082143,75,44,168.9,109.5,36.8,20.3,38.9,6.6,381,april 20-april 26,SouthEast
Stuttgart,2013,Croplan 6960VT3P,233.2,112,251,114,14.637964,31.32221429,19.53942857,3132.45,320.12,25.43082143,75,44,168.9,109.5,36.8,20.3,38.9,6.6,381,april 20-april 26,SouthEast
Stuttgart,2013,DEKALB DKC66-97 GENVT2P,232.4,112,251,116,14.587748,31.32221429,19.53942857,3132.45,320.12,25.43082143,75,44,168.9,109.5,36.8,20.3,38.9,6.6,381,april 20-april 26,SouthEast
Stuttgart,2013,LG5618STX,232.4,112,251,113,14.587748,31.32221429,19.53942857,3132.45,320.12,25.43082143,75,44,168.9,109.5,36.8,20.3,38.9,6.6,381,april 20-april 26,SouthEast
Stuttgart,2013,AgriGold A6499VT3PRO,232.3,112,251,112,14.581471,31.32221429,19.53942857,3132.45,320.12,25.43082143,75,44,168.9,109.5,36.8,20.3,38.9,6.6,381,april 20-april 26,SouthEast
Stuttgart,2013,DEKALB DKC64-69 GENVT3P,232.3,112,251,114,14.581471,31.32221429,19.53942857,3132.45,320.12,25.43082143,75,44,168.9,109.5,36.8,20.3,38.9,6.6,381,april 20-april 26,SouthEast
Stuttgart,2013,LG5607VT3PRO,231.8,112,251,110,14.550086,31.32221429,19.53942857,3132.45,320.12,25.43082143,75,44,168.9,109.5,36.8,20.3,38.9,6.6,381,april 20-april 26,SouthEast
Stuttgart,2013,Mycogen 2V714,230.9,112,251,111,14.493593,31.32221429,19.53942857,3132.45,320.12,25.43082143,75,44,168.9,109.5,36.8,20.3,38.9,6.6,381,april 20-april 26,SouthEast
Stuttgart,2013,AgriGold A6679VT2RIB,230.3,112,251,116,14.455931,31.32221429,19.53942857,3132.45,320.12,25.43082143,75,44,168.9,109.5,36.8,20.3,38.9,6.6,381,april 20-april 26,SouthEast
Stuttgart,2013,ARMOR 1133PRO2,230.3,112,251,111,14.455931,31.32221429,19.53942857,3132.45,320.12,25.43082143,75,44,168.9,109.5,36.8,20.3,38.9,6.6,381,april 20-april 26,SouthEast
Stuttgart,2013,Mycogen 2V707,229.5,112,251,110,14.405715,31.32221429,19.53942857,3132.45,320.12,25.43082143,75,44,168.9,109.5,36.8,20.3,38.9,6.6,381,april 20-april 26,SouthEast
Stuttgart,2013,REV¨ 22BHR21ª,229.2,112,251,112,14.386884,31.32221429,19.53942857,3132.45,320.12,25.43082143,75,44,168.9,109.5,36.8,20.3,38.9,6.6,381,april 20-april 26,SouthEast
Stuttgart,2013,Augusta 5658 GTCBLL,229,112,251,108,14.37433,31.32221429,19.53942857,3132.45,320.12,25.43082143,75,44,168.9,109.5,36.8,20.3,38.9,6.6,381,april 20-april 26,SouthEast
Stuttgart,2013,REV¨ 22BHR43ª,228.3,112,251,112,14.330391,31.32221429,19.53942857,3132.45,320.12,25.43082143,75,44,168.9,109.5,36.8,20.3,38.9,6.6,381,april 20-april 26,SouthEast
Stuttgart,2013,ARMOR 1262PRO2,228.1,112,251,112,14.317837,31.32221429,19.53942857,3132.45,320.12,25.43082143,75,44,168.9,109.5,36.8,20.3,38.9,6.6,381,april 20-april 26,SouthEast
Stuttgart,2013,MFA MorCorn XP504VT3P,228,112,251,114,14.31156,31.32221429,19.53942857,3132.45,320.12,25.43082143,75,44,168.9,109.5,36.8,20.3,38.9,6.6,381,april 20-april 26,SouthEast
Stuttgart,2013,DEKALB DKC63-87 GENVT2P,227.7,112,251,113,14.292729,31.32221429,19.53942857,3132.45,320.12,25.43082143,75,44,168.9,109.5,36.8,20.3,38.9,6.6,381,april 20-april 26,SouthEast
Stuttgart,2013,BH 8660VTTP,227.1,112,251,116,14.255067,31.32221429,19.53942857,3132.45,320.12,25.43082143,75,44,168.9,109.5,36.8,20.3,38.9,6.6,381,april 20-april 26,SouthEast
Stuttgart,2013,AgriGold A6573VT3PRIB,227.1,112,251,112,14.255067,31.32221429,19.53942857,3132.45,320.12,25.43082143,75,44,168.9,109.5,36.8,20.3,38.9,6.6,381,april 20-april 26,SouthEast
Stuttgart,2013,Mycogen MYX13824,226.9,112,251,114,14.242513,31.32221429,19.53942857,3132.45,320.12,25.43082143,75,44,168.9,109.5,36.8,20.3,38.9,6.6,381,april 20-april 26,SouthEast
Stuttgart,2013,REV¨ 22BHR54ª,225,112,251,112,14.12325,31.32221429,19.53942857,3132.45,320.12,25.43082143,75,44,168.9,109.5,36.8,20.3,38.9,6.6,381,april 20-april 26,SouthEast
Stuttgart,2013,Augusta 5262 GT3000,224.7,112,251,112,14.104419,31.32221429,19.53942857,3132.45,320.12,25.43082143,75,44,168.9,109.5,36.8,20.3,38.9,6.6,381,april 20-april 26,SouthEast
Stuttgart,2013,AgriGold A6501VT3PRO,223.9,112,251,112,14.054203,31.32221429,19.53942857,3132.45,320.12,25.43082143,75,44,168.9,109.5,36.8,20.3,38.9,6.6,381,april 20-april 26,SouthEast
Stuttgart,2013,Delta Grow 3660,223.7,112,251,113,14.041649,31.32221429,19.53942857,3132.45,320.12,25.43082143,75,44,168.9,109.5,36.8,20.3,38.9,6.6,381,april 20-april 26,SouthEast
Stuttgart,2013,Mycogen 2J794,223.7,112,251,115,14.041649,31.32221429,19.53942857,3132.45,320.12,25.43082143,75,44,168.9,109.5,36.8,20.3,38.9,6.6,381,april 20-april 26,SouthEast
Stuttgart,2013,Delta Grow 6160VIPGTCBLL,223.1,112,251,115,14.003987,31.32221429,19.53942857,3132.45,320.12,25.43082143,75,44,168.9,109.5,36.8,20.3,38.9,6.6,381,april 20-april 26,SouthEast
Stuttgart,2013,Dyna-Gro D53VC13,223,112,251,113,13.99771,31.32221429,19.53942857,3132.45,320.12,25.43082143,75,44,168.9,109.5,36.8,20.3,38.9,6.6,381,april 20-april 26,SouthEast
Stuttgart,2013,Delta Grow 2788,222,112,251,116,13.93494,31.32221429,19.53942857,3132.45,320.12,25.43082143,75,44,168.9,109.5,36.8,20.3,38.9,6.6,381,april 20-april 26,SouthEast
Stuttgart,2013,MFA MorCorn MC4354VT3P,220.7,112,251,113,13.853339,31.32221429,19.53942857,3132.45,320.12,25.43082143,75,44,168.9,109.5,36.8,20.3,38.9,6.6,381,april 20-april 26,SouthEast
Stuttgart,2013,ARMOR 1555SS,219.9,112,251,115,13.803123,31.32221429,19.53942857,3132.45,320.12,25.43082143,75,44,168.9,109.5,36.8,20.3,38.9,6.6,381,april 20-april 26,SouthEast
Stuttgart,2013,ARMOR 0700PRO2,219.6,112,251,107,13.784292,31.32221429,19.53942857,3132.45,320.12,25.43082143,75,44,168.9,109.5,36.8,20.3,38.9,6.6,381,april 20-april 26,SouthEast
Stuttgart,2013,REV¨ 17HR73ª,218.9,112,251,107,13.740353,31.32221429,19.53942857,3132.45,320.12,25.43082143,75,44,168.9,109.5,36.8,20.3,38.9,6.6,381,april 20-april 26,SouthEast
Stuttgart,2013,Mycogen 2V777,217.2,112,251,113,13.633644,31.32221429,19.53942857,3132.45,320.12,25.43082143,75,44,168.9,109.5,36.8,20.3,38.9,6.6,381,april 20-april 26,SouthEast
Stuttgart,2013,NK N68B-3111 Brand,216.7,112,251,111,13.602259,31.32221429,19.53942857,3132.45,320.12,25.43082143,75,44,168.9,109.5,36.8,20.3,38.9,6.6,381,april 20-april 26,SouthEast
Stuttgart,2013,Delta Grow 1660VIP3111,215.7,112,251,113,13.539489,31.32221429,19.53942857,3132.45,320.12,25.43082143,75,44,168.9,109.5,36.8,20.3,38.9,6.6,381,april 20-april 26,SouthEast
Stuttgart,2013,Delta Grow 3788,214.8,112,251,114,13.482996,31.32221429,19.53942857,3132.45,320.12,25.43082143,75,44,168.9,109.5,36.8,20.3,38.9,6.6,381,april 20-april 26,SouthEast
Stuttgart,2013,Mycogen 2Y765,213.9,112,251,114,13.426503,31.32221429,19.53942857,3132.45,320.12,25.43082143,75,44,168.9,109.5,36.8,20.3,38.9,6.6,381,april 20-april 26,SouthEast
Stuttgart,2013,Delta Grow 2888,213.5,112,251,116,13.401395,31.32221429,19.53942857,3132.45,320.12,25.43082143,75,44,168.9,109.5,36.8,20.3,38.9,6.6,381,april 20-april 26,SouthEast
Stuttgart,2013,BH 8845VTTP,211.8,112,251,116,13.294686,31.32221429,19.53942857,3132.45,320.12,25.43082143,75,44,168.9,109.5,36.8,20.3,38.9,6.6,381,april 20-april 26,SouthEast
Stuttgart,2013,BH 8630VTTP,211.6,112,251,116,13.282132,31.32221429,19.53942857,3132.45,320.12,25.43082143,75,44,168.9,109.5,36.8,20.3,38.9,6.6,381,april 20-april 26,SouthEast
Stuttgart,2013,Augusta 5465 GTCBLL,209.6,112,251,115,13.156592,31.32221429,19.53942857,3132.45,320.12,25.43082143,75,44,168.9,109.5,36.8,20.3,38.9,6.6,381,april 20-april 26,SouthEast
Stuttgart,2013,Triumph 1366S,208.2,112,251,113,13.068714,31.32221429,19.53942857,3132.45,320.12,25.43082143,75,44,168.9,109.5,36.8,20.3,38.9,6.6,381,april 20-april 26,SouthEast
Stuttgart,2013,AgriGold A6533VT2RIB,205.1,112,251,113,12.874127,31.32221429,19.53942857,3132.45,320.12,25.43082143,75,44,168.9,109.5,36.8,20.3,38.9,6.6,381,april 20-april 26,SouthEast
Stuttgart,2013,REV¨ 28R10ª,277.1,112,251,118,17.393567,31.32221429,19.53942857,3132.45,320.12,25.43082143,75,44,168.9,109.5,36.8,20.3,38.9,6.6,381,april 20-april 26,SouthEast
Stuttgart,2013,Pioneer P1745BVT,272.3,112,251,117,17.092271,31.32221429,19.53942857,3132.45,320.12,25.43082143,75,44,168.9,109.5,36.8,20.3,38.9,6.6,381,april 20-april 26,SouthEast
Stuttgart,2013,REV¨ 28HR20ª,265.7,112,251,118,16.677989,31.32221429,19.53942857,3132.45,320.12,25.43082143,75,44,168.9,109.5,36.8,20.3,38.9,6.6,381,april 20-april 26,SouthEast
Stuttgart,2013,BH 8732VTTP,259.9,112,251,116,16.313923,31.32221429,19.53942857,3132.45,320.12,25.43082143,75,44,168.9,109.5,36.8,20.3,38.9,6.6,381,april 20-april 26,SouthEast
Stuttgart,2013,AgriGold A6687VT2PRO,257.8,112,251,117,16.182106,31.32221429,19.53942857,3132.45,320.12,25.43082143,75,44,168.9,109.5,36.8,20.3,38.9,6.6,381,april 20-april 26,SouthEast
Stuttgart,2013,Augusta 7768 GT,254.7,112,251,118,15.987519,31.32221429,19.53942857,3132.45,320.12,25.43082143,75,44,168.9,109.5,36.8,20.3,38.9,6.6,381,april 20-april 26,SouthEast
Stuttgart,2013,DEKALB DKC67-88 GENVT3P,253.7,112,251,117,15.924749,31.32221429,19.53942857,3132.45,320.12,25.43082143,75,44,168.9,109.5,36.8,20.3,38.9,6.6,381,april 20-april 26,SouthEast
Stuttgart,2013,ARMOR 1880PRO2,246.6,112,251,118,15.479082,31.32221429,19.53942857,3132.45,320.12,25.43082143,75,44,168.9,109.5,36.8,20.3,38.9,6.6,381,april 20-april 26,SouthEast
Stuttgart,2013,BH 8928VTTP,243.5,112,251,116,15.284495,31.32221429,19.53942857,3132.45,320.12,25.43082143,75,44,168.9,109.5,36.8,20.3,38.9,6.6,381,april 20-april 26,SouthEast
Stuttgart,2013,Croplan 8621VT2P,242.1,112,251,117,15.196617,31.32221429,19.53942857,3132.45,320.12,25.43082143,75,44,168.9,109.5,36.8,20.3,38.9,6.6,381,april 20-april 26,SouthEast
Stuttgart,2013,Golden Acres G7601,241.9,112,251,117,15.184063,31.32221429,19.53942857,3132.45,320.12,25.43082143,75,44,168.9,109.5,36.8,20.3,38.9,6.6,381,april 20-april 26,SouthEast
Stuttgart,2013,Dyna-Gro D57VP51,241.1,112,251,117,15.133847,31.32221429,19.53942857,3132.45,320.12,25.43082143,75,44,168.9,109.5,36.8,20.3,38.9,6.6,381,april 20-april 26,SouthEast
Stuttgart,2013,BH 8830VTTP,239.7,112,251,117,15.045969,31.32221429,19.53942857,3132.45,320.12,25.43082143,75,44,168.9,109.5,36.8,20.3,38.9,6.6,381,april 20-april 26,SouthEast
Stuttgart,2013,Dyna-Gro D57VP75,239.2,112,251,117,15.014584,31.32221429,19.53942857,3132.45,320.12,25.43082143,75,44,168.9,109.5,36.8,20.3,38.9,6.6,381,april 20-april 26,SouthEast
Stuttgart,2013,REV¨ 27HR83ª,233.1,112,251,117,14.631687,31.32221429,19.53942857,3132.45,320.12,25.43082143,75,44,168.9,109.5,36.8,20.3,38.9,6.6,381,april 20-april 26,SouthEast
Stuttgart,2013,Pioneer P2088YHR,228.8,112,251,120,14.361776,31.32221429,19.53942857,3132.45,320.12,25.43082143,75,44,168.9,109.5,36.8,20.3,38.9,6.6,381,april 20-april 26,SouthEast
Stuttgart,2013,Augusta 7767 VT2PRO,228.1,112,251,117,14.317837,31.32221429,19.53942857,3132.45,320.12,25.43082143,75,44,168.9,109.5,36.8,20.3,38.9,6.6,381,april 20-april 26,SouthEast
Stuttgart,2013,BH 8900GT3,228.1,112,251,117,14.317837,31.32221429,19.53942857,3132.45,320.12,25.43082143,75,44,168.9,109.5,36.8,20.3,38.9,6.6,381,april 20-april 26,SouthEast
Stuttgart,2013,BH 8735VTTP,224.2,112,251,117,14.073034,31.32221429,19.53942857,3132.45,320.12,25.43082143,75,44,168.9,109.5,36.8,20.3,38.9,6.6,381,april 20-april 26,SouthEast
Stuttgart,2013,Golden Acres 27V01,223.5,112,251,117,14.029095,31.32221429,19.53942857,3132.45,320.12,25.43082143,75,44,168.9,109.5,36.8,20.3,38.9,6.6,381,april 20-april 26,SouthEast
Stuttgart,2013,Mycogen MYX13826,221.2,112,251,118,13.884724,31.32221429,19.53942857,3132.45,320.12,25.43082143,75,44,168.9,109.5,36.8,20.3,38.9,6.6,381,april 20-april 26,SouthEast
Stuttgart,2013,DEKALB DKC69-29 GENVT3P,211.1,112,251,119,13.250747,31.32221429,19.53942857,3132.45,320.12,25.43082143,75,44,168.9,109.5,36.8,20.3,38.9,6.6,381,april 20-april 26,SouthEast
Stuttgart,2013,Mycogen MYX13825,187.2,112,251,117,11.750544,31.32221429,19.53942857,3132.45,320.12,25.43082143,75,44,168.9,109.5,36.8,20.3,38.9,6.6,381,april 20-april 26,SouthEast
Rohwer,2013,DEKALB DKC64-69 GENVT3P,279.7,111,255,114,17.556769,32.18544828,20.06668966,3244.05,294.44,26.12606897,87,59,155.4,145,52.8,48.3,40.4,0,441.96,april 20-april 26,SouthEast
Rohwer,2013,Delta Grow 3660,278.7,111,255,113,17.493999,32.18544828,20.06668966,3244.05,294.44,26.12606897,87,59,155.4,145,52.8,48.3,40.4,0,441.96,april 20-april 26,SouthEast
Rohwer,2013,MFA MorCorn MC4354VT3P,269.8,111,255,113,16.935346,32.18544828,20.06668966,3244.05,294.44,26.12606897,87,59,155.4,145,52.8,48.3,40.4,0,441.96,april 20-april 26,SouthEast
Rohwer,2013,Croplan 6640VT3P,268.9,111,255,113,16.878853,32.18544828,20.06668966,3244.05,294.44,26.12606897,87,59,155.4,145,52.8,48.3,40.4,0,441.96,april 20-april 26,SouthEast
Rohwer,2013,Mycogen 2V777,268.6,111,255,113,16.860022,32.18544828,20.06668966,3244.05,294.44,26.12606897,87,59,155.4,145,52.8,48.3,40.4,0,441.96,april 20-april 26,SouthEast
Rohwer,2013,DEKALB DKC66-97 GENVT2P,268,111,255,116,16.82236,32.18544828,20.06668966,3244.05,294.44,26.12606897,87,59,155.4,145,52.8,48.3,40.4,0,441.96,april 20-april 26,SouthEast
Rohwer,2013,REV¨ 24BHR93ª,268,111,255,114,16.82236,32.18544828,20.06668966,3244.05,294.44,26.12606897,87,59,155.4,145,52.8,48.3,40.4,0,441.96,april 20-april 26,SouthEast
Rohwer,2013,AgriGold A6659VT3PRO,267.8,111,255,116,16.809806,32.18544828,20.06668966,3244.05,294.44,26.12606897,87,59,155.4,145,52.8,48.3,40.4,0,441.96,april 20-april 26,SouthEast
Rohwer,2013,Pioneer P1685YHR,265.9,111,255,116,16.690543,32.18544828,20.06668966,3244.05,294.44,26.12606897,87,59,155.4,145,52.8,48.3,40.4,0,441.96,april 20-april 26,SouthEast
Rohwer,2013,Mycogen 2V707,265.3,111,255,110,16.652881,32.18544828,20.06668966,3244.05,294.44,26.12606897,87,59,155.4,145,52.8,48.3,40.4,0,441.96,april 20-april 26,SouthEast
Rohwer,2013,DEKALB DKC66-87 GENVT2P,265.1,111,255,116,16.640327,32.18544828,20.06668966,3244.05,294.44,26.12606897,87,59,155.4,145,52.8,48.3,40.4,0,441.96,april 20-april 26,SouthEast
Rohwer,2013,Mycogen 2C786,263.6,111,255,114,16.546172,32.18544828,20.06668966,3244.05,294.44,26.12606897,87,59,155.4,145,52.8,48.3,40.4,0,441.96,april 20-april 26,SouthEast
Rohwer,2013,BH 8660VTTP,262.9,111,255,116,16.502233,32.18544828,20.06668966,3244.05,294.44,26.12606897,87,59,155.4,145,52.8,48.3,40.4,0,441.96,april 20-april 26,SouthEast
Rohwer,2013,AgriGold A6573VT3PRIB,262.1,111,255,112,16.452017,32.18544828,20.06668966,3244.05,294.44,26.12606897,87,59,155.4,145,52.8,48.3,40.4,0,441.96,april 20-april 26,SouthEast
Rohwer,2013,DEKALB DKC63-87 GENVT2P,261.8,111,255,113,16.433186,32.18544828,20.06668966,3244.05,294.44,26.12606897,87,59,155.4,145,52.8,48.3,40.4,0,441.96,april 20-april 26,SouthEast
Rohwer,2013,Mycogen MYX13824,261.1,111,255,114,16.389247,32.18544828,20.06668966,3244.05,294.44,26.12606897,87,59,155.4,145,52.8,48.3,40.4,0,441.96,april 20-april 26,SouthEast
Rohwer,2013,Dyna-Gro D56VC46,260.8,111,255,116,16.370416,32.18544828,20.06668966,3244.05,294.44,26.12606897,87,59,155.4,145,52.8,48.3,40.4,0,441.96,april 20-april 26,SouthEast
Rohwer,2013,MFA MorCorn XP504VT3P,260,111,255,114,16.3202,32.18544828,20.06668966,3244.05,294.44,26.12606897,87,59,155.4,145,52.8,48.3,40.4,0,441.96,april 20-april 26,SouthEast
Rohwer,2013,NK N72Q-3111 Brand,259.3,111,255,113,16.276261,32.18544828,20.06668966,3244.05,294.44,26.12606897,87,59,155.4,145,52.8,48.3,40.4,0,441.96,april 20-april 26,SouthEast
Rohwer,2013,Croplan 6960VT3P,259.3,111,255,114,16.276261,32.18544828,20.06668966,3244.05,294.44,26.12606897,87,59,155.4,145,52.8,48.3,40.4,0,441.96,april 20-april 26,SouthEast
Rohwer,2013,Delta Grow 6160VIPGTCBLL,259.2,111,255,115,16.269984,32.18544828,20.06668966,3244.05,294.44,26.12606897,87,59,155.4,145,52.8,48.3,40.4,0,441.96,april 20-april 26,SouthEast
Rohwer,2013,NK N79T-3111 Brand,257.3,111,255,117,16.150721,32.18544828,20.06668966,3244.05,294.44,26.12606897,87,59,155.4,145,52.8,48.3,40.4,0,441.96,april 20-april 26,SouthEast
Rohwer,2013,AgriGold A6499VT3PRO,256.5,111,255,112,16.100505,32.18544828,20.06668966,3244.05,294.44,26.12606897,87,59,155.4,145,52.8,48.3,40.4,0,441.96,april 20-april 26,SouthEast
Rohwer,2013,Augusta 5465 GTCBLL,256.3,111,255,115,16.087951,32.18544828,20.06668966,3244.05,294.44,26.12606897,87,59,155.4,145,52.8,48.3,40.4,0,441.96,april 20-april 26,SouthEast
Rohwer,2013,Augusta 5565 VT3PRO,256.1,111,255,115,16.075397,32.18544828,20.06668966,3244.05,294.44,26.12606897,87,59,155.4,145,52.8,48.3,40.4,0,441.96,april 20-april 26,SouthEast
Rohwer,2013,Mycogen 2Y816,255.4,111,255,116,16.031458,32.18544828,20.06668966,3244.05,294.44,26.12606897,87,59,155.4,145,52.8,48.3,40.4,0,441.96,april 20-april 26,SouthEast
Rohwer,2013,Dyna-Gro D55VP77,255.2,111,255,115,16.018904,32.18544828,20.06668966,3244.05,294.44,26.12606897,87,59,155.4,145,52.8,48.3,40.4,0,441.96,april 20-april 26,SouthEast
Rohwer,2013,Mycogen 2J794,255.2,111,255,115,16.018904,32.18544828,20.06668966,3244.05,294.44,26.12606897,87,59,155.4,145,52.8,48.3,40.4,0,441.96,april 20-april 26,SouthEast
Rohwer,2013,Dyna-Gro D54VP81,255,111,255,114,16.00635,32.18544828,20.06668966,3244.05,294.44,26.12606897,87,59,155.4,145,52.8,48.3,40.4,0,441.96,april 20-april 26,SouthEast
Rohwer,2013,Golden Acres G4598,254.9,111,255,114,16.000073,32.18544828,20.06668966,3244.05,294.44,26.12606897,87,59,155.4,145,52.8,48.3,40.4,0,441.96,april 20-april 26,SouthEast
Rohwer,2013,Augusta 6866 GT3000,254.7,111,255,116,15.987519,32.18544828,20.06668966,3244.05,294.44,26.12606897,87,59,155.4,145,52.8,48.3,40.4,0,441.96,april 20-april 26,SouthEast
Rohwer,2013,LG2636VT3PRIB,254.6,111,255,114,15.981242,32.18544828,20.06668966,3244.05,294.44,26.12606897,87,59,155.4,145,52.8,48.3,40.4,0,441.96,april 20-april 26,SouthEast
Rohwer,2013,Pioneer P1319HR,254.6,111,255,113,15.981242,32.18544828,20.06668966,3244.05,294.44,26.12606897,87,59,155.4,145,52.8,48.3,40.4,0,441.96,april 20-april 26,SouthEast
Rohwer,2013,REV¨ 25BHR44ª,254.5,111,255,115,15.974965,32.18544828,20.06668966,3244.05,294.44,26.12606897,87,59,155.4,145,52.8,48.3,40.4,0,441.96,april 20-april 26,SouthEast
Rohwer,2013,NK N78S-3111 Brand,252.3,111,255,116,15.836871,32.18544828,20.06668966,3244.05,294.44,26.12606897,87,59,155.4,145,52.8,48.3,40.4,0,441.96,april 20-april 26,SouthEast
Rohwer,2013,Augusta 6665 VT3PRO,251.9,111,255,115,15.811763,32.18544828,20.06668966,3244.05,294.44,26.12606897,87,59,155.4,145,52.8,48.3,40.4,0,441.96,april 20-april 26,SouthEast
Rohwer,2013,REV¨ 26BHR50ª,251,111,255,116,15.75527,32.18544828,20.06668966,3244.05,294.44,26.12606897,87,59,155.4,145,52.8,48.3,40.4,0,441.96,april 20-april 26,SouthEast
Rohwer,2013,ARMOR 1133PRO2,250.7,111,255,111,15.736439,32.18544828,20.06668966,3244.05,294.44,26.12606897,87,59,155.4,145,52.8,48.3,40.4,0,441.96,april 20-april 26,SouthEast
Rohwer,2013,Delta Grow 2788,250.4,111,255,116,15.717608,32.18544828,20.06668966,3244.05,294.44,26.12606897,87,59,155.4,145,52.8,48.3,40.4,0,441.96,april 20-april 26,SouthEast
Rohwer,2013,BH 8700SS,249.5,111,255,115,15.661115,32.18544828,20.06668966,3244.05,294.44,26.12606897,87,59,155.4,145,52.8,48.3,40.4,0,441.96,april 20-april 26,SouthEast
Rohwer,2013,MFA MorCorn MC4344VT2PRIB,249,111,255,113,15.62973,32.18544828,20.06668966,3244.05,294.44,26.12606897,87,59,155.4,145,52.8,48.3,40.4,0,441.96,april 20-april 26,SouthEast
Rohwer,2013,Golden Acres G5531,248.9,111,255,115,15.623453,32.18544828,20.06668966,3244.05,294.44,26.12606897,87,59,155.4,145,52.8,48.3,40.4,0,441.96,april 20-april 26,SouthEast
Rohwer,2013,MFA MorCorn XP505VT3P,248.2,111,255,115,15.579514,32.18544828,20.06668966,3244.05,294.44,26.12606897,87,59,155.4,145,52.8,48.3,40.4,0,441.96,april 20-april 26,SouthEast
Rohwer,2013,Mycogen 2V714,247.9,111,255,111,15.560683,32.18544828,20.06668966,3244.05,294.44,26.12606897,87,59,155.4,145,52.8,48.3,40.4,0,441.96,april 20-april 26,SouthEast
Rohwer,2013,Dyna-Gro D52VC91,247.8,111,255,112,15.554406,32.18544828,20.06668966,3244.05,294.44,26.12606897,87,59,155.4,145,52.8,48.3,40.4,0,441.96,april 20-april 26,SouthEast
Rohwer,2013,LG5618STX,247.8,111,255,113,15.554406,32.18544828,20.06668966,3244.05,294.44,26.12606897,87,59,155.4,145,52.8,48.3,40.4,0,441.96,april 20-april 26,SouthEast
Rohwer,2013,REV¨ 18BHR84ª,247.7,111,255,108,15.548129,32.18544828,20.06668966,3244.05,294.44,26.12606897,87,59,155.4,145,52.8,48.3,40.4,0,441.96,april 20-april 26,SouthEast
Rohwer,2013,Mycogen 2Y765,246.8,111,255,114,15.491636,32.18544828,20.06668966,3244.05,294.44,26.12606897,87,59,155.4,145,52.8,48.3,40.4,0,441.96,april 20-april 26,SouthEast
Rohwer,2013,BH 8550VT2P,246.7,111,255,114,15.485359,32.18544828,20.06668966,3244.05,294.44,26.12606897,87,59,155.4,145,52.8,48.3,40.4,0,441.96,april 20-april 26,SouthEast
Rohwer,2013,AgriGold A6559VT2PRO,245.7,111,255,113,15.422589,32.18544828,20.06668966,3244.05,294.44,26.12606897,87,59,155.4,145,52.8,48.3,40.4,0,441.96,april 20-april 26,SouthEast
Rohwer,2013,ARMOR 1550PRO2,245.5,111,255,115,15.410035,32.18544828,20.06668966,3244.05,294.44,26.12606897,87,59,155.4,145,52.8,48.3,40.4,0,441.96,april 20-april 26,SouthEast
Rohwer,2013,ARMOR 1555SS,245.1,111,255,115,15.384927,32.18544828,20.06668966,3244.05,294.44,26.12606897,87,59,155.4,145,52.8,48.3,40.4,0,441.96,april 20-april 26,SouthEast
Rohwer,2013,AgriGold A6501VT3PRO,245.1,111,255,112,15.384927,32.18544828,20.06668966,3244.05,294.44,26.12606897,87,59,155.4,145,52.8,48.3,40.4,0,441.96,april 20-april 26,SouthEast
Rohwer,2013,NK N68B-3111 Brand,244.6,111,255,111,15.353542,32.18544828,20.06668966,3244.05,294.44,26.12606897,87,59,155.4,145,52.8,48.3,40.4,0,441.96,april 20-april 26,SouthEast
Rohwer,2013,Golden Acres G6611,243.6,111,255,116,15.290772,32.18544828,20.06668966,3244.05,294.44,26.12606897,87,59,155.4,145,52.8,48.3,40.4,0,441.96,april 20-april 26,SouthEast
Rohwer,2013,ARMOR 1262PRO2,243.6,111,255,112,15.290772,32.18544828,20.06668966,3244.05,294.44,26.12606897,87,59,155.4,145,52.8,48.3,40.4,0,441.96,april 20-april 26,SouthEast
Rohwer,2013,Augusta 5262 GT3000,243.6,111,255,112,15.290772,32.18544828,20.06668966,3244.05,294.44,26.12606897,87,59,155.4,145,52.8,48.3,40.4,0,441.96,april 20-april 26,SouthEast
Rohwer,2013,AgriGold A6517VT3PRIB,243.5,111,255,113,15.284495,32.18544828,20.06668966,3244.05,294.44,26.12606897,87,59,155.4,145,52.8,48.3,40.4,0,441.96,april 20-april 26,SouthEast
Rohwer,2013,DEKALB DKC61-88 GENVT3P,243.3,111,255,111,15.271941,32.18544828,20.06668966,3244.05,294.44,26.12606897,87,59,155.4,145,52.8,48.3,40.4,0,441.96,april 20-april 26,SouthEast
Rohwer,2013,BH 8630VTTP,240.8,111,255,116,15.115016,32.18544828,20.06668966,3244.05,294.44,26.12606897,87,59,155.4,145,52.8,48.3,40.4,0,441.96,april 20-april 26,SouthEast
Rohwer,2013,Augusta 5658 GTCBLL,239.6,111,255,108,15.039692,32.18544828,20.06668966,3244.05,294.44,26.12606897,87,59,155.4,145,52.8,48.3,40.4,0,441.96,april 20-april 26,SouthEast
Rohwer,2013,Triumph 1366S,238.7,111,255,113,14.983199,32.18544828,20.06668966,3244.05,294.44,26.12606897,87,59,155.4,145,52.8,48.3,40.4,0,441.96,april 20-april 26,SouthEast
Rohwer,2013,AgriGold A6533VT2RIB,238,111,255,113,14.93926,32.18544828,20.06668966,3244.05,294.44,26.12606897,87,59,155.4,145,52.8,48.3,40.4,0,441.96,april 20-april 26,SouthEast
Rohwer,2013,ARMOR 0700PRO2,237.7,111,255,107,14.920429,32.18544828,20.06668966,3244.05,294.44,26.12606897,87,59,155.4,145,52.8,48.3,40.4,0,441.96,april 20-april 26,SouthEast
Rohwer,2013,Delta Grow 1660VIP3111,237.4,111,255,113,14.901598,32.18544828,20.06668966,3244.05,294.44,26.12606897,87,59,155.4,145,52.8,48.3,40.4,0,441.96,april 20-april 26,SouthEast
Rohwer,2013,REV¨ 26R60ª,237,111,255,116,14.87649,32.18544828,20.06668966,3244.05,294.44,26.12606897,87,59,155.4,145,52.8,48.3,40.4,0,441.96,april 20-april 26,SouthEast
Rohwer,2013,REV¨ 22BHR21ª,237,111,255,112,14.87649,32.18544828,20.06668966,3244.05,294.44,26.12606897,87,59,155.4,145,52.8,48.3,40.4,0,441.96,april 20-april 26,SouthEast
Rohwer,2013,REV¨ 17HR73ª,236.9,111,255,107,14.870213,32.18544828,20.06668966,3244.05,294.44,26.12606897,87,59,155.4,145,52.8,48.3,40.4,0,441.96,april 20-april 26,SouthEast
Rohwer,2013,Golden Acres 26V21,236.8,111,255,115,14.863936,32.18544828,20.06668966,3244.05,294.44,26.12606897,87,59,155.4,145,52.8,48.3,40.4,0,441.96,april 20-april 26,SouthEast
Rohwer,2013,LG5607VT3PRO,236.6,111,255,110,14.851382,32.18544828,20.06668966,3244.05,294.44,26.12606897,87,59,155.4,145,52.8,48.3,40.4,0,441.96,april 20-april 26,SouthEast
Rohwer,2013,DEKALB DKC62-08 GENSS,235.6,111,255,112,14.788612,32.18544828,20.06668966,3244.05,294.44,26.12606897,87,59,155.4,145,52.8,48.3,40.4,0,441.96,april 20-april 26,SouthEast
Rohwer,2013,Dyna-Gro D53VC13,235.3,111,255,113,14.769781,32.18544828,20.06668966,3244.05,294.44,26.12606897,87,59,155.4,145,52.8,48.3,40.4,0,441.96,april 20-april 26,SouthEast
Rohwer,2013,Delta Grow 2888,235.3,111,255,116,14.769781,32.18544828,20.06668966,3244.05,294.44,26.12606897,87,59,155.4,145,52.8,48.3,40.4,0,441.96,april 20-april 26,SouthEast
Rohwer,2013,AgriGold A6679VT2RIB,233.7,111,255,116,14.669349,32.18544828,20.06668966,3244.05,294.44,26.12606897,87,59,155.4,145,52.8,48.3,40.4,0,441.96,april 20-april 26,SouthEast
Rohwer,2013,Delta Grow 3788,232.2,111,255,114,14.575194,32.18544828,20.06668966,3244.05,294.44,26.12606897,87,59,155.4,145,52.8,48.3,40.4,0,441.96,april 20-april 26,SouthEast
Rohwer,2013,REV¨ 22BHR43ª,229.2,111,255,112,14.386884,32.18544828,20.06668966,3244.05,294.44,26.12606897,87,59,155.4,145,52.8,48.3,40.4,0,441.96,april 20-april 26,SouthEast
Rohwer,2013,REV¨ 22BHR54ª,223.4,111,255,112,14.022818,32.18544828,20.06668966,3244.05,294.44,26.12606897,87,59,155.4,145,52.8,48.3,40.4,0,441.96,april 20-april 26,SouthEast
Rohwer,2013,BH 8845VTTP,220,111,255,116,13.8094,32.18544828,20.06668966,3244.05,294.44,26.12606897,87,59,155.4,145,52.8,48.3,40.4,0,441.96,april 20-april 26,SouthEast
Rohwer,2013,Augusta 7767 VT2PRO,283.8,111,255,117,17.814126,32.18544828,20.06668966,3244.05,294.44,26.12606897,87,59,155.4,145,52.8,48.3,40.4,0,441.96,april 20-april 26,SouthEast
Rohwer,2013,BH 8900GT3,277.4,111,255,117,17.412398,32.18544828,20.06668966,3244.05,294.44,26.12606897,87,59,155.4,145,52.8,48.3,40.4,0,441.96,april 20-april 26,SouthEast
Rohwer,2013,Augusta 7768 GT,275.9,111,255,118,17.318243,32.18544828,20.06668966,3244.05,294.44,26.12606897,87,59,155.4,145,52.8,48.3,40.4,0,441.96,april 20-april 26,SouthEast
Rohwer,2013,Pioneer P1745BVT,274.7,111,255,117,17.242919,32.18544828,20.06668966,3244.05,294.44,26.12606897,87,59,155.4,145,52.8,48.3,40.4,0,441.96,april 20-april 26,SouthEast
Rohwer,2013,BH 8732VTTP,269.5,111,255,116,16.916515,32.18544828,20.06668966,3244.05,294.44,26.12606897,87,59,155.4,145,52.8,48.3,40.4,0,441.96,april 20-april 26,SouthEast
Rohwer,2013,BH 8735VTTP,268.6,111,255,117,16.860022,32.18544828,20.06668966,3244.05,294.44,26.12606897,87,59,155.4,145,52.8,48.3,40.4,0,441.96,april 20-april 26,SouthEast
Rohwer,2013,DEKALB DKC69-29 GENVT3P,267.7,111,255,119,16.803529,32.18544828,20.06668966,3244.05,294.44,26.12606897,87,59,155.4,145,52.8,48.3,40.4,0,441.96,april 20-april 26,SouthEast
Rohwer,2013,REV¨ 28HR20ª,262.6,111,255,118,16.483402,32.18544828,20.06668966,3244.05,294.44,26.12606897,87,59,155.4,145,52.8,48.3,40.4,0,441.96,april 20-april 26,SouthEast
Rohwer,2013,Croplan 8621VT2P,259.3,111,255,117,16.276261,32.18544828,20.06668966,3244.05,294.44,26.12606897,87,59,155.4,145,52.8,48.3,40.4,0,441.96,april 20-april 26,SouthEast
Rohwer,2013,Pioneer P2088YHR,259,111,255,120,16.25743,32.18544828,20.06668966,3244.05,294.44,26.12606897,87,59,155.4,145,52.8,48.3,40.4,0,441.96,april 20-april 26,SouthEast
Rohwer,2013,Dyna-Gro D57VP51,258.3,111,255,117,16.213491,32.18544828,20.06668966,3244.05,294.44,26.12606897,87,59,155.4,145,52.8,48.3,40.4,0,441.96,april 20-april 26,SouthEast
Rohwer,2013,Golden Acres 27V01,256.8,111,255,117,16.119336,32.18544828,20.06668966,3244.05,294.44,26.12606897,87,59,155.4,145,52.8,48.3,40.4,0,441.96,april 20-april 26,SouthEast
Rohwer,2013,Mycogen MYX13826,256.5,111,255,118,16.100505,32.18544828,20.06668966,3244.05,294.44,26.12606897,87,59,155.4,145,52.8,48.3,40.4,0,441.96,april 20-april 26,SouthEast
Rohwer,2013,REV¨ 28R10ª,255.1,111,255,118,16.012627,32.18544828,20.06668966,3244.05,294.44,26.12606897,87,59,155.4,145,52.8,48.3,40.4,0,441.96,april 20-april 26,SouthEast
Rohwer,2013,AgriGold A6687VT2PRO,254.3,111,255,117,15.962411,32.18544828,20.06668966,3244.05,294.44,26.12606897,87,59,155.4,145,52.8,48.3,40.4,0,441.96,april 20-april 26,SouthEast
Rohwer,2013,BH 8928VTTP,252,111,255,116,15.81804,32.18544828,20.06668966,3244.05,294.44,26.12606897,87,59,155.4,145,52.8,48.3,40.4,0,441.96,april 20-april 26,SouthEast
Rohwer,2013,ARMOR 1880PRO2,245.7,111,255,118,15.422589,32.18544828,20.06668966,3244.05,294.44,26.12606897,87,59,155.4,145,52.8,48.3,40.4,0,441.96,april 20-april 26,SouthEast
Rohwer,2013,BH 8830VTTP,245.7,111,255,117,15.422589,32.18544828,20.06668966,3244.05,294.44,26.12606897,87,59,155.4,145,52.8,48.3,40.4,0,441.96,april 20-april 26,SouthEast
Rohwer,2013,Golden Acres G7601,242,111,255,117,15.19034,32.18544828,20.06668966,3244.05,294.44,26.12606897,87,59,155.4,145,52.8,48.3,40.4,0,441.96,april 20-april 26,SouthEast
Rohwer,2013,Dyna-Gro D57VP75,239.2,111,255,117,15.014584,32.18544828,20.06668966,3244.05,294.44,26.12606897,87,59,155.4,145,52.8,48.3,40.4,0,441.96,april 20-april 26,SouthEast
Rohwer,2013,REV¨ 27HR83ª,236.6,111,255,117,14.851382,32.18544828,20.06668966,3244.05,294.44,26.12606897,87,59,155.4,145,52.8,48.3,40.4,0,441.96,april 20-april 26,SouthEast
Rohwer,2013,DEKALB DKC67-88 GENVT3P,231.9,111,255,117,14.556363,32.18544828,20.06668966,3244.05,294.44,26.12606897,87,59,155.4,145,52.8,48.3,40.4,0,441.96,april 20-april 26,SouthEast
Rohwer,2013,Mycogen MYX13825,204.4,111,255,117,12.830188,32.18544828,20.06668966,3244.05,294.44,26.12606897,87,59,155.4,145,52.8,48.3,40.4,0,441.96,april 20-april 26,SouthEast
Bellfarm,2013,REV¨ 26R60ª,296.3,112,247,116,18.598751,29.88161765,18.84647059,3045.64,383.5,24.36404412,52,17,,,,,,,,april 20-april 26,CenterEast
Bellfarm,2013,REV¨ 24BHR93ª,281.2,112,247,114,17.650924,29.88161765,18.84647059,3045.64,383.5,24.36404412,52,17,,,,,,,,april 20-april 26,CenterEast
Bellfarm,2013,NK N79T-3111 Brand,273,112,247,117,17.13621,29.88161765,18.84647059,3045.64,383.5,24.36404412,52,17,,,,,,,,april 20-april 26,CenterEast
Bellfarm,2013,Pioneer P1319HR,270.1,112,247,113,16.954177,29.88161765,18.84647059,3045.64,383.5,24.36404412,52,17,,,,,,,,april 20-april 26,CenterEast
Bellfarm,2013,Croplan 6960VT3P,269.7,112,247,114,16.929069,29.88161765,18.84647059,3045.64,383.5,24.36404412,52,17,,,,,,,,april 20-april 26,CenterEast
Bellfarm,2013,BH 8550VT2P,267.7,112,247,114,16.803529,29.88161765,18.84647059,3045.64,383.5,24.36404412,52,17,,,,,,,,april 20-april 26,CenterEast
Bellfarm,2013,Augusta 6866 GT3000,266.2,112,247,116,16.709374,29.88161765,18.84647059,3045.64,383.5,24.36404412,52,17,,,,,,,,april 20-april 26,CenterEast
Bellfarm,2013,Croplan 6640VT3P,265.2,112,247,113,16.646604,29.88161765,18.84647059,3045.64,383.5,24.36404412,52,17,,,,,,,,april 20-april 26,CenterEast
Bellfarm,2013,DEKALB DKC66-87 GENVT2P,265.2,112,247,116,16.646604,29.88161765,18.84647059,3045.64,383.5,24.36404412,52,17,,,,,,,,april 20-april 26,CenterEast
Bellfarm,2013,ARMOR 1262PRO2,264.9,112,247,112,16.627773,29.88161765,18.84647059,3045.64,383.5,24.36404412,52,17,,,,,,,,april 20-april 26,CenterEast
Bellfarm,2013,REV¨ 26BHR50ª,264.6,112,247,116,16.608942,29.88161765,18.84647059,3045.64,383.5,24.36404412,52,17,,,,,,,,april 20-april 26,CenterEast
Bellfarm,2013,Pioneer P1685YHR,260.7,112,247,116,16.364139,29.88161765,18.84647059,3045.64,383.5,24.36404412,52,17,,,,,,,,april 20-april 26,CenterEast
Bellfarm,2013,Delta Grow 6160VIPGTCBLL,258.6,112,247,115,16.232322,29.88161765,18.84647059,3045.64,383.5,24.36404412,52,17,,,,,,,,april 20-april 26,CenterEast
Bellfarm,2013,Golden Acres G4598,258.4,112,247,114,16.219768,29.88161765,18.84647059,3045.64,383.5,24.36404412,52,17,,,,,,,,april 20-april 26,CenterEast
Bellfarm,2013,AgriGold A6559VT2PRO,257.5,112,247,113,16.163275,29.88161765,18.84647059,3045.64,383.5,24.36404412,52,17,,,,,,,,april 20-april 26,CenterEast
Bellfarm,2013,LG2636VT3PRIB,257.1,112,247,114,16.138167,29.88161765,18.84647059,3045.64,383.5,24.36404412,52,17,,,,,,,,april 20-april 26,CenterEast
Bellfarm,2013,REV¨ 18BHR84ª,256.2,112,247,108,16.081674,29.88161765,18.84647059,3045.64,383.5,24.36404412,52,17,,,,,,,,april 20-april 26,CenterEast
Bellfarm,2013,REV¨ 25BHR44ª,256,112,247,115,16.06912,29.88161765,18.84647059,3045.64,383.5,24.36404412,52,17,,,,,,,,april 20-april 26,CenterEast
Bellfarm,2013,ARMOR 1550PRO2,255.3,112,247,115,16.025181,29.88161765,18.84647059,3045.64,383.5,24.36404412,52,17,,,,,,,,april 20-april 26,CenterEast
Bellfarm,2013,REV¨ 22BHR21ª,255.3,112,247,112,16.025181,29.88161765,18.84647059,3045.64,383.5,24.36404412,52,17,,,,,,,,april 20-april 26,CenterEast
Bellfarm,2013,Delta Grow 3660,254.1,112,247,113,15.949857,29.88161765,18.84647059,3045.64,383.5,24.36404412,52,17,,,,,,,,april 20-april 26,CenterEast
Bellfarm,2013,AgriGold A6499VT3PRO,253.6,112,247,112,15.918472,29.88161765,18.84647059,3045.64,383.5,24.36404412,52,17,,,,,,,,april 20-april 26,CenterEast
Bellfarm,2013,Augusta 5565 VT3PRO,253.1,112,247,115,15.887087,29.88161765,18.84647059,3045.64,383.5,24.36404412,52,17,,,,,,,,april 20-april 26,CenterEast
Bellfarm,2013,AgriGold A6501VT3PRO,252.9,112,247,112,15.874533,29.88161765,18.84647059,3045.64,383.5,24.36404412,52,17,,,,,,,,april 20-april 26,CenterEast
Bellfarm,2013,Dyna-Gro D54VP81,252.7,112,247,114,15.861979,29.88161765,18.84647059,3045.64,383.5,24.36404412,52,17,,,,,,,,april 20-april 26,CenterEast
Bellfarm,2013,BH 8700SS,252.3,112,247,115,15.836871,29.88161765,18.84647059,3045.64,383.5,24.36404412,52,17,,,,,,,,april 20-april 26,CenterEast
Bellfarm,2013,Golden Acres G6611,251.9,112,247,116,15.811763,29.88161765,18.84647059,3045.64,383.5,24.36404412,52,17,,,,,,,,april 20-april 26,CenterEast
Bellfarm,2013,Dyna-Gro D55VP77,251.8,112,247,115,15.805486,29.88161765,18.84647059,3045.64,383.5,24.36404412,52,17,,,,,,,,april 20-april 26,CenterEast
Bellfarm,2013,AgriGold A6517VT3PRIB,249.5,112,247,113,15.661115,29.88161765,18.84647059,3045.64,383.5,24.36404412,52,17,,,,,,,,april 20-april 26,CenterEast
Bellfarm,2013,LG5618STX,249.3,112,247,113,15.648561,29.88161765,18.84647059,3045.64,383.5,24.36404412,52,17,,,,,,,,april 20-april 26,CenterEast
Bellfarm,2013,BH 8660VTTP,249.2,112,247,116,15.642284,29.88161765,18.84647059,3045.64,383.5,24.36404412,52,17,,,,,,,,april 20-april 26,CenterEast
Bellfarm,2013,DEKALB DKC61-88 GENVT3P,248.7,112,247,111,15.610899,29.88161765,18.84647059,3045.64,383.5,24.36404412,52,17,,,,,,,,april 20-april 26,CenterEast
Bellfarm,2013,MFA MorCorn MC4354VT3P,248.2,112,247,113,15.579514,29.88161765,18.84647059,3045.64,383.5,24.36404412,52,17,,,,,,,,april 20-april 26,CenterEast
Bellfarm,2013,BH 8630VTTP,247.5,112,247,116,15.535575,29.88161765,18.84647059,3045.64,383.5,24.36404412,52,17,,,,,,,,april 20-april 26,CenterEast
Bellfarm,2013,NK N78S-3111 Brand,246.7,112,247,116,15.485359,29.88161765,18.84647059,3045.64,383.5,24.36404412,52,17,,,,,,,,april 20-april 26,CenterEast
Bellfarm,2013,AgriGold A6573VT3PRIB,246.6,112,247,112,15.479082,29.88161765,18.84647059,3045.64,383.5,24.36404412,52,17,,,,,,,,april 20-april 26,CenterEast
Bellfarm,2013,MFA MorCorn MC4344VT2PRIB,246.3,112,247,113,15.460251,29.88161765,18.84647059,3045.64,383.5,24.36404412,52,17,,,,,,,,april 20-april 26,CenterEast
Bellfarm,2013,Delta Grow 2788,246,112,247,116,15.44142,29.88161765,18.84647059,3045.64,383.5,24.36404412,52,17,,,,,,,,april 20-april 26,CenterEast
Bellfarm,2013,LG5607VT3PRO,245.8,112,247,110,15.428866,29.88161765,18.84647059,3045.64,383.5,24.36404412,52,17,,,,,,,,april 20-april 26,CenterEast
Bellfarm,2013,ARMOR 1555SS,245.7,112,247,115,15.422589,29.88161765,18.84647059,3045.64,383.5,24.36404412,52,17,,,,,,,,april 20-april 26,CenterEast
Bellfarm,2013,Mycogen MYX13824,244.5,112,247,114,15.347265,29.88161765,18.84647059,3045.64,383.5,24.36404412,52,17,,,,,,,,april 20-april 26,CenterEast
Bellfarm,2013,REV¨ 22BHR43ª,243.7,112,247,112,15.297049,29.88161765,18.84647059,3045.64,383.5,24.36404412,52,17,,,,,,,,april 20-april 26,CenterEast
Bellfarm,2013,AgriGold A6659VT3PRO,243.6,112,247,116,15.290772,29.88161765,18.84647059,3045.64,383.5,24.36404412,52,17,,,,,,,,april 20-april 26,CenterEast
Bellfarm,2013,ARMOR 1133PRO2,243.4,112,247,111,15.278218,29.88161765,18.84647059,3045.64,383.5,24.36404412,52,17,,,,,,,,april 20-april 26,CenterEast
Bellfarm,2013,REV¨ 17HR73ª,243.3,112,247,107,15.271941,29.88161765,18.84647059,3045.64,383.5,24.36404412,52,17,,,,,,,,april 20-april 26,CenterEast
Bellfarm,2013,Dyna-Gro D56VC46,243,112,247,116,15.25311,29.88161765,18.84647059,3045.64,383.5,24.36404412,52,17,,,,,,,,april 20-april 26,CenterEast
Bellfarm,2013,AgriGold A6679VT2RIB,242.9,112,247,116,15.246833,29.88161765,18.84647059,3045.64,383.5,24.36404412,52,17,,,,,,,,april 20-april 26,CenterEast
Bellfarm,2013,DEKALB DKC64-69 GENVT3P,242.8,112,247,114,15.240556,29.88161765,18.84647059,3045.64,383.5,24.36404412,52,17,,,,,,,,april 20-april 26,CenterEast
Bellfarm,2013,DEKALB DKC63-87 GENVT2P,241.9,112,247,113,15.184063,29.88161765,18.84647059,3045.64,383.5,24.36404412,52,17,,,,,,,,april 20-april 26,CenterEast
Bellfarm,2013,DEKALB DKC62-08 GENSS,241.7,112,247,112,15.171509,29.88161765,18.84647059,3045.64,383.5,24.36404412,52,17,,,,,,,,april 20-april 26,CenterEast
Bellfarm,2013,Augusta 6665 VT3PRO,240.8,112,247,115,15.115016,29.88161765,18.84647059,3045.64,383.5,24.36404412,52,17,,,,,,,,april 20-april 26,CenterEast
Bellfarm,2013,Dyna-Gro D53VC13,239.3,112,247,113,15.020861,29.88161765,18.84647059,3045.64,383.5,24.36404412,52,17,,,,,,,,april 20-april 26,CenterEast
Bellfarm,2013,Mycogen 2C786,239.1,112,247,114,15.008307,29.88161765,18.84647059,3045.64,383.5,24.36404412,52,17,,,,,,,,april 20-april 26,CenterEast
Bellfarm,2013,Golden Acres 26V21,238.9,112,247,115,14.995753,29.88161765,18.84647059,3045.64,383.5,24.36404412,52,17,,,,,,,,april 20-april 26,CenterEast
Bellfarm,2013,REV¨ 22BHR54ª,238.6,112,247,112,14.976922,29.88161765,18.84647059,3045.64,383.5,24.36404412,52,17,,,,,,,,april 20-april 26,CenterEast
Bellfarm,2013,Delta Grow 2888,237.6,112,247,116,14.914152,29.88161765,18.84647059,3045.64,383.5,24.36404412,52,17,,,,,,,,april 20-april 26,CenterEast
Bellfarm,2013,DEKALB DKC66-97 GENVT2P,237,112,247,116,14.87649,29.88161765,18.84647059,3045.64,383.5,24.36404412,52,17,,,,,,,,april 20-april 26,CenterEast
Bellfarm,2013,NK N72Q-3111 Brand,236.4,112,247,113,14.838828,29.88161765,18.84647059,3045.64,383.5,24.36404412,52,17,,,,,,,,april 20-april 26,CenterEast
Bellfarm,2013,Dyna-Gro D52VC91,235.6,112,247,112,14.788612,29.88161765,18.84647059,3045.64,383.5,24.36404412,52,17,,,,,,,,april 20-april 26,CenterEast
Bellfarm,2013,Golden Acres G5531,233.4,112,247,115,14.650518,29.88161765,18.84647059,3045.64,383.5,24.36404412,52,17,,,,,,,,april 20-april 26,CenterEast
Bellfarm,2013,MFA MorCorn XP505VT3P,233.2,112,247,115,14.637964,29.88161765,18.84647059,3045.64,383.5,24.36404412,52,17,,,,,,,,april 20-april 26,CenterEast
Bellfarm,2013,Augusta 5658 GTCBLL,232.6,112,247,108,14.600302,29.88161765,18.84647059,3045.64,383.5,24.36404412,52,17,,,,,,,,april 20-april 26,CenterEast
Bellfarm,2013,MFA MorCorn XP504VT3P,232.6,112,247,114,14.600302,29.88161765,18.84647059,3045.64,383.5,24.36404412,52,17,,,,,,,,april 20-april 26,CenterEast
Bellfarm,2013,Mycogen 2V707,232.4,112,247,110,14.587748,29.88161765,18.84647059,3045.64,383.5,24.36404412,52,17,,,,,,,,april 20-april 26,CenterEast
Bellfarm,2013,ARMOR 0700PRO2,231.5,112,247,107,14.531255,29.88161765,18.84647059,3045.64,383.5,24.36404412,52,17,,,,,,,,april 20-april 26,CenterEast
Bellfarm,2013,BH 8845VTTP,231.2,112,247,116,14.512424,29.88161765,18.84647059,3045.64,383.5,24.36404412,52,17,,,,,,,,april 20-april 26,CenterEast
Bellfarm,2013,Augusta 5465 GTCBLL,231,112,247,115,14.49987,29.88161765,18.84647059,3045.64,383.5,24.36404412,52,17,,,,,,,,april 20-april 26,CenterEast
Bellfarm,2013,NK N68B-3111 Brand,230.1,112,247,111,14.443377,29.88161765,18.84647059,3045.64,383.5,24.36404412,52,17,,,,,,,,april 20-april 26,CenterEast
Bellfarm,2013,Mycogen 2V777,227.2,112,247,113,14.261344,29.88161765,18.84647059,3045.64,383.5,24.36404412,52,17,,,,,,,,april 20-april 26,CenterEast
Bellfarm,2013,Mycogen 2Y765,226.5,112,247,114,14.217405,29.88161765,18.84647059,3045.64,383.5,24.36404412,52,17,,,,,,,,april 20-april 26,CenterEast
Bellfarm,2013,Mycogen 2Y816,225.3,112,247,116,14.142081,29.88161765,18.84647059,3045.64,383.5,24.36404412,52,17,,,,,,,,april 20-april 26,CenterEast
Bellfarm,2013,Delta Grow 3788,224.5,112,247,114,14.091865,29.88161765,18.84647059,3045.64,383.5,24.36404412,52,17,,,,,,,,april 20-april 26,CenterEast
Bellfarm,2013,Mycogen 2J794,224.2,112,247,115,14.073034,29.88161765,18.84647059,3045.64,383.5,24.36404412,52,17,,,,,,,,april 20-april 26,CenterEast
Bellfarm,2013,AgriGold A6533VT2RIB,222.7,112,247,113,13.978879,29.88161765,18.84647059,3045.64,383.5,24.36404412,52,17,,,,,,,,april 20-april 26,CenterEast
Bellfarm,2013,Augusta 5262 GT3000,218.9,112,247,112,13.740353,29.88161765,18.84647059,3045.64,383.5,24.36404412,52,17,,,,,,,,april 20-april 26,CenterEast
Bellfarm,2013,Triumph 1366S,216,112,247,113,13.55832,29.88161765,18.84647059,3045.64,383.5,24.36404412,52,17,,,,,,,,april 20-april 26,CenterEast
Bellfarm,2013,Delta Grow 1660VIP3111,215.3,112,247,113,13.514381,29.88161765,18.84647059,3045.64,383.5,24.36404412,52,17,,,,,,,,april 20-april 26,CenterEast
Bellfarm,2013,Mycogen 2V714,215.2,112,247,111,13.508104,29.88161765,18.84647059,3045.64,383.5,24.36404412,52,17,,,,,,,,april 20-april 26,CenterEast
Bellfarm,2013,REV¨ 28R10ª,290.4,112,247,118,18.228408,29.88161765,18.84647059,3045.64,383.5,24.36404412,52,17,,,,,,,,april 20-april 26,CenterEast
Bellfarm,2013,REV¨ 28HR20ª,284.5,112,247,118,17.858065,29.88161765,18.84647059,3045.64,383.5,24.36404412,52,17,,,,,,,,april 20-april 26,CenterEast
Bellfarm,2013,Golden Acres G7601,276.9,112,247,117,17.381013,29.88161765,18.84647059,3045.64,383.5,24.36404412,52,17,,,,,,,,april 20-april 26,CenterEast
Bellfarm,2013,Dyna-Gro D57VP75,273.7,112,247,117,17.180149,29.88161765,18.84647059,3045.64,383.5,24.36404412,52,17,,,,,,,,april 20-april 26,CenterEast
Bellfarm,2013,BH 8735VTTP,271.6,112,247,117,17.048332,29.88161765,18.84647059,3045.64,383.5,24.36404412,52,17,,,,,,,,april 20-april 26,CenterEast
Bellfarm,2013,REV¨ 27HR83ª,268.6,112,247,117,16.860022,29.88161765,18.84647059,3045.64,383.5,24.36404412,52,17,,,,,,,,april 20-april 26,CenterEast
Bellfarm,2013,Pioneer P1745BVT,268.6,112,247,117,16.860022,29.88161765,18.84647059,3045.64,383.5,24.36404412,52,17,,,,,,,,april 20-april 26,CenterEast
Bellfarm,2013,BH 8732VTTP,268.3,112,247,116,16.841191,29.88161765,18.84647059,3045.64,383.5,24.36404412,52,17,,,,,,,,april 20-april 26,CenterEast
Bellfarm,2013,DEKALB DKC67-88 GENVT3P,267.4,112,247,117,16.784698,29.88161765,18.84647059,3045.64,383.5,24.36404412,52,17,,,,,,,,april 20-april 26,CenterEast
Bellfarm,2013,Croplan 8621VT2P,266.4,112,247,117,16.721928,29.88161765,18.84647059,3045.64,383.5,24.36404412,52,17,,,,,,,,april 20-april 26,CenterEast
Bellfarm,2013,Augusta 7768 GT,263,112,247,118,16.50851,29.88161765,18.84647059,3045.64,383.5,24.36404412,52,17,,,,,,,,april 20-april 26,CenterEast
Bellfarm,2013,BH 8900GT3,257.9,112,247,117,16.188383,29.88161765,18.84647059,3045.64,383.5,24.36404412,52,17,,,,,,,,april 20-april 26,CenterEast
Bellfarm,2013,AgriGold A6687VT2PRO,257.2,112,247,117,16.144444,29.88161765,18.84647059,3045.64,383.5,24.36404412,52,17,,,,,,,,april 20-april 26,CenterEast
Bellfarm,2013,BH 8928VTTP,257.2,112,247,116,16.144444,29.88161765,18.84647059,3045.64,383.5,24.36404412,52,17,,,,,,,,april 20-april 26,CenterEast
Bellfarm,2013,Pioneer P2088YHR,253.3,112,247,120,15.899641,29.88161765,18.84647059,3045.64,383.5,24.36404412,52,17,,,,,,,,april 20-april 26,CenterEast
Bellfarm,2013,Golden Acres 27V01,248.2,112,247,117,15.579514,29.88161765,18.84647059,3045.64,383.5,24.36404412,52,17,,,,,,,,april 20-april 26,CenterEast
Bellfarm,2013,Augusta 7767 VT2PRO,244.5,112,247,117,15.347265,29.88161765,18.84647059,3045.64,383.5,24.36404412,52,17,,,,,,,,april 20-april 26,CenterEast
Bellfarm,2013,Mycogen MYX13826,243.5,112,247,118,15.284495,29.88161765,18.84647059,3045.64,383.5,24.36404412,52,17,,,,,,,,april 20-april 26,CenterEast
Bellfarm,2013,ARMOR 1880PRO2,243,112,247,118,15.25311,29.88161765,18.84647059,3045.64,383.5,24.36404412,52,17,,,,,,,,april 20-april 26,CenterEast
Bellfarm,2013,Dyna-Gro D57VP51,237.4,112,247,117,14.901598,29.88161765,18.84647059,3045.64,383.5,24.36404412,52,17,,,,,,,,april 20-april 26,CenterEast
Bellfarm,2013,BH 8830VTTP,230.2,112,247,117,14.449654,29.88161765,18.84647059,3045.64,383.5,24.36404412,52,17,,,,,,,,april 20-april 26,CenterEast
Bellfarm,2013,DEKALB DKC69-29 GENVT3P,219.3,112,247,119,13.765461,29.88161765,18.84647059,3045.64,383.5,24.36404412,52,17,,,,,,,,april 20-april 26,CenterEast
Bellfarm,2013,Mycogen MYX13825,185.3,112,247,117,11.631281,29.88161765,18.84647059,3045.64,383.5,24.36404412,52,17,,,,,,,,april 20-april 26,CenterEast
Marianna,2014,Pioneer P1637VYHR,286.6,101,258,116,17.989882,29.4,18.6,3352.5,553.2,24,45,24,182.88,160.02,248.92,66.04,119.38,33.782,810.26,april 6- april 12,CenterEast
Marianna,2014,REV¨ 23BHR55ª,284.8,101,258,113,17.876896,29.4,18.6,3352.5,553.2,24,45,24,182.88,160.02,248.92,66.04,119.38,33.782,810.26,april 6- april 12,CenterEast
Marianna,2014,REV¨ 26BHR50ª,280,101,258,116,17.5756,29.4,18.6,3352.5,553.2,24,45,24,182.88,160.02,248.92,66.04,119.38,33.782,810.26,april 6- april 12,CenterEast
Marianna,2014,REV¨ 24BHR93ª,279.7,101,258,114,17.556769,29.4,18.6,3352.5,553.2,24,45,24,182.88,160.02,248.92,66.04,119.38,33.782,810.26,april 6- april 12,CenterEast
Marianna,2014,AgriGold A6501VT2RIB,278,101,258,112,17.45006,29.4,18.6,3352.5,553.2,24,45,24,182.88,160.02,248.92,66.04,119.38,33.782,810.26,april 6- april 12,CenterEast
Marianna,2014,Dyna-Gro D55QC73,276.8,101,258,115,17.374736,29.4,18.6,3352.5,553.2,24,45,24,182.88,160.02,248.92,66.04,119.38,33.782,810.26,april 6- april 12,CenterEast
Marianna,2014,Mycogen 2Y816,276.7,101,258,116,17.368459,29.4,18.6,3352.5,553.2,24,45,24,182.88,160.02,248.92,66.04,119.38,33.782,810.26,april 6- april 12,CenterEast
Marianna,2014,Golden Acres G5531,276,101,258,115,17.32452,29.4,18.6,3352.5,553.2,24,45,24,182.88,160.02,248.92,66.04,119.38,33.782,810.26,april 6- april 12,CenterEast
Marianna,2014,Dyna-Gro D54VP81,275.4,101,258,114,17.286858,29.4,18.6,3352.5,553.2,24,45,24,182.88,160.02,248.92,66.04,119.38,33.782,810.26,april 6- april 12,CenterEast
Marianna,2014,BH 8660VTTP,275.2,101,258,116,17.274304,29.4,18.6,3352.5,553.2,24,45,24,182.88,160.02,248.92,66.04,119.38,33.782,810.26,april 6- april 12,CenterEast
Marianna,2014,BH 8735VT2P,275,101,258,116,17.26175,29.4,18.6,3352.5,553.2,24,45,24,182.88,160.02,248.92,66.04,119.38,33.782,810.26,april 6- april 12,CenterEast
Marianna,2014,REV¨ 22BHR43ª,274.9,101,258,112,17.255473,29.4,18.6,3352.5,553.2,24,45,24,182.88,160.02,248.92,66.04,119.38,33.782,810.26,april 6- april 12,CenterEast
Marianna,2014,Pioneer P1319HR,273.5,101,258,113,17.167595,29.4,18.6,3352.5,553.2,24,45,24,182.88,160.02,248.92,66.04,119.38,33.782,810.26,april 6- april 12,CenterEast
Marianna,2014,Golden Acres G6611,272.7,101,258,116,17.117379,29.4,18.6,3352.5,553.2,24,45,24,182.88,160.02,248.92,66.04,119.38,33.782,810.26,april 6- april 12,CenterEast
Marianna,2014,Armor 1330,272.1,101,258,113,17.079717,29.4,18.6,3352.5,553.2,24,45,24,182.88,160.02,248.92,66.04,119.38,33.782,810.26,april 6- april 12,CenterEast
Marianna,2014,DEKALB DKC 62-08 GENSS,271.4,101,258,112,17.035778,29.4,18.6,3352.5,553.2,24,45,24,182.88,160.02,248.92,66.04,119.38,33.782,810.26,april 6- april 12,CenterEast
Marianna,2014,Armor AXT4116PRO3,271.2,101,258,116,17.023224,29.4,18.6,3352.5,553.2,24,45,24,182.88,160.02,248.92,66.04,119.38,33.782,810.26,april 6- april 12,CenterEast
Marianna,2014,Progeny PGY 4115VT2P,271.1,101,258,115,17.016947,29.4,18.6,3352.5,553.2,24,45,24,182.88,160.02,248.92,66.04,119.38,33.782,810.26,april 6- april 12,CenterEast
Marianna,2014,Armor 1616PRO3,271.1,101,258,116,17.016947,29.4,18.6,3352.5,553.2,24,45,24,182.88,160.02,248.92,66.04,119.38,33.782,810.26,april 6- april 12,CenterEast
Marianna,2014,Armor 1555PRO2,270.5,101,258,115,16.979285,29.4,18.6,3352.5,553.2,24,45,24,182.88,160.02,248.92,66.04,119.38,33.782,810.26,april 6- april 12,CenterEast
Marianna,2014,NK N79Z-3111 Brand,270.5,101,258,115,16.979285,29.4,18.6,3352.5,553.2,24,45,24,182.88,160.02,248.92,66.04,119.38,33.782,810.26,april 6- april 12,CenterEast
Marianna,2014,Golden Acres G4598,270.1,101,258,114,16.954177,29.4,18.6,3352.5,553.2,24,45,24,182.88,160.02,248.92,66.04,119.38,33.782,810.26,april 6- april 12,CenterEast
Marianna,2014,Augusta 6866GTCBLLC,269.9,101,258,116,16.941623,29.4,18.6,3352.5,553.2,24,45,24,182.88,160.02,248.92,66.04,119.38,33.782,810.26,april 6- april 12,CenterEast
Marianna,2014,Hoegemeyer 8652 AM,269.5,101,258,116,16.916515,29.4,18.6,3352.5,553.2,24,45,24,182.88,160.02,248.92,66.04,119.38,33.782,810.26,april 6- april 12,CenterEast
Marianna,2014,REV¨ 18BHR84ª,268.5,101,258,108,16.853745,29.4,18.6,3352.5,553.2,24,45,24,182.88,160.02,248.92,66.04,119.38,33.782,810.26,april 6- april 12,CenterEast
Marianna,2014,AgriGold A6517VT3PRIB,268.4,101,258,113,16.847468,29.4,18.6,3352.5,553.2,24,45,24,182.88,160.02,248.92,66.04,119.38,33.782,810.26,april 6- april 12,CenterEast
Marianna,2014,Davis 3312VT2P,267.9,101,258,112,16.816083,29.4,18.6,3352.5,553.2,24,45,24,182.88,160.02,248.92,66.04,119.38,33.782,810.26,april 6- april 12,CenterEast
Marianna,2014,AgriGold A6573VT2RIB,267.5,101,258,112,16.790975,29.4,18.6,3352.5,553.2,24,45,24,182.88,160.02,248.92,66.04,119.38,33.782,810.26,april 6- april 12,CenterEast
Marianna,2014,AgriGold A6559VT2RIB,267.4,101,258,113,16.784698,29.4,18.6,3352.5,553.2,24,45,24,182.88,160.02,248.92,66.04,119.38,33.782,810.26,april 6- april 12,CenterEast
Marianna,2014,Mycogen 2C797,267.1,101,258,113,16.765867,29.4,18.6,3352.5,553.2,24,45,24,182.88,160.02,248.92,66.04,119.38,33.782,810.26,april 6- april 12,CenterEast
Marianna,2014,LG5618STXRIB,267,101,258,113,16.75959,29.4,18.6,3352.5,553.2,24,45,24,182.88,160.02,248.92,66.04,119.38,33.782,810.26,april 6- april 12,CenterEast
Marianna,2014,DEKALB DKC 66-87 GENVT2P,266.4,101,258,116,16.721928,29.4,18.6,3352.5,553.2,24,45,24,182.88,160.02,248.92,66.04,119.38,33.782,810.26,april 6- april 12,CenterEast
Marianna,2014,REV¨ 25BHR44ª,265.5,101,258,115,16.665435,29.4,18.6,3352.5,553.2,24,45,24,182.88,160.02,248.92,66.04,119.38,33.782,810.26,april 6- april 12,CenterEast
Marianna,2014,Dyna-Gro D52VC91,264.7,101,258,112,16.615219,29.4,18.6,3352.5,553.2,24,45,24,182.88,160.02,248.92,66.04,119.38,33.782,810.26,april 6- april 12,CenterEast
Marianna,2014,DEKALB DKC 66-97 GENVT2P,264.6,101,258,116,16.608942,29.4,18.6,3352.5,553.2,24,45,24,182.88,160.02,248.92,66.04,119.38,33.782,810.26,april 6- april 12,CenterEast
Marianna,2014,MorCorn MC4354G-VT2PRIB,264.1,101,258,113,16.577557,29.4,18.6,3352.5,553.2,24,45,24,182.88,160.02,248.92,66.04,119.38,33.782,810.26,april 6- april 12,CenterEast
Marianna,2014,BH 8700SS,264.1,101,258,115,16.577557,29.4,18.6,3352.5,553.2,24,45,24,182.88,160.02,248.92,66.04,119.38,33.782,810.26,april 6- april 12,CenterEast
Marianna,2014,Dyna-Gro D56VC46,263.8,101,258,116,16.558726,29.4,18.6,3352.5,553.2,24,45,24,182.88,160.02,248.92,66.04,119.38,33.782,810.26,april 6- april 12,CenterEast
Marianna,2014,AgriGold A6574STX,263.4,101,258,114,16.533618,29.4,18.6,3352.5,553.2,24,45,24,182.88,160.02,248.92,66.04,119.38,33.782,810.26,april 6- april 12,CenterEast
Marianna,2014,Armor 1414,263,101,258,114,16.50851,29.4,18.6,3352.5,553.2,24,45,24,182.88,160.02,248.92,66.04,119.38,33.782,810.26,april 6- april 12,CenterEast
Marianna,2014,AgriGold A6499VT2RIB,262.9,101,258,112,16.502233,29.4,18.6,3352.5,553.2,24,45,24,182.88,160.02,248.92,66.04,119.38,33.782,810.26,april 6- april 12,CenterEast
Marianna,2014,Delta Grow 2863GTCBLLBL,262.4,101,258,115,16.470848,29.4,18.6,3352.5,553.2,24,45,24,182.88,160.02,248.92,66.04,119.38,33.782,810.26,april 6- april 12,CenterEast
Marianna,2014,Mycogen 2Y744,261.3,101,258,113,16.401801,29.4,18.6,3352.5,553.2,24,45,24,182.88,160.02,248.92,66.04,119.38,33.782,810.26,april 6- april 12,CenterEast
Marianna,2014,Dyna-Gro D55VP77,261,101,258,115,16.38297,29.4,18.6,3352.5,553.2,24,45,24,182.88,160.02,248.92,66.04,119.38,33.782,810.26,april 6- april 12,CenterEast
Marianna,2014,Hoegemeyer 8408 AM,260.8,101,258,114,16.370416,29.4,18.6,3352.5,553.2,24,45,24,182.88,160.02,248.92,66.04,119.38,33.782,810.26,april 6- april 12,CenterEast
Marianna,2014,BH 8732VTTP,260.7,101,258,116,16.364139,29.4,18.6,3352.5,553.2,24,45,24,182.88,160.02,248.92,66.04,119.38,33.782,810.26,april 6- april 12,CenterEast
Marianna,2014,Progeny PGY 5115VT2P,260.6,101,258,115,16.357862,29.4,18.6,3352.5,553.2,24,45,24,182.88,160.02,248.92,66.04,119.38,33.782,810.26,april 6- april 12,CenterEast
Marianna,2014,REV¨ 17HR73ª,260.6,101,258,107,16.357862,29.4,18.6,3352.5,553.2,24,45,24,182.88,160.02,248.92,66.04,119.38,33.782,810.26,april 6- april 12,CenterEast
Marianna,2014,DEKALB DKC 64-69 GENVT3P,260.2,101,258,114,16.332754,29.4,18.6,3352.5,553.2,24,45,24,182.88,160.02,248.92,66.04,119.38,33.782,810.26,april 6- april 12,CenterEast
Marianna,2014,AgriGold A6659VT2RIB,259.5,101,258,116,16.288815,29.4,18.6,3352.5,553.2,24,45,24,182.88,160.02,248.92,66.04,119.38,33.782,810.26,april 6- april 12,CenterEast
Marianna,2014,MorCorn XP-605G-S.Stax,259.2,101,258,113,16.269984,29.4,18.6,3352.5,553.2,24,45,24,182.88,160.02,248.92,66.04,119.38,33.782,810.26,april 6- april 12,CenterEast
Marianna,2014,Golden Acres 26V21,259.1,101,258,115,16.263707,29.4,18.6,3352.5,553.2,24,45,24,182.88,160.02,248.92,66.04,119.38,33.782,810.26,april 6- april 12,CenterEast
Marianna,2014,Croplan 7087VT2P,258.9,101,258,114,16.251153,29.4,18.6,3352.5,553.2,24,45,24,182.88,160.02,248.92,66.04,119.38,33.782,810.26,april 6- april 12,CenterEast
Marianna,2014,Armor AXT3111,258.8,101,258,111,16.244876,29.4,18.6,3352.5,553.2,24,45,24,182.88,160.02,248.92,66.04,119.38,33.782,810.26,april 6- april 12,CenterEast
Marianna,2014,MorCorn XP-604G-DGVT2P,258.5,101,258,113,16.226045,29.4,18.6,3352.5,553.2,24,45,24,182.88,160.02,248.92,66.04,119.38,33.782,810.26,april 6- april 12,CenterEast
Marianna,2014,MorCorn XP-606G-DGVT2P,258.4,101,258,116,16.219768,29.4,18.6,3352.5,553.2,24,45,24,182.88,160.02,248.92,66.04,119.38,33.782,810.26,april 6- april 12,CenterEast
Marianna,2014,Augusta 5566GTCBLLC,258.3,101,258,116,16.213491,29.4,18.6,3352.5,553.2,24,45,24,182.88,160.02,248.92,66.04,119.38,33.782,810.26,april 6- april 12,CenterEast
Marianna,2014,Progeny PGY 4114VT2P,257.9,101,258,114,16.188383,29.4,18.6,3352.5,553.2,24,45,24,182.88,160.02,248.92,66.04,119.38,33.782,810.26,april 6- april 12,CenterEast
Marianna,2014,NK N78S-3111 Brand,257.4,101,258,116,16.156998,29.4,18.6,3352.5,553.2,24,45,24,182.88,160.02,248.92,66.04,119.38,33.782,810.26,april 6- april 12,CenterEast
Marianna,2014,Armor AXC3114,256.2,101,258,114,16.081674,29.4,18.6,3352.5,553.2,24,45,24,182.88,160.02,248.92,66.04,119.38,33.782,810.26,april 6- april 12,CenterEast
Marianna,2014,Mycogen 2J794,255.3,101,258,115,16.025181,29.4,18.6,3352.5,553.2,24,45,24,182.88,160.02,248.92,66.04,119.38,33.782,810.26,april 6- april 12,CenterEast
Marianna,2014,Augusta 5565VT2 PRO,253.8,101,258,115,15.931026,29.4,18.6,3352.5,553.2,24,45,24,182.88,160.02,248.92,66.04,119.38,33.782,810.26,april 6- april 12,CenterEast
Marianna,2014,Croplan 6640VT3P,253.5,101,258,113,15.912195,29.4,18.6,3352.5,553.2,24,45,24,182.88,160.02,248.92,66.04,119.38,33.782,810.26,april 6- april 12,CenterEast
Marianna,2014,MorCorn MC4344G-VT2PRIB,252.5,101,258,113,15.849425,29.4,18.6,3352.5,553.2,24,45,24,182.88,160.02,248.92,66.04,119.38,33.782,810.26,april 6- april 12,CenterEast
Marianna,2014,LG5638VT2PRO,252.4,101,258,114,15.843148,29.4,18.6,3352.5,553.2,24,45,24,182.88,160.02,248.92,66.04,119.38,33.782,810.26,april 6- april 12,CenterEast
Marianna,2014,Progeny PGY EXP14SS,251.9,101,258,114,15.811763,29.4,18.6,3352.5,553.2,24,45,24,182.88,160.02,248.92,66.04,119.38,33.782,810.26,april 6- april 12,CenterEast
Marianna,2014,Mycogen 2V714,251.2,101,258,111,15.767824,29.4,18.6,3352.5,553.2,24,45,24,182.88,160.02,248.92,66.04,119.38,33.782,810.26,april 6- april 12,CenterEast
Marianna,2014,Armor 1262PRO2,249.8,101,258,112,15.679946,29.4,18.6,3352.5,553.2,24,45,24,182.88,160.02,248.92,66.04,119.38,33.782,810.26,april 6- april 12,CenterEast
Marianna,2014,LG5701VT2RIB,247.6,101,258,116,15.541852,29.4,18.6,3352.5,553.2,24,45,24,182.88,160.02,248.92,66.04,119.38,33.782,810.26,april 6- april 12,CenterEast
Marianna,2014,Mycogen 2V777,246.8,101,258,113,15.491636,29.4,18.6,3352.5,553.2,24,45,24,182.88,160.02,248.92,66.04,119.38,33.782,810.26,april 6- april 12,CenterEast
Marianna,2014,Mycogen MYCX13751,245.1,101,258,112,15.384927,29.4,18.6,3352.5,553.2,24,45,24,182.88,160.02,248.92,66.04,119.38,33.782,810.26,april 6- april 12,CenterEast
Marianna,2014,Armor AXC2108,244,101,258,107,15.31588,29.4,18.6,3352.5,553.2,24,45,24,182.88,160.02,248.92,66.04,119.38,33.782,810.26,april 6- april 12,CenterEast
Marianna,2014,Mycogen 2C786,243.9,101,258,114,15.309603,29.4,18.6,3352.5,553.2,24,45,24,182.88,160.02,248.92,66.04,119.38,33.782,810.26,april 6- april 12,CenterEast
Marianna,2014,Armor 1314PRO2,242.7,101,258,113,15.234279,29.4,18.6,3352.5,553.2,24,45,24,182.88,160.02,248.92,66.04,119.38,33.782,810.26,april 6- april 12,CenterEast
Marianna,2014,Armor 1550PRO2,242.4,101,258,115,15.215448,29.4,18.6,3352.5,553.2,24,45,24,182.88,160.02,248.92,66.04,119.38,33.782,810.26,april 6- april 12,CenterEast
Marianna,2014,BH 8650VTTP,241.6,101,258,115,15.165232,29.4,18.6,3352.5,553.2,24,45,24,182.88,160.02,248.92,66.04,119.38,33.782,810.26,april 6- april 12,CenterEast
Marianna,2014,Armor AXT4113,235,101,258,113,14.75095,29.4,18.6,3352.5,553.2,24,45,24,182.88,160.02,248.92,66.04,119.38,33.782,810.26,april 6- april 12,CenterEast
Marianna,2014,Armor 0700PRO2,231.2,101,258,107,14.512424,29.4,18.6,3352.5,553.2,24,45,24,182.88,160.02,248.92,66.04,119.38,33.782,810.26,april 6- april 12,CenterEast
Marianna,2014,Pioneer P1794VYHR,286.6,101,258,117,17.989882,29.4,18.6,3352.5,553.2,24,45,24,182.88,160.02,248.92,66.04,119.38,33.782,810.26,april 6- april 12,CenterEast
Marianna,2014,Dyna-Gro D57VP51,277.8,101,258,117,17.437506,29.4,18.6,3352.5,553.2,24,45,24,182.88,160.02,248.92,66.04,119.38,33.782,810.26,april 6- april 12,CenterEast
Marianna,2014,MorCorn XP-609RR2,275.6,101,258,118,17.299412,29.4,18.6,3352.5,553.2,24,45,24,182.88,160.02,248.92,66.04,119.38,33.782,810.26,april 6- april 12,CenterEast
Marianna,2014,REV¨ 27HR83ª,272.8,101,258,117,17.123656,29.4,18.6,3352.5,553.2,24,45,24,182.88,160.02,248.92,66.04,119.38,33.782,810.26,april 6- april 12,CenterEast
Marianna,2014,Armor AXC3117A,272.7,101,258,117,17.117379,29.4,18.6,3352.5,553.2,24,45,24,182.88,160.02,248.92,66.04,119.38,33.782,810.26,april 6- april 12,CenterEast
Marianna,2014,Davis 3117VT3P,271.4,101,258,117,17.035778,29.4,18.6,3352.5,553.2,24,45,24,182.88,160.02,248.92,66.04,119.38,33.782,810.26,april 6- april 12,CenterEast
Marianna,2014,MorCorn XP-608G-VT3P,270.5,101,258,118,16.979285,29.4,18.6,3352.5,553.2,24,45,24,182.88,160.02,248.92,66.04,119.38,33.782,810.26,april 6- april 12,CenterEast
Marianna,2014,Augusta 7767VT2 PRO,269.8,101,258,117,16.935346,29.4,18.6,3352.5,553.2,24,45,24,182.88,160.02,248.92,66.04,119.38,33.782,810.26,april 6- april 12,CenterEast
Marianna,2014,Armor 1880PRO2,269.4,101,258,118,16.910238,29.4,18.6,3352.5,553.2,24,45,24,182.88,160.02,248.92,66.04,119.38,33.782,810.26,april 6- april 12,CenterEast
Marianna,2014,REV¨ 28HR20ª,269.1,101,258,118,16.891407,29.4,18.6,3352.5,553.2,24,45,24,182.88,160.02,248.92,66.04,119.38,33.782,810.26,april 6- april 12,CenterEast
Marianna,2014,Delta Grow 2888GTCBLLBL,268.1,101,258,116,16.828637,29.4,18.6,3352.5,553.2,24,45,24,182.88,160.02,248.92,66.04,119.38,33.782,810.26,april 6- april 12,CenterEast
Marianna,2014,Croplan 8621VT2P,267.9,101,258,117,16.816083,29.4,18.6,3352.5,553.2,24,45,24,182.88,160.02,248.92,66.04,119.38,33.782,810.26,april 6- april 12,CenterEast
Marianna,2014,Croplan 7927VT3P,267.8,101,258,117,16.809806,29.4,18.6,3352.5,553.2,24,45,24,182.88,160.02,248.92,66.04,119.38,33.782,810.26,april 6- april 12,CenterEast
Marianna,2014,Pioneer P1739YHR,266.5,101,258,117,16.728205,29.4,18.6,3352.5,553.2,24,45,24,182.88,160.02,248.92,66.04,119.38,33.782,810.26,april 6- april 12,CenterEast
Marianna,2014,Delta Grow 3660GTCBLLBL,266.2,101,258,118,16.709374,29.4,18.6,3352.5,553.2,24,45,24,182.88,160.02,248.92,66.04,119.38,33.782,810.26,april 6- april 12,CenterEast
Marianna,2014,Augusta 7768GT3110,265.4,101,258,118,16.659158,29.4,18.6,3352.5,553.2,24,45,24,182.88,160.02,248.92,66.04,119.38,33.782,810.26,april 6- april 12,CenterEast
Marianna,2014,Dyna-Gro D57VP75,265.1,101,258,117,16.640327,29.4,18.6,3352.5,553.2,24,45,24,182.88,160.02,248.92,66.04,119.38,33.782,810.26,april 6- april 12,CenterEast
Marianna,2014,Golden Acres 7672,263.9,101,258,117,16.565003,29.4,18.6,3352.5,553.2,24,45,24,182.88,160.02,248.92,66.04,119.38,33.782,810.26,april 6- april 12,CenterEast
Marianna,2014,Mycogen 2D848,263.9,101,258,117,16.565003,29.4,18.6,3352.5,553.2,24,45,24,182.88,160.02,248.92,66.04,119.38,33.782,810.26,april 6- april 12,CenterEast
Marianna,2014,AgriGold A6719VT2PRO,263.8,101,258,118,16.558726,29.4,18.6,3352.5,553.2,24,45,24,182.88,160.02,248.92,66.04,119.38,33.782,810.26,april 6- april 12,CenterEast
Marianna,2014,REV¨ 28R10ª,261.3,101,258,118,16.401801,29.4,18.6,3352.5,553.2,24,45,24,182.88,160.02,248.92,66.04,119.38,33.782,810.26,april 6- april 12,CenterEast
Marianna,2014,NK N79T-3111 Brand,261.2,101,258,117,16.395524,29.4,18.6,3352.5,553.2,24,45,24,182.88,160.02,248.92,66.04,119.38,33.782,810.26,april 6- april 12,CenterEast
Marianna,2014,Armor AXC3117,258,101,258,117,16.19466,29.4,18.6,3352.5,553.2,24,45,24,182.88,160.02,248.92,66.04,119.38,33.782,810.26,april 6- april 12,CenterEast
Marianna,2014,Mycogen MYCX13810,256.5,101,258,118,16.100505,29.4,18.6,3352.5,553.2,24,45,24,182.88,160.02,248.92,66.04,119.38,33.782,810.26,april 6- april 12,CenterEast
Marianna,2014,MorCorn XP-607G-VT3P,256.2,101,258,117,16.081674,29.4,18.6,3352.5,553.2,24,45,24,182.88,160.02,248.92,66.04,119.38,33.782,810.26,april 6- april 12,CenterEast
Marianna,2014,Pioneer P2089YHR,254.9,101,258,117,16.000073,29.4,18.6,3352.5,553.2,24,45,24,182.88,160.02,248.92,66.04,119.38,33.782,810.26,april 6- april 12,CenterEast
Marianna,2014,Armor AXC4119PRO2,252.4,101,258,119,15.843148,29.4,18.6,3352.5,553.2,24,45,24,182.88,160.02,248.92,66.04,119.38,33.782,810.26,april 6- april 12,CenterEast
Marianna,2014,Progeny PGY 4117VT3P,251.9,101,258,117,15.811763,29.4,18.6,3352.5,553.2,24,45,24,182.88,160.02,248.92,66.04,119.38,33.782,810.26,april 6- april 12,CenterEast
Marianna,2014,Mycogen MYCX13809,249.5,101,258,118,15.661115,29.4,18.6,3352.5,553.2,24,45,24,182.88,160.02,248.92,66.04,119.38,33.782,810.26,april 6- april 12,CenterEast
Marianna,2014,Golden Acres 27V01,249.2,101,258,117,15.642284,29.4,18.6,3352.5,553.2,24,45,24,182.88,160.02,248.92,66.04,119.38,33.782,810.26,april 6- april 12,CenterEast
Marianna,2014,DEKALB DKC 69-29 GENVT3P,247.9,101,258,119,15.560683,29.4,18.6,3352.5,553.2,24,45,24,182.88,160.02,248.92,66.04,119.38,33.782,810.26,april 6- april 12,CenterEast
Marianna,2014,NK N83D-3000GT Brand,247.9,101,258,118,15.560683,29.4,18.6,3352.5,553.2,24,45,24,182.88,160.02,248.92,66.04,119.38,33.782,810.26,april 6- april 12,CenterEast
Marianna,2014,LG5717VT2PRO,247.6,101,258,117,15.541852,29.4,18.6,3352.5,553.2,24,45,24,182.88,160.02,248.92,66.04,119.38,33.782,810.26,april 6- april 12,CenterEast
Marianna,2014,AgriGold A6687VT2PRO,246.5,101,258,117,15.472805,29.4,18.6,3352.5,553.2,24,45,24,182.88,160.02,248.92,66.04,119.38,33.782,810.26,april 6- april 12,CenterEast
Marianna,2014,MorCorn XP-610G-VT2P,241.1,101,258,119,15.133847,29.4,18.6,3352.5,553.2,24,45,24,182.88,160.02,248.92,66.04,119.38,33.782,810.26,april 6- april 12,CenterEast
Marianna,2014,DEKALB DKC 68-92 GENVT2P,236.1,101,258,118,14.819997,29.4,18.6,3352.5,553.2,24,45,24,182.88,160.02,248.92,66.04,119.38,33.782,810.26,april 6- april 12,CenterEast
Marianna,2014,Mycogen 2H877,220.5,101,258,117,13.840785,29.4,18.6,3352.5,553.2,24,45,24,182.88,160.02,248.92,66.04,119.38,33.782,810.26,april 6- april 12,CenterEast
Stuttgart,2014,REV¨ 23BHR55ª,285.8,108,258,113,17.939666,29.89688742,19.12708609,3196.89,488.76,24.51198675,48,23,129.54,147.32,198.12,55.88,60.96,37.592,632.46,april 13- april 19,SouthEast
Stuttgart,2014,REV¨ 26BHR50ª,284.8,108,258,116,17.876896,29.89688742,19.12708609,3196.89,488.76,24.51198675,48,23,147.32,198.12,55.88,60.96,37.592,0,632.46,april 13- april 19,SouthEast
Stuttgart,2014,NK N78S-3111 Brand,276.5,108,258,116,17.355905,29.89688742,19.12708609,3196.89,488.76,24.51198675,48,23,147.32,198.12,55.88,60.96,37.592,0,632.46,april 13- april 19,SouthEast
Stuttgart,2014,Hoegemeyer 8652 AM,276.3,108,258,116,17.343351,29.89688742,19.12708609,3196.89,488.76,24.51198675,48,23,147.32,198.12,55.88,60.96,37.592,0,632.46,april 13- april 19,SouthEast
Stuttgart,2014,Golden Acres G6611,271.8,108,258,116,17.060886,29.89688742,19.12708609,3196.89,488.76,24.51198675,48,23,147.32,198.12,55.88,60.96,37.592,0,632.46,april 13- april 19,SouthEast
Stuttgart,2014,MorCorn XP-604G-DGVT2P,271.5,108,258,113,17.042055,29.89688742,19.12708609,3196.89,488.76,24.51198675,48,23,147.32,198.12,55.88,60.96,37.592,0,632.46,april 13- april 19,SouthEast
Stuttgart,2014,REV¨ 24BHR93ª,271.5,108,258,114,17.042055,29.89688742,19.12708609,3196.89,488.76,24.51198675,48,23,147.32,198.12,55.88,60.96,37.592,0,632.46,april 13- april 19,SouthEast
Stuttgart,2014,REV¨ 22BHR43ª,269.7,108,258,112,16.929069,29.89688742,19.12708609,3196.89,488.76,24.51198675,48,23,147.32,198.12,55.88,60.96,37.592,0,632.46,april 13- april 19,SouthEast
Stuttgart,2014,REV¨ 25BHR44ª,267.4,108,258,115,16.784698,29.89688742,19.12708609,3196.89,488.76,24.51198675,48,23,147.32,198.12,55.88,60.96,37.592,0,632.46,april 13- april 19,SouthEast
Stuttgart,2014,DEKALB DKC 64-69 GENVT3P,267,108,258,114,16.75959,29.89688742,19.12708609,3196.89,488.76,24.51198675,48,23,147.32,198.12,55.88,60.96,37.592,0,632.46,april 13- april 19,SouthEast
Stuttgart,2014,Delta Grow 2863GTCBLLBL,265,108,258,115,16.63405,29.89688742,19.12708609,3196.89,488.76,24.51198675,48,23,147.32,198.12,55.88,60.96,37.592,0,632.46,april 13- april 19,SouthEast
Stuttgart,2014,Dyna-Gro D56VC46,264.5,108,258,116,16.602665,29.89688742,19.12708609,3196.89,488.76,24.51198675,48,23,147.32,198.12,55.88,60.96,37.592,0,632.46,april 13- april 19,SouthEast
Stuttgart,2014,Golden Acres 26V21,264.3,108,258,115,16.590111,29.89688742,19.12708609,3196.89,488.76,24.51198675,48,23,147.32,198.12,55.88,60.96,37.592,0,632.46,april 13- april 19,SouthEast
Stuttgart,2014,AgriGold A6659VT2RIB,264,108,258,116,16.57128,29.89688742,19.12708609,3196.89,488.76,24.51198675,48,23,147.32,198.12,55.88,60.96,37.592,0,632.46,april 13- april 19,SouthEast
Stuttgart,2014,REV¨ 18BHR84ª,263.6,108,258,108,16.546172,29.89688742,19.12708609,3196.89,488.76,24.51198675,48,23,147.32,198.12,55.88,60.96,37.592,0,632.46,april 13- april 19,SouthEast
Stuttgart,2014,LG5701VT2RIB,263.3,108,258,116,16.527341,29.89688742,19.12708609,3196.89,488.76,24.51198675,48,23,147.32,198.12,55.88,60.96,37.592,0,632.46,april 13- april 19,SouthEast
Stuttgart,2014,DEKALB DKC 66-87 GENVT2P,263.2,108,258,116,16.521064,29.89688742,19.12708609,3196.89,488.76,24.51198675,48,23,147.32,198.12,55.88,60.96,37.592,0,632.46,april 13- april 19,SouthEast
Stuttgart,2014,Dyna-Gro D55QC73,262.1,108,258,115,16.452017,29.89688742,19.12708609,3196.89,488.76,24.51198675,48,23,147.32,198.12,55.88,60.96,37.592,0,632.46,april 13- april 19,SouthEast
Stuttgart,2014,Armor 1414,261.4,108,258,114,16.408078,29.89688742,19.12708609,3196.89,488.76,24.51198675,48,23,147.32,198.12,55.88,60.96,37.592,0,632.46,april 13- april 19,SouthEast
Stuttgart,2014,LG5638VT2PRO,260.9,108,258,114,16.376693,29.89688742,19.12708609,3196.89,488.76,24.51198675,48,23,147.32,198.12,55.88,60.96,37.592,0,632.46,april 13- april 19,SouthEast
Stuttgart,2014,AgriGold A6517VT3PRIB,258.9,108,258,113,16.251153,29.89688742,19.12708609,3196.89,488.76,24.51198675,48,23,147.32,198.12,55.88,60.96,37.592,0,632.46,april 13- april 19,SouthEast
Stuttgart,2014,Golden Acres G4598,258.2,108,258,114,16.207214,29.89688742,19.12708609,3196.89,488.76,24.51198675,48,23,147.32,198.12,55.88,60.96,37.592,0,632.46,april 13- april 19,SouthEast
Stuttgart,2014,BH 8660VTTP,257.6,108,258,116,16.169552,29.89688742,19.12708609,3196.89,488.76,24.51198675,48,23,147.32,198.12,55.88,60.96,37.592,0,632.46,april 13- april 19,SouthEast
Stuttgart,2014,Mycogen 2C797,257.5,108,258,113,16.163275,29.89688742,19.12708609,3196.89,488.76,24.51198675,48,23,147.32,198.12,55.88,60.96,37.592,0,632.46,april 13- april 19,SouthEast
Stuttgart,2014,MorCorn MC4354G-VT2PRIB,256.9,108,258,113,16.125613,29.89688742,19.12708609,3196.89,488.76,24.51198675,48,23,147.32,198.12,55.88,60.96,37.592,0,632.46,april 13- april 19,SouthEast
Stuttgart,2014,Armor AXC3114,256.2,108,258,114,16.081674,29.89688742,19.12708609,3196.89,488.76,24.51198675,48,23,147.32,198.12,55.88,60.96,37.592,0,632.46,april 13- april 19,SouthEast
Stuttgart,2014,NK N79Z-3111 Brand,255.9,108,258,115,16.062843,29.89688742,19.12708609,3196.89,488.76,24.51198675,48,23,147.32,198.12,55.88,60.96,37.592,0,632.46,april 13- april 19,SouthEast
Stuttgart,2014,LG5618STXRIB,254.6,108,258,113,15.981242,29.89688742,19.12708609,3196.89,488.76,24.51198675,48,23,147.32,198.12,55.88,60.96,37.592,0,632.46,april 13- april 19,SouthEast
Stuttgart,2014,Pioneer P1319HR,254.3,108,258,113,15.962411,29.89688742,19.12708609,3196.89,488.76,24.51198675,48,23,147.32,198.12,55.88,60.96,37.592,0,632.46,april 13- april 19,SouthEast
Stuttgart,2014,Dyna-Gro D54VP81,254.1,108,258,114,15.949857,29.89688742,19.12708609,3196.89,488.76,24.51198675,48,23,147.32,198.12,55.88,60.96,37.592,0,632.46,april 13- april 19,SouthEast
Stuttgart,2014,Armor 1616PRO3,253.6,108,258,116,15.918472,29.89688742,19.12708609,3196.89,488.76,24.51198675,48,23,147.32,198.12,55.88,60.96,37.592,0,632.46,april 13- april 19,SouthEast
Stuttgart,2014,Armor AXT4116PRO3,253.5,108,258,116,15.912195,29.89688742,19.12708609,3196.89,488.76,24.51198675,48,23,147.32,198.12,55.88,60.96,37.592,0,632.46,april 13- april 19,SouthEast
Stuttgart,2014,BH 8732VTTP,251.9,108,258,116,15.811763,29.89688742,19.12708609,3196.89,488.76,24.51198675,48,23,147.32,198.12,55.88,60.96,37.592,0,632.46,april 13- april 19,SouthEast
Stuttgart,2014,DEKALB DKC 62-08 GENSS,251.6,108,258,112,15.792932,29.89688742,19.12708609,3196.89,488.76,24.51198675,48,23,147.32,198.12,55.88,60.96,37.592,0,632.46,april 13- april 19,SouthEast
Stuttgart,2014,Hoegemeyer 8408 AM,250.8,108,258,114,15.742716,29.89688742,19.12708609,3196.89,488.76,24.51198675,48,23,147.32,198.12,55.88,60.96,37.592,0,632.46,april 13- april 19,SouthEast
Stuttgart,2014,MorCorn MC4344G-VT2PRIB,249.8,108,258,113,15.679946,29.89688742,19.12708609,3196.89,488.76,24.51198675,48,23,147.32,198.12,55.88,60.96,37.592,0,632.46,april 13- april 19,SouthEast
Stuttgart,2014,BH 8650VTTP,249.7,108,258,115,15.673669,29.89688742,19.12708609,3196.89,488.76,24.51198675,48,23,147.32,198.12,55.88,60.96,37.592,0,632.46,april 13- april 19,SouthEast
Stuttgart,2014,Golden Acres G5531,249.3,108,258,115,15.648561,29.89688742,19.12708609,3196.89,488.76,24.51198675,48,23,147.32,198.12,55.88,60.96,37.592,0,632.46,april 13- april 19,SouthEast
Stuttgart,2014,BH 8735VT2P,248.9,108,258,116,15.623453,29.89688742,19.12708609,3196.89,488.76,24.51198675,48,23,147.32,198.12,55.88,60.96,37.592,0,632.46,april 13- april 19,SouthEast
Stuttgart,2014,Dyna-Gro D55VP77,248.6,108,258,115,15.604622,29.89688742,19.12708609,3196.89,488.76,24.51198675,48,23,147.32,198.12,55.88,60.96,37.592,0,632.46,april 13- april 19,SouthEast
Stuttgart,2014,AgriGold A6559VT2RIB,248.3,108,258,113,15.585791,29.89688742,19.12708609,3196.89,488.76,24.51198675,48,23,147.32,198.12,55.88,60.96,37.592,0,632.46,april 13- april 19,SouthEast
Stuttgart,2014,Augusta 6866GTCBLLC,247.6,108,258,116,15.541852,29.89688742,19.12708609,3196.89,488.76,24.51198675,48,23,147.32,198.12,55.88,60.96,37.592,0,632.46,april 13- april 19,SouthEast
Stuttgart,2014,Mycogen 2V714,247.6,108,258,111,15.541852,29.89688742,19.12708609,3196.89,488.76,24.51198675,48,23,147.32,198.12,55.88,60.96,37.592,0,632.46,april 13- april 19,SouthEast
Stuttgart,2014,Armor AXT3111,247.5,108,258,111,15.535575,29.89688742,19.12708609,3196.89,488.76,24.51198675,48,23,147.32,198.12,55.88,60.96,37.592,0,632.46,april 13- april 19,SouthEast
Stuttgart,2014,Mycogen 2Y744,247.2,108,258,113,15.516744,29.89688742,19.12708609,3196.89,488.76,24.51198675,48,23,147.32,198.12,55.88,60.96,37.592,0,632.46,april 13- april 19,SouthEast
Stuttgart,2014,BH 8700SS,245.5,108,258,115,15.410035,29.89688742,19.12708609,3196.89,488.76,24.51198675,48,23,147.32,198.12,55.88,60.96,37.592,0,632.46,april 13- april 19,SouthEast
Stuttgart,2014,Augusta 5566GTCBLLC,245.1,108,258,116,15.384927,29.89688742,19.12708609,3196.89,488.76,24.51198675,48,23,147.32,198.12,55.88,60.96,37.592,0,632.46,april 13- april 19,SouthEast
Stuttgart,2014,AgriGold A6499VT2RIB,244.8,108,258,112,15.366096,29.89688742,19.12708609,3196.89,488.76,24.51198675,48,23,147.32,198.12,55.88,60.96,37.592,0,632.46,april 13- april 19,SouthEast
Stuttgart,2014,AgriGold A6574STX,244.2,108,258,114,15.328434,29.89688742,19.12708609,3196.89,488.76,24.51198675,48,23,147.32,198.12,55.88,60.96,37.592,0,632.46,april 13- april 19,SouthEast
Stuttgart,2014,Armor 1555PRO2,243.9,108,258,115,15.309603,29.89688742,19.12708609,3196.89,488.76,24.51198675,48,23,147.32,198.12,55.88,60.96,37.592,0,632.46,april 13- april 19,SouthEast
Stuttgart,2014,DEKALB DKC 66-97 GENVT2P,243.9,108,258,116,15.309603,29.89688742,19.12708609,3196.89,488.76,24.51198675,48,23,147.32,198.12,55.88,60.96,37.592,0,632.46,april 13- april 19,SouthEast
Stuttgart,2014,Mycogen 2J794,243.9,108,258,115,15.309603,29.89688742,19.12708609,3196.89,488.76,24.51198675,48,23,147.32,198.12,55.88,60.96,37.592,0,632.46,april 13- april 19,SouthEast
Stuttgart,2014,Davis 3312VT2P,243.8,108,258,112,15.303326,29.89688742,19.12708609,3196.89,488.76,24.51198675,48,23,147.32,198.12,55.88,60.96,37.592,0,632.46,april 13- april 19,SouthEast
Stuttgart,2014,Armor 1330,243.3,108,258,113,15.271941,29.89688742,19.12708609,3196.89,488.76,24.51198675,48,23,147.32,198.12,55.88,60.96,37.592,0,632.46,april 13- april 19,SouthEast
Stuttgart,2014,AgriGold A6501VT2RIB,243,108,258,112,15.25311,29.89688742,19.12708609,3196.89,488.76,24.51198675,48,23,147.32,198.12,55.88,60.96,37.592,0,632.46,april 13- april 19,SouthEast
Stuttgart,2014,MorCorn XP-605G-S.Stax,241.9,108,258,113,15.184063,29.89688742,19.12708609,3196.89,488.76,24.51198675,48,23,147.32,198.12,55.88,60.96,37.592,0,632.46,april 13- april 19,SouthEast
Stuttgart,2014,Armor 1550PRO2,241.1,108,258,115,15.133847,29.89688742,19.12708609,3196.89,488.76,24.51198675,48,23,147.32,198.12,55.88,60.96,37.592,0,632.46,april 13- april 19,SouthEast
Stuttgart,2014,Armor AXC2108,240.5,108,258,107,15.096185,29.89688742,19.12708609,3196.89,488.76,24.51198675,48,23,147.32,198.12,55.88,60.96,37.592,0,632.46,april 13- april 19,SouthEast
Stuttgart,2014,Mycogen 2Y816,240.2,108,258,116,15.077354,29.89688742,19.12708609,3196.89,488.76,24.51198675,48,23,147.32,198.12,55.88,60.96,37.592,0,632.46,april 13- april 19,SouthEast
Stuttgart,2014,Pioneer P1637VYHR,239.8,108,258,116,15.052246,29.89688742,19.12708609,3196.89,488.76,24.51198675,48,23,147.32,198.12,55.88,60.96,37.592,0,632.46,april 13- april 19,SouthEast
Stuttgart,2014,Mycogen 2V777,239.2,108,258,113,15.014584,29.89688742,19.12708609,3196.89,488.76,24.51198675,48,23,147.32,198.12,55.88,60.96,37.592,0,632.46,april 13- april 19,SouthEast
Stuttgart,2014,Croplan 6640VT3P,238.9,108,258,113,14.995753,29.89688742,19.12708609,3196.89,488.76,24.51198675,48,23,147.32,198.12,55.88,60.96,37.592,0,632.46,april 13- april 19,SouthEast
Stuttgart,2014,AgriGold A6573VT2RIB,238.3,108,258,112,14.958091,29.89688742,19.12708609,3196.89,488.76,24.51198675,48,23,147.32,198.12,55.88,60.96,37.592,0,632.46,april 13- april 19,SouthEast
Stuttgart,2014,Progeny PGY EXP14SS,236,108,258,114,14.81372,29.89688742,19.12708609,3196.89,488.76,24.51198675,48,23,147.32,198.12,55.88,60.96,37.592,0,632.46,april 13- april 19,SouthEast
Stuttgart,2014,Mycogen MYCX13751,232.6,108,258,112,14.600302,29.89688742,19.12708609,3196.89,488.76,24.51198675,48,23,147.32,198.12,55.88,60.96,37.592,0,632.46,april 13- april 19,SouthEast
Stuttgart,2014,MorCorn XP-606G-DGVT2P,232.5,108,258,116,14.594025,29.89688742,19.12708609,3196.89,488.76,24.51198675,48,23,147.32,198.12,55.88,60.96,37.592,0,632.46,april 13- april 19,SouthEast
Stuttgart,2014,Armor 0700PRO2,232.4,108,258,107,14.587748,29.89688742,19.12708609,3196.89,488.76,24.51198675,48,23,147.32,198.12,55.88,60.96,37.592,0,632.46,april 13- april 19,SouthEast
Stuttgart,2014,REV¨ 17HR73ª,231.4,108,258,107,14.524978,29.89688742,19.12708609,3196.89,488.76,24.51198675,48,23,147.32,198.12,55.88,60.96,37.592,0,632.46,april 13- april 19,SouthEast
Stuttgart,2014,Mycogen 2C786,231.3,108,258,114,14.518701,29.89688742,19.12708609,3196.89,488.76,24.51198675,48,23,147.32,198.12,55.88,60.96,37.592,0,632.46,april 13- april 19,SouthEast
Stuttgart,2014,Armor AXT4113,230.8,108,258,113,14.487316,29.89688742,19.12708609,3196.89,488.76,24.51198675,48,23,147.32,198.12,55.88,60.96,37.592,0,632.46,april 13- april 19,SouthEast
Stuttgart,2014,Armor 1314PRO2,229.8,108,258,113,14.424546,29.89688742,19.12708609,3196.89,488.76,24.51198675,48,23,147.32,198.12,55.88,60.96,37.592,0,632.46,april 13- april 19,SouthEast
Stuttgart,2014,Armor 1262PRO2,227.6,108,258,112,14.286452,29.89688742,19.12708609,3196.89,488.76,24.51198675,48,23,147.32,198.12,55.88,60.96,37.592,0,632.46,april 13- april 19,SouthEast
Stuttgart,2014,Progeny PGY 5115VT2P,227.2,108,258,115,14.261344,29.89688742,19.12708609,3196.89,488.76,24.51198675,48,23,147.32,198.12,55.88,60.96,37.592,0,632.46,april 13- april 19,SouthEast
Stuttgart,2014,Croplan 7087VT2P,226.7,108,258,114,14.229959,29.89688742,19.12708609,3196.89,488.76,24.51198675,48,23,147.32,198.12,55.88,60.96,37.592,0,632.46,april 13- april 19,SouthEast
Stuttgart,2014,Dyna-Gro D52VC91,226.3,108,258,112,14.204851,29.89688742,19.12708609,3196.89,488.76,24.51198675,48,23,147.32,198.12,55.88,60.96,37.592,0,632.46,april 13- april 19,SouthEast
Stuttgart,2014,Progeny PGY 4115VT2P,223.9,108,258,115,14.054203,29.89688742,19.12708609,3196.89,488.76,24.51198675,48,23,147.32,198.12,55.88,60.96,37.592,0,632.46,april 13- april 19,SouthEast
Stuttgart,2014,Augusta 5565VT2 PRO,222.7,108,258,115,13.978879,29.89688742,19.12708609,3196.89,488.76,24.51198675,48,23,147.32,198.12,55.88,60.96,37.592,0,632.46,april 13- april 19,SouthEast
Stuttgart,2014,Progeny PGY 4114VT2P,203.5,108,258,114,12.773695,29.89688742,19.12708609,3196.89,488.76,24.51198675,48,23,147.32,198.12,55.88,60.96,37.592,0,632.46,april 13- april 19,SouthEast
Stuttgart,2014,Pioneer P2089YHR,287.3,108,258,117,18.033821,29.89688742,19.12708609,3196.89,488.76,24.51198675,48,23,147.32,198.12,55.88,60.96,37.592,0,632.46,april 13- april 19,SouthEast
Stuttgart,2014,Pioneer P1794VYHR,283.4,108,258,117,17.789018,29.89688742,19.12708609,3196.89,488.76,24.51198675,48,23,147.32,198.12,55.88,60.96,37.592,0,632.46,april 13- april 19,SouthEast
Stuttgart,2014,Augusta 7768GT3110,275.2,108,258,118,17.274304,29.89688742,19.12708609,3196.89,488.76,24.51198675,48,23,147.32,198.12,55.88,60.96,37.592,0,632.46,april 13- april 19,SouthEast
Stuttgart,2014,Golden Acres 7672,273.1,108,258,117,17.142487,29.89688742,19.12708609,3196.89,488.76,24.51198675,48,23,147.32,198.12,55.88,60.96,37.592,0,632.46,april 13- april 19,SouthEast
Stuttgart,2014,Dyna-Gro D57VP51,266,108,258,117,16.69682,29.89688742,19.12708609,3196.89,488.76,24.51198675,48,23,147.32,198.12,55.88,60.96,37.592,0,632.46,april 13- april 19,SouthEast
Stuttgart,2014,REV¨ 28R10ª,262.3,108,258,118,16.464571,29.89688742,19.12708609,3196.89,488.76,24.51198675,48,23,147.32,198.12,55.88,60.96,37.592,0,632.46,april 13- april 19,SouthEast
Stuttgart,2014,REV¨ 27HR83ª,261.6,108,258,117,16.420632,29.89688742,19.12708609,3196.89,488.76,24.51198675,48,23,147.32,198.12,55.88,60.96,37.592,0,632.46,april 13- april 19,SouthEast
Stuttgart,2014,Croplan 8621VT2P,261.2,108,258,117,16.395524,29.89688742,19.12708609,3196.89,488.76,24.51198675,48,23,147.32,198.12,55.88,60.96,37.592,0,632.46,april 13- april 19,SouthEast
Stuttgart,2014,Dyna-Gro D57VP75,260.3,108,258,117,16.339031,29.89688742,19.12708609,3196.89,488.76,24.51198675,48,23,147.32,198.12,55.88,60.96,37.592,0,632.46,april 13- april 19,SouthEast
Stuttgart,2014,REV¨ 28HR20ª,260.3,108,258,118,16.339031,29.89688742,19.12708609,3196.89,488.76,24.51198675,48,23,147.32,198.12,55.88,60.96,37.592,0,632.46,april 13- april 19,SouthEast
Stuttgart,2014,Golden Acres 27V01,258,108,258,117,16.19466,29.89688742,19.12708609,3196.89,488.76,24.51198675,48,23,147.32,198.12,55.88,60.96,37.592,0,632.46,april 13- april 19,SouthEast
Stuttgart,2014,Armor AXC3117,256.4,108,258,117,16.094228,29.89688742,19.12708609,3196.89,488.76,24.51198675,48,23,147.32,198.12,55.88,60.96,37.592,0,632.46,april 13- april 19,SouthEast
Stuttgart,2014,Davis 3117VT3P,255,108,258,117,16.00635,29.89688742,19.12708609,3196.89,488.76,24.51198675,48,23,147.32,198.12,55.88,60.96,37.592,0,632.46,april 13- april 19,SouthEast
Stuttgart,2014,Delta Grow 2888GTCBLLBL,255,108,258,116,16.00635,29.89688742,19.12708609,3196.89,488.76,24.51198675,48,23,147.32,198.12,55.88,60.96,37.592,0,632.46,april 13- april 19,SouthEast
Stuttgart,2014,Armor 1880PRO2,254.8,108,258,118,15.993796,29.89688742,19.12708609,3196.89,488.76,24.51198675,48,23,147.32,198.12,55.88,60.96,37.592,0,632.46,april 13- april 19,SouthEast
Stuttgart,2014,Delta Grow 3660GTCBLLBL,254.7,108,258,118,15.987519,29.89688742,19.12708609,3196.89,488.76,24.51198675,48,23,147.32,198.12,55.88,60.96,37.592,0,632.46,april 13- april 19,SouthEast
Stuttgart,2014,Augusta 7767VT2 PRO,254.3,108,258,117,15.962411,29.89688742,19.12708609,3196.89,488.76,24.51198675,48,23,147.32,198.12,55.88,60.96,37.592,0,632.46,april 13- april 19,SouthEast
Stuttgart,2014,Croplan 7927VT3P,254.1,108,258,117,15.949857,29.89688742,19.12708609,3196.89,488.76,24.51198675,48,23,147.32,198.12,55.88,60.96,37.592,0,632.46,april 13- april 19,SouthEast
Stuttgart,2014,MorCorn XP-608G-VT3P,252.9,108,258,118,15.874533,29.89688742,19.12708609,3196.89,488.76,24.51198675,48,23,147.32,198.12,55.88,60.96,37.592,0,632.46,april 13- april 19,SouthEast
Stuttgart,2014,Mycogen 2D848,252.1,108,258,117,15.824317,29.89688742,19.12708609,3196.89,488.76,24.51198675,48,23,147.32,198.12,55.88,60.96,37.592,0,632.46,april 13- april 19,SouthEast
Stuttgart,2014,MorCorn XP-607G-VT3P,251.5,108,258,117,15.786655,29.89688742,19.12708609,3196.89,488.76,24.51198675,48,23,147.32,198.12,55.88,60.96,37.592,0,632.46,april 13- april 19,SouthEast
Stuttgart,2014,AgriGold A6687VT2PRO,248.7,108,258,117,15.610899,29.89688742,19.12708609,3196.89,488.76,24.51198675,48,23,147.32,198.12,55.88,60.96,37.592,0,632.46,april 13- april 19,SouthEast
Stuttgart,2014,AgriGold A6719VT2PRO,247.4,108,258,118,15.529298,29.89688742,19.12708609,3196.89,488.76,24.51198675,48,23,147.32,198.12,55.88,60.96,37.592,0,632.46,april 13- april 19,SouthEast
Stuttgart,2014,MorCorn XP-609RR2,246.7,108,258,118,15.485359,29.89688742,19.12708609,3196.89,488.76,24.51198675,48,23,147.32,198.12,55.88,60.96,37.592,0,632.46,april 13- april 19,SouthEast
Stuttgart,2014,Mycogen MYCX13809,245.2,108,258,118,15.391204,29.89688742,19.12708609,3196.89,488.76,24.51198675,48,23,147.32,198.12,55.88,60.96,37.592,0,632.46,april 13- april 19,SouthEast
Stuttgart,2014,DEKALB DKC 68-92 GENVT2P,244.7,108,258,118,15.359819,29.89688742,19.12708609,3196.89,488.76,24.51198675,48,23,147.32,198.12,55.88,60.96,37.592,0,632.46,april 13- april 19,SouthEast
Stuttgart,2014,NK N79T-3111 Brand,244.1,108,258,117,15.322157,29.89688742,19.12708609,3196.89,488.76,24.51198675,48,23,147.32,198.12,55.88,60.96,37.592,0,632.46,april 13- april 19,SouthEast
Stuttgart,2014,Pioneer P1739YHR,243.6,108,258,117,15.290772,29.89688742,19.12708609,3196.89,488.76,24.51198675,48,23,147.32,198.12,55.88,60.96,37.592,0,632.46,april 13- april 19,SouthEast
Stuttgart,2014,DEKALB DKC 69-29 GENVT3P,242.4,108,258,119,15.215448,29.89688742,19.12708609,3196.89,488.76,24.51198675,48,23,147.32,198.12,55.88,60.96,37.592,0,632.46,april 13- april 19,SouthEast
Stuttgart,2014,Armor AXC3117A,241.1,108,258,117,15.133847,29.89688742,19.12708609,3196.89,488.76,24.51198675,48,23,147.32,198.12,55.88,60.96,37.592,0,632.46,april 13- april 19,SouthEast
Stuttgart,2014,LG5717VT2PRO,240.7,108,258,117,15.108739,29.89688742,19.12708609,3196.89,488.76,24.51198675,48,23,147.32,198.12,55.88,60.96,37.592,0,632.46,april 13- april 19,SouthEast
Stuttgart,2014,Mycogen MYCX13810,239.9,108,258,118,15.058523,29.89688742,19.12708609,3196.89,488.76,24.51198675,48,23,147.32,198.12,55.88,60.96,37.592,0,632.46,april 13- april 19,SouthEast
Stuttgart,2014,Progeny PGY 4117VT3P,239.8,108,258,117,15.052246,29.89688742,19.12708609,3196.89,488.76,24.51198675,48,23,147.32,198.12,55.88,60.96,37.592,0,632.46,april 13- april 19,SouthEast
Stuttgart,2014,NK N83D-3000GT Brand,239,108,258,118,15.00203,29.89688742,19.12708609,3196.89,488.76,24.51198675,48,23,147.32,198.12,55.88,60.96,37.592,0,632.46,april 13- april 19,SouthEast
Stuttgart,2014,Armor AXC4119PRO2,234.4,108,258,119,14.713288,29.89688742,19.12708609,3196.89,488.76,24.51198675,48,23,147.32,198.12,55.88,60.96,37.592,0,632.46,april 13- april 19,SouthEast
Stuttgart,2014,MorCorn XP-610G-VT2P,230.5,108,258,119,14.468485,29.89688742,19.12708609,3196.89,488.76,24.51198675,48,23,147.32,198.12,55.88,60.96,37.592,0,632.46,april 13- april 19,SouthEast
Stuttgart,2014,Mycogen 2H877,224.8,108,258,117,14.110696,29.89688742,19.12708609,3196.89,488.76,24.51198675,48,23,147.32,198.12,55.88,60.96,37.592,0,632.46,april 13- april 19,SouthEast
Rohwer,2014,Pioneer P1637VYHR,298.7,106,255,116,18.749399,30.21613333,19.18433333,3235.78,490.19,24.70023333,58,25,154.94,137.16,139.7,73.66,154.94,414.02,701.04,april 13- april 19,SouthEast
Rohwer,2014,Hoegemeyer 8652 AM,295.5,106,255,116,18.548535,30.21613333,19.18433333,3235.78,490.19,24.70023333,58,25,154.94,137.16,139.7,73.66,154.94,414.02,701.04,april 13- april 19,SouthEast
Rohwer,2014,REV¨ 23BHR55ª,289.3,106,255,113,18.159361,30.21613333,19.18433333,3235.78,490.19,24.70023333,58,25,154.94,137.16,139.7,73.66,154.94,414.02,701.04,april 13- april 19,SouthEast
Rohwer,2014,REV¨ 26BHR50ª,284.6,106,255,116,17.864342,30.21613333,19.18433333,3235.78,490.19,24.70023333,58,25,154.94,137.16,139.7,73.66,154.94,414.02,701.04,april 13- april 19,SouthEast
Rohwer,2014,Pioneer P1319HR,283.7,106,255,113,17.807849,30.21613333,19.18433333,3235.78,490.19,24.70023333,58,25,154.94,137.16,139.7,73.66,154.94,414.02,701.04,april 13- april 19,SouthEast
Rohwer,2014,REV¨ 24BHR93ª,280.7,106,255,114,17.619539,30.21613333,19.18433333,3235.78,490.19,24.70023333,58,25,154.94,137.16,139.7,73.66,154.94,414.02,701.04,april 13- april 19,SouthEast
Rohwer,2014,LG5701VT2RIB,279.1,106,255,116,17.519107,30.21613333,19.18433333,3235.78,490.19,24.70023333,58,25,154.94,137.16,139.7,73.66,154.94,414.02,701.04,april 13- april 19,SouthEast
Rohwer,2014,Dyna-Gro D55QC73,278.6,106,255,115,17.487722,30.21613333,19.18433333,3235.78,490.19,24.70023333,58,25,154.94,137.16,139.7,73.66,154.94,414.02,701.04,april 13- april 19,SouthEast
Rohwer,2014,BH 8732VTTP,277.4,106,255,116,17.412398,30.21613333,19.18433333,3235.78,490.19,24.70023333,58,25,154.94,137.16,139.7,73.66,154.94,414.02,701.04,april 13- april 19,SouthEast
Rohwer,2014,BH 8735VT2P,277.3,106,255,116,17.406121,30.21613333,19.18433333,3235.78,490.19,24.70023333,58,25,154.94,137.16,139.7,73.66,154.94,414.02,701.04,april 13- april 19,SouthEast
Rohwer,2014,LG5638VT2PRO,271.6,106,255,114,17.048332,30.21613333,19.18433333,3235.78,490.19,24.70023333,58,25,154.94,137.16,139.7,73.66,154.94,414.02,701.04,april 13- april 19,SouthEast
Rohwer,2014,Progeny PGY 4115VT2P,271.3,106,255,115,17.029501,30.21613333,19.18433333,3235.78,490.19,24.70023333,58,25,154.94,137.16,139.7,73.66,154.94,414.02,701.04,april 13- april 19,SouthEast
Rohwer,2014,Golden Acres 26V21,270.5,106,255,115,16.979285,30.21613333,19.18433333,3235.78,490.19,24.70023333,58,25,154.94,137.16,139.7,73.66,154.94,414.02,701.04,april 13- april 19,SouthEast
Rohwer,2014,Golden Acres G5531,270,106,255,115,16.9479,30.21613333,19.18433333,3235.78,490.19,24.70023333,58,25,154.94,137.16,139.7,73.66,154.94,414.02,701.04,april 13- april 19,SouthEast
Rohwer,2014,REV¨ 25BHR44ª,269.6,106,255,115,16.922792,30.21613333,19.18433333,3235.78,490.19,24.70023333,58,25,154.94,137.16,139.7,73.66,154.94,414.02,701.04,april 13- april 19,SouthEast
Rohwer,2014,AgriGold A6517VT3PRIB,269.5,106,255,113,16.916515,30.21613333,19.18433333,3235.78,490.19,24.70023333,58,25,154.94,137.16,139.7,73.66,154.94,414.02,701.04,april 13- april 19,SouthEast
Rohwer,2014,NK N78S-3111 Brand,269.4,106,255,116,16.910238,30.21613333,19.18433333,3235.78,490.19,24.70023333,58,25,154.94,137.16,139.7,73.66,154.94,414.02,701.04,april 13- april 19,SouthEast
Rohwer,2014,Mycogen 2J794,268.1,106,255,115,16.828637,30.21613333,19.18433333,3235.78,490.19,24.70023333,58,25,154.94,137.16,139.7,73.66,154.94,414.02,701.04,april 13- april 19,SouthEast
Rohwer,2014,BH 8660VTTP,266.6,106,255,116,16.734482,30.21613333,19.18433333,3235.78,490.19,24.70023333,58,25,154.94,137.16,139.7,73.66,154.94,414.02,701.04,april 13- april 19,SouthEast
Rohwer,2014,AgriGold A6574STX,266.3,106,255,114,16.715651,30.21613333,19.18433333,3235.78,490.19,24.70023333,58,25,154.94,137.16,139.7,73.66,154.94,414.02,701.04,april 13- april 19,SouthEast
Rohwer,2014,Mycogen 2Y744,265.9,106,255,113,16.690543,30.21613333,19.18433333,3235.78,490.19,24.70023333,58,25,154.94,137.16,139.7,73.66,154.94,414.02,701.04,april 13- april 19,SouthEast
Rohwer,2014,DEKALB DKC 66-87 GENVT2P,263.5,106,255,116,16.539895,30.21613333,19.18433333,3235.78,490.19,24.70023333,58,25,154.94,137.16,139.7,73.66,154.94,414.02,701.04,april 13- april 19,SouthEast
Rohwer,2014,Delta Grow 2863GTCBLLBL,263.5,106,255,115,16.539895,30.21613333,19.18433333,3235.78,490.19,24.70023333,58,25,154.94,137.16,139.7,73.66,154.94,414.02,701.04,april 13- april 19,SouthEast
Rohwer,2014,Croplan 7087VT2P,263.3,106,255,114,16.527341,30.21613333,19.18433333,3235.78,490.19,24.70023333,58,25,154.94,137.16,139.7,73.66,154.94,414.02,701.04,april 13- april 19,SouthEast
Rohwer,2014,Croplan 6640VT3P,262.7,106,255,113,16.489679,30.21613333,19.18433333,3235.78,490.19,24.70023333,58,25,154.94,137.16,139.7,73.66,154.94,414.02,701.04,april 13- april 19,SouthEast
Rohwer,2014,AgriGold A6499VT2RIB,261.1,106,255,112,16.389247,30.21613333,19.18433333,3235.78,490.19,24.70023333,58,25,154.94,137.16,139.7,73.66,154.94,414.02,701.04,april 13- april 19,SouthEast
Rohwer,2014,Golden Acres G6611,260.6,106,255,116,16.357862,30.21613333,19.18433333,3235.78,490.19,24.70023333,58,25,154.94,137.16,139.7,73.66,154.94,414.02,701.04,april 13- april 19,SouthEast
Rohwer,2014,Mycogen 2C786,260.1,106,255,114,16.326477,30.21613333,19.18433333,3235.78,490.19,24.70023333,58,25,154.94,137.16,139.7,73.66,154.94,414.02,701.04,april 13- april 19,SouthEast
Rohwer,2014,MorCorn XP-604G-DGVT2P,260,106,255,113,16.3202,30.21613333,19.18433333,3235.78,490.19,24.70023333,58,25,154.94,137.16,139.7,73.66,154.94,414.02,701.04,april 13- april 19,SouthEast
Rohwer,2014,Armor AXC3114,259.6,106,255,114,16.295092,30.21613333,19.18433333,3235.78,490.19,24.70023333,58,25,154.94,137.16,139.7,73.66,154.94,414.02,701.04,april 13- april 19,SouthEast
Rohwer,2014,Dyna-Gro D52VC91,259.6,106,255,112,16.295092,30.21613333,19.18433333,3235.78,490.19,24.70023333,58,25,154.94,137.16,139.7,73.66,154.94,414.02,701.04,april 13- april 19,SouthEast
Rohwer,2014,DEKALB DKC 62-08 GENSS,259.5,106,255,112,16.288815,30.21613333,19.18433333,3235.78,490.19,24.70023333,58,25,154.94,137.16,139.7,73.66,154.94,414.02,701.04,april 13- april 19,SouthEast
Rohwer,2014,Golden Acres G4598,258.6,106,255,114,16.232322,30.21613333,19.18433333,3235.78,490.19,24.70023333,58,25,154.94,137.16,139.7,73.66,154.94,414.02,701.04,april 13- april 19,SouthEast
Rohwer,2014,Mycogen 2Y816,258.5,106,255,116,16.226045,30.21613333,19.18433333,3235.78,490.19,24.70023333,58,25,154.94,137.16,139.7,73.66,154.94,414.02,701.04,april 13- april 19,SouthEast
Rohwer,2014,Armor 1414,257.3,106,255,114,16.150721,30.21613333,19.18433333,3235.78,490.19,24.70023333,58,25,154.94,137.16,139.7,73.66,154.94,414.02,701.04,april 13- april 19,SouthEast
Rohwer,2014,AgriGold A6501VT2RIB,256.7,106,255,112,16.113059,30.21613333,19.18433333,3235.78,490.19,24.70023333,58,25,154.94,137.16,139.7,73.66,154.94,414.02,701.04,april 13- april 19,SouthEast
Rohwer,2014,Mycogen 2C797,256.1,106,255,113,16.075397,30.21613333,19.18433333,3235.78,490.19,24.70023333,58,25,154.94,137.16,139.7,73.66,154.94,414.02,701.04,april 13- april 19,SouthEast
Rohwer,2014,Dyna-Gro D54VP81,255.9,106,255,114,16.062843,30.21613333,19.18433333,3235.78,490.19,24.70023333,58,25,154.94,137.16,139.7,73.66,154.94,414.02,701.04,april 13- april 19,SouthEast
Rohwer,2014,Progeny PGY 5115VT2P,255.9,106,255,115,16.062843,30.21613333,19.18433333,3235.78,490.19,24.70023333,58,25,154.94,137.16,139.7,73.66,154.94,414.02,701.04,april 13- april 19,SouthEast
Rohwer,2014,Mycogen 2V777,255.4,106,255,113,16.031458,30.21613333,19.18433333,3235.78,490.19,24.70023333,58,25,154.94,137.16,139.7,73.66,154.94,414.02,701.04,april 13- april 19,SouthEast
Rohwer,2014,AgriGold A6659VT2RIB,255.3,106,255,116,16.025181,30.21613333,19.18433333,3235.78,490.19,24.70023333,58,25,154.94,137.16,139.7,73.66,154.94,414.02,701.04,april 13- april 19,SouthEast
Rohwer,2014,DEKALB DKC 64-69 GENVT3P,255.1,106,255,114,16.012627,30.21613333,19.18433333,3235.78,490.19,24.70023333,58,25,154.94,137.16,139.7,73.66,154.94,414.02,701.04,april 13- april 19,SouthEast
Rohwer,2014,Davis 3312VT2P,254,106,255,112,15.94358,30.21613333,19.18433333,3235.78,490.19,24.70023333,58,25,154.94,137.16,139.7,73.66,154.94,414.02,701.04,april 13- april 19,SouthEast
Rohwer,2014,MorCorn MC4354G-VT2PRIB,253.9,106,255,113,15.937303,30.21613333,19.18433333,3235.78,490.19,24.70023333,58,25,154.94,137.16,139.7,73.66,154.94,414.02,701.04,april 13- april 19,SouthEast
Rohwer,2014,DEKALB DKC 66-97 GENVT2P,253.7,106,255,116,15.924749,30.21613333,19.18433333,3235.78,490.19,24.70023333,58,25,154.94,137.16,139.7,73.66,154.94,414.02,701.04,april 13- april 19,SouthEast
Rohwer,2014,Mycogen 2V714,253.4,106,255,111,15.905918,30.21613333,19.18433333,3235.78,490.19,24.70023333,58,25,154.94,137.16,139.7,73.66,154.94,414.02,701.04,april 13- april 19,SouthEast
Rohwer,2014,Dyna-Gro D55VP77,252.9,106,255,115,15.874533,30.21613333,19.18433333,3235.78,490.19,24.70023333,58,25,154.94,137.16,139.7,73.66,154.94,414.02,701.04,april 13- april 19,SouthEast
Rohwer,2014,REV¨ 22BHR43ª,252.7,106,255,112,15.861979,30.21613333,19.18433333,3235.78,490.19,24.70023333,58,25,154.94,137.16,139.7,73.66,154.94,414.02,701.04,april 13- april 19,SouthEast
Rohwer,2014,BH 8700SS,251.2,106,255,115,15.767824,30.21613333,19.18433333,3235.78,490.19,24.70023333,58,25,154.94,137.16,139.7,73.66,154.94,414.02,701.04,april 13- april 19,SouthEast
Rohwer,2014,Progeny PGY EXP14SS,249.8,106,255,114,15.679946,30.21613333,19.18433333,3235.78,490.19,24.70023333,58,25,154.94,137.16,139.7,73.66,154.94,414.02,701.04,april 13- april 19,SouthEast
Rohwer,2014,Armor 1555PRO2,249.4,106,255,115,15.654838,30.21613333,19.18433333,3235.78,490.19,24.70023333,58,25,154.94,137.16,139.7,73.66,154.94,414.02,701.04,april 13- april 19,SouthEast
Rohwer,2014,Progeny PGY 4114VT2P,248.8,106,255,114,15.617176,30.21613333,19.18433333,3235.78,490.19,24.70023333,58,25,154.94,137.16,139.7,73.66,154.94,414.02,701.04,april 13- april 19,SouthEast
Rohwer,2014,REV¨ 18BHR84ª,248.4,106,255,108,15.592068,30.21613333,19.18433333,3235.78,490.19,24.70023333,58,25,154.94,137.16,139.7,73.66,154.94,414.02,701.04,april 13- april 19,SouthEast
Rohwer,2014,AgriGold A6573VT2RIB,246.6,106,255,112,15.479082,30.21613333,19.18433333,3235.78,490.19,24.70023333,58,25,154.94,137.16,139.7,73.66,154.94,414.02,701.04,april 13- april 19,SouthEast
Rohwer,2014,MorCorn XP-605G-S.Stax,245.5,106,255,113,15.410035,30.21613333,19.18433333,3235.78,490.19,24.70023333,58,25,154.94,137.16,139.7,73.66,154.94,414.02,701.04,april 13- april 19,SouthEast
Rohwer,2014,MorCorn MC4344G-VT2PRIB,245.3,106,255,113,15.397481,30.21613333,19.18433333,3235.78,490.19,24.70023333,58,25,154.94,137.16,139.7,73.66,154.94,414.02,701.04,april 13- april 19,SouthEast
Rohwer,2014,LG5618STXRIB,244,106,255,113,15.31588,30.21613333,19.18433333,3235.78,490.19,24.70023333,58,25,154.94,137.16,139.7,73.66,154.94,414.02,701.04,april 13- april 19,SouthEast
Rohwer,2014,Armor AXT3111,243.7,106,255,111,15.297049,30.21613333,19.18433333,3235.78,490.19,24.70023333,58,25,154.94,137.16,139.7,73.66,154.94,414.02,701.04,april 13- april 19,SouthEast
Rohwer,2014,Mycogen MYCX13751,240.6,106,255,112,15.102462,30.21613333,19.18433333,3235.78,490.19,24.70023333,58,25,154.94,137.16,139.7,73.66,154.94,414.02,701.04,april 13- april 19,SouthEast
Rohwer,2014,Armor 1314PRO2,238.8,106,255,113,14.989476,30.21613333,19.18433333,3235.78,490.19,24.70023333,58,25,154.94,137.16,139.7,73.66,154.94,414.02,701.04,april 13- april 19,SouthEast
Rohwer,2014,AgriGold A6559VT2RIB,238.3,106,255,113,14.958091,30.21613333,19.18433333,3235.78,490.19,24.70023333,58,25,154.94,137.16,139.7,73.66,154.94,414.02,701.04,april 13- april 19,SouthEast
Rohwer,2014,Augusta 5566GTCBLLC,238.2,106,255,116,14.951814,30.21613333,19.18433333,3235.78,490.19,24.70023333,58,25,154.94,137.16,139.7,73.66,154.94,414.02,701.04,april 13- april 19,SouthEast
Rohwer,2014,Armor 1616PRO3,237.8,106,255,116,14.926706,30.21613333,19.18433333,3235.78,490.19,24.70023333,58,25,154.94,137.16,139.7,73.66,154.94,414.02,701.04,april 13- april 19,SouthEast
Rohwer,2014,Armor AXT4116PRO3,237.5,106,255,116,14.907875,30.21613333,19.18433333,3235.78,490.19,24.70023333,58,25,154.94,137.16,139.7,73.66,154.94,414.02,701.04,april 13- april 19,SouthEast
Rohwer,2014,Dyna-Gro D56VC46,237.2,106,255,116,14.889044,30.21613333,19.18433333,3235.78,490.19,24.70023333,58,25,154.94,137.16,139.7,73.66,154.94,414.02,701.04,april 13- april 19,SouthEast
Rohwer,2014,BH 8650VTTP,236.3,106,255,115,14.832551,30.21613333,19.18433333,3235.78,490.19,24.70023333,58,25,154.94,137.16,139.7,73.66,154.94,414.02,701.04,april 13- april 19,SouthEast
Rohwer,2014,Hoegemeyer 8408 AM,233.5,106,255,114,14.656795,30.21613333,19.18433333,3235.78,490.19,24.70023333,58,25,154.94,137.16,139.7,73.66,154.94,414.02,701.04,april 13- april 19,SouthEast
Rohwer,2014,Armor 1330,232.8,106,255,113,14.612856,30.21613333,19.18433333,3235.78,490.19,24.70023333,58,25,154.94,137.16,139.7,73.66,154.94,414.02,701.04,april 13- april 19,SouthEast
Rohwer,2014,Armor 1550PRO2,232.6,106,255,115,14.600302,30.21613333,19.18433333,3235.78,490.19,24.70023333,58,25,154.94,137.16,139.7,73.66,154.94,414.02,701.04,april 13- april 19,SouthEast
Rohwer,2014,Augusta 6866GTCBLLC,232.1,106,255,116,14.568917,30.21613333,19.18433333,3235.78,490.19,24.70023333,58,25,154.94,137.16,139.7,73.66,154.94,414.02,701.04,april 13- april 19,SouthEast
Rohwer,2014,NK N79Z-3111 Brand,231.1,106,255,115,14.506147,30.21613333,19.18433333,3235.78,490.19,24.70023333,58,25,154.94,137.16,139.7,73.66,154.94,414.02,701.04,april 13- april 19,SouthEast
Rohwer,2014,Armor AXT4113,230.4,106,255,113,14.462208,30.21613333,19.18433333,3235.78,490.19,24.70023333,58,25,154.94,137.16,139.7,73.66,154.94,414.02,701.04,april 13- april 19,SouthEast
Rohwer,2014,Armor AXC2108,229.3,106,255,107,14.393161,30.21613333,19.18433333,3235.78,490.19,24.70023333,58,25,154.94,137.16,139.7,73.66,154.94,414.02,701.04,april 13- april 19,SouthEast
Rohwer,2014,MorCorn XP-606G-DGVT2P,226.6,106,255,116,14.223682,30.21613333,19.18433333,3235.78,490.19,24.70023333,58,25,154.94,137.16,139.7,73.66,154.94,414.02,701.04,april 13- april 19,SouthEast
Rohwer,2014,Armor 1262PRO2,223.9,106,255,112,14.054203,30.21613333,19.18433333,3235.78,490.19,24.70023333,58,25,154.94,137.16,139.7,73.66,154.94,414.02,701.04,april 13- april 19,SouthEast
Rohwer,2014,Augusta 5565VT2 PRO,222.9,106,255,115,13.991433,30.21613333,19.18433333,3235.78,490.19,24.70023333,58,25,154.94,137.16,139.7,73.66,154.94,414.02,701.04,april 13- april 19,SouthEast
Rohwer,2014,Armor 0700PRO2,220,106,255,107,13.8094,30.21613333,19.18433333,3235.78,490.19,24.70023333,58,25,154.94,137.16,139.7,73.66,154.94,414.02,701.04,april 13- april 19,SouthEast
Rohwer,2014,REV¨ 17HR73ª,211.9,106,255,107,13.300963,30.21613333,19.18433333,3235.78,490.19,24.70023333,58,25,154.94,137.16,139.7,73.66,154.94,414.02,701.04,april 13- april 19,SouthEast
Rohwer,2014,Pioneer P2089YHR,289.6,106,255,117,18.178192,30.21613333,19.18433333,3235.78,490.19,24.70023333,58,25,154.94,137.16,139.7,73.66,154.94,414.02,701.04,april 13- april 19,SouthEast
Rohwer,2014,MorCorn XP-609RR2,276.3,106,255,118,17.343351,30.21613333,19.18433333,3235.78,490.19,24.70023333,58,25,154.94,137.16,139.7,73.66,154.94,414.02,701.04,april 13- april 19,SouthEast
Rohwer,2014,Pioneer P1794VYHR,276.1,106,255,117,17.330797,30.21613333,19.18433333,3235.78,490.19,24.70023333,58,25,154.94,137.16,139.7,73.66,154.94,414.02,701.04,april 13- april 19,SouthEast
Rohwer,2014,Mycogen MYCX13809,267.6,106,255,118,16.797252,30.21613333,19.18433333,3235.78,490.19,24.70023333,58,25,154.94,137.16,139.7,73.66,154.94,414.02,701.04,april 13- april 19,SouthEast
Rohwer,2014,REV¨ 28HR20ª,267.2,106,255,118,16.772144,30.21613333,19.18433333,3235.78,490.19,24.70023333,58,25,154.94,137.16,139.7,73.66,154.94,414.02,701.04,april 13- april 19,SouthEast
Rohwer,2014,AgriGold A6687VT2PRO,264,106,255,117,16.57128,30.21613333,19.18433333,3235.78,490.19,24.70023333,58,25,154.94,137.16,139.7,73.66,154.94,414.02,701.04,april 13- april 19,SouthEast
Rohwer,2014,Croplan 8621VT2P,263.5,106,255,117,16.539895,30.21613333,19.18433333,3235.78,490.19,24.70023333,58,25,154.94,137.16,139.7,73.66,154.94,414.02,701.04,april 13- april 19,SouthEast
Rohwer,2014,Dyna-Gro D57VP51,263.2,106,255,117,16.521064,30.21613333,19.18433333,3235.78,490.19,24.70023333,58,25,154.94,137.16,139.7,73.66,154.94,414.02,701.04,april 13- april 19,SouthEast
Rohwer,2014,Mycogen MYCX13810,262.2,106,255,118,16.458294,30.21613333,19.18433333,3235.78,490.19,24.70023333,58,25,154.94,137.16,139.7,73.66,154.94,414.02,701.04,april 13- april 19,SouthEast
Rohwer,2014,MorCorn XP-608G-VT3P,261.7,106,255,118,16.426909,30.21613333,19.18433333,3235.78,490.19,24.70023333,58,25,154.94,137.16,139.7,73.66,154.94,414.02,701.04,april 13- april 19,SouthEast
Rohwer,2014,Delta Grow 2888GTCBLLBL,261.6,106,255,116,16.420632,30.21613333,19.18433333,3235.78,490.19,24.70023333,58,25,154.94,137.16,139.7,73.66,154.94,414.02,701.04,april 13- april 19,SouthEast
Rohwer,2014,Armor AXC3117A,260.6,106,255,117,16.357862,30.21613333,19.18433333,3235.78,490.19,24.70023333,58,25,154.94,137.16,139.7,73.66,154.94,414.02,701.04,april 13- april 19,SouthEast
Rohwer,2014,REV¨ 27HR83ª,260.4,106,255,117,16.345308,30.21613333,19.18433333,3235.78,490.19,24.70023333,58,25,154.94,137.16,139.7,73.66,154.94,414.02,701.04,april 13- april 19,SouthEast
Rohwer,2014,Pioneer P1739YHR,260.3,106,255,117,16.339031,30.21613333,19.18433333,3235.78,490.19,24.70023333,58,25,154.94,137.16,139.7,73.66,154.94,414.02,701.04,april 13- april 19,SouthEast
Rohwer,2014,Croplan 7927VT3P,260.2,106,255,117,16.332754,30.21613333,19.18433333,3235.78,490.19,24.70023333,58,25,154.94,137.16,139.7,73.66,154.94,414.02,701.04,april 13- april 19,SouthEast
Rohwer,2014,MorCorn XP-610G-VT2P,259.5,106,255,119,16.288815,30.21613333,19.18433333,3235.78,490.19,24.70023333,58,25,154.94,137.16,139.7,73.66,154.94,414.02,701.04,april 13- april 19,SouthEast
Rohwer,2014,Mycogen 2D848,259.3,106,255,117,16.276261,30.21613333,19.18433333,3235.78,490.19,24.70023333,58,25,154.94,137.16,139.7,73.66,154.94,414.02,701.04,april 13- april 19,SouthEast
Rohwer,2014,Dyna-Gro D57VP75,259,106,255,117,16.25743,30.21613333,19.18433333,3235.78,490.19,24.70023333,58,25,154.94,137.16,139.7,73.66,154.94,414.02,701.04,april 13- april 19,SouthEast
Rohwer,2014,Davis 3117VT3P,258.9,106,255,117,16.251153,30.21613333,19.18433333,3235.78,490.19,24.70023333,58,25,154.94,137.16,139.7,73.66,154.94,414.02,701.04,april 13- april 19,SouthEast
Rohwer,2014,Golden Acres 27V01,257,106,255,117,16.13189,30.21613333,19.18433333,3235.78,490.19,24.70023333,58,25,154.94,137.16,139.7,73.66,154.94,414.02,701.04,april 13- april 19,SouthEast
Rohwer,2014,REV¨ 28R10ª,256.3,106,255,118,16.087951,30.21613333,19.18433333,3235.78,490.19,24.70023333,58,25,154.94,137.16,139.7,73.66,154.94,414.02,701.04,april 13- april 19,SouthEast
Rohwer,2014,AgriGold A6719VT2PRO,254.2,106,255,118,15.956134,30.21613333,19.18433333,3235.78,490.19,24.70023333,58,25,154.94,137.16,139.7,73.66,154.94,414.02,701.04,april 13- april 19,SouthEast
Rohwer,2014,Delta Grow 3660GTCBLLBL,253.3,106,255,118,15.899641,30.21613333,19.18433333,3235.78,490.19,24.70023333,58,25,154.94,137.16,139.7,73.66,154.94,414.02,701.04,april 13- april 19,SouthEast
Rohwer,2014,NK N83D-3000GT Brand,253.1,106,255,118,15.887087,30.21613333,19.18433333,3235.78,490.19,24.70023333,58,25,154.94,137.16,139.7,73.66,154.94,414.02,701.04,april 13- april 19,SouthEast
Rohwer,2014,Augusta 7768GT3110,252.9,106,255,118,15.874533,30.21613333,19.18433333,3235.78,490.19,24.70023333,58,25,154.94,137.16,139.7,73.66,154.94,414.02,701.04,april 13- april 19,SouthEast
Rohwer,2014,DEKALB DKC 68-92 GENVT2P,252.2,106,255,118,15.830594,30.21613333,19.18433333,3235.78,490.19,24.70023333,58,25,154.94,137.16,139.7,73.66,154.94,414.02,701.04,april 13- april 19,SouthEast
Rohwer,2014,Golden Acres 7672,251.1,106,255,117,15.761547,30.21613333,19.18433333,3235.78,490.19,24.70023333,58,25,154.94,137.16,139.7,73.66,154.94,414.02,701.04,april 13- april 19,SouthEast
Rohwer,2014,Armor 1880PRO2,249.2,106,255,118,15.642284,30.21613333,19.18433333,3235.78,490.19,24.70023333,58,25,154.94,137.16,139.7,73.66,154.94,414.02,701.04,april 13- april 19,SouthEast
Rohwer,2014,Armor AXC4119PRO2,246.1,106,255,119,15.447697,30.21613333,19.18433333,3235.78,490.19,24.70023333,58,25,154.94,137.16,139.7,73.66,154.94,414.02,701.04,april 13- april 19,SouthEast
Rohwer,2014,LG5717VT2PRO,245.3,106,255,117,15.397481,30.21613333,19.18433333,3235.78,490.19,24.70023333,58,25,154.94,137.16,139.7,73.66,154.94,414.02,701.04,april 13- april 19,SouthEast
Rohwer,2014,Progeny PGY 4117VT3P,244,106,255,117,15.31588,30.21613333,19.18433333,3235.78,490.19,24.70023333,58,25,154.94,137.16,139.7,73.66,154.94,414.02,701.04,april 13- april 19,SouthEast
Rohwer,2014,MorCorn XP-607G-VT3P,243.5,106,255,117,15.284495,30.21613333,19.18433333,3235.78,490.19,24.70023333,58,25,154.94,137.16,139.7,73.66,154.94,414.02,701.04,april 13- april 19,SouthEast
Rohwer,2014,Mycogen 2H877,242.7,106,255,117,15.234279,30.21613333,19.18433333,3235.78,490.19,24.70023333,58,25,154.94,137.16,139.7,73.66,154.94,414.02,701.04,april 13- april 19,SouthEast
Rohwer,2014,DEKALB DKC 69-29 GENVT3P,235.6,106,255,119,14.788612,30.21613333,19.18433333,3235.78,490.19,24.70023333,58,25,154.94,137.16,139.7,73.66,154.94,414.02,701.04,april 13- april 19,SouthEast
Rohwer,2014,Armor AXC3117,234.9,106,255,117,14.744673,30.21613333,19.18433333,3235.78,490.19,24.70023333,58,25,154.94,137.16,139.7,73.66,154.94,414.02,701.04,april 13- april 19,SouthEast
Rohwer,2014,NK N79T-3111 Brand,231.9,106,255,117,14.556363,30.21613333,19.18433333,3235.78,490.19,24.70023333,58,25,154.94,137.16,139.7,73.66,154.94,414.02,701.04,april 13- april 19,SouthEast
Rohwer,2014,Augusta 7767VT2 PRO,230.9,106,255,117,14.493593,30.21613333,19.18433333,3235.78,490.19,24.70023333,58,25,154.94,137.16,139.7,73.66,154.94,414.02,701.04,april 13- april 19,SouthEast
Bellfarm,2014,REV¨ 24BHR93ª,268.5,112,251,114,16.853745,29.45321429,19.07521429,3012.35,482.09,24.26421429,37,15,121.92,205.74,220.98,60.96,53.34,18.288,680.72,april 20-april 26,CenterEast
Bellfarm,2014,BH 8732VTTP,259.8,112,251,116,16.307646,29.45321429,19.07521429,3012.35,482.09,24.26421429,37,15,121.92,205.74,220.98,60.96,53.34,18.288,680.72,april 20-april 26,CenterEast
Bellfarm,2014,MorCorn XP-604G-DGVT2P,259.7,112,251,113,16.301369,29.45321429,19.07521429,3012.35,482.09,24.26421429,37,15,121.92,205.74,220.98,60.96,53.34,18.288,680.72,april 20-april 26,CenterEast
Bellfarm,2014,REV¨ 22BHR43ª,255.5,112,251,112,16.037735,29.45321429,19.07521429,3012.35,482.09,24.26421429,37,15,121.92,205.74,220.98,60.96,53.34,18.288,680.72,april 20-april 26,CenterEast
Bellfarm,2014,BH 8735VT2P,255.2,112,251,116,16.018904,29.45321429,19.07521429,3012.35,482.09,24.26421429,37,15,121.92,205.74,220.98,60.96,53.34,18.288,680.72,april 20-april 26,CenterEast
Bellfarm,2014,REV¨ 23BHR55ª,253.3,112,251,113,15.899641,29.45321429,19.07521429,3012.35,482.09,24.26421429,37,15,121.92,205.74,220.98,60.96,53.34,18.288,680.72,april 20-april 26,CenterEast
Bellfarm,2014,Pioneer P1637VYHR,252.1,112,251,116,15.824317,29.45321429,19.07521429,3012.35,482.09,24.26421429,37,15,121.92,205.74,220.98,60.96,53.34,18.288,680.72,april 20-april 26,CenterEast
Bellfarm,2014,DEKALB DKC 66-97 GENVT2P,251.3,112,251,116,15.774101,29.45321429,19.07521429,3012.35,482.09,24.26421429,37,15,121.92,205.74,220.98,60.96,53.34,18.288,680.72,april 20-april 26,CenterEast
Bellfarm,2014,Dyna-Gro D55QC73,251.2,112,251,115,15.767824,29.45321429,19.07521429,3012.35,482.09,24.26421429,37,15,121.92,205.74,220.98,60.96,53.34,18.288,680.72,april 20-april 26,CenterEast
Bellfarm,2014,LG5701VT2RIB,247.3,112,251,116,15.523021,29.45321429,19.07521429,3012.35,482.09,24.26421429,37,15,121.92,205.74,220.98,60.96,53.34,18.288,680.72,april 20-april 26,CenterEast
Bellfarm,2014,Hoegemeyer 8652 AM,245.9,112,251,116,15.435143,29.45321429,19.07521429,3012.35,482.09,24.26421429,37,15,121.92,205.74,220.98,60.96,53.34,18.288,680.72,april 20-april 26,CenterEast
Bellfarm,2014,REV¨ 26BHR50ª,245.6,112,251,116,15.416312,29.45321429,19.07521429,3012.35,482.09,24.26421429,37,15,121.92,205.74,220.98,60.96,53.34,18.288,680.72,april 20-april 26,CenterEast
Bellfarm,2014,BH 8660VTTP,243.3,112,251,116,15.271941,29.45321429,19.07521429,3012.35,482.09,24.26421429,37,15,121.92,205.74,220.98,60.96,53.34,18.288,680.72,april 20-april 26,CenterEast
Bellfarm,2014,Davis 3312VT2P,238.3,112,251,112,14.958091,29.45321429,19.07521429,3012.35,482.09,24.26421429,37,15,121.92,205.74,220.98,60.96,53.34,18.288,680.72,april 20-april 26,CenterEast
Bellfarm,2014,Pioneer P1319HR,237.8,112,251,113,14.926706,29.45321429,19.07521429,3012.35,482.09,24.26421429,37,15,121.92,205.74,220.98,60.96,53.34,18.288,680.72,april 20-april 26,CenterEast
Bellfarm,2014,Golden Acres G4598,236.7,112,251,114,14.857659,29.45321429,19.07521429,3012.35,482.09,24.26421429,37,15,121.92,205.74,220.98,60.96,53.34,18.288,680.72,april 20-april 26,CenterEast
Bellfarm,2014,Armor 1330,232.8,112,251,113,14.612856,29.45321429,19.07521429,3012.35,482.09,24.26421429,37,15,121.92,205.74,220.98,60.96,53.34,18.288,680.72,april 20-april 26,CenterEast
Bellfarm,2014,DEKALB DKC 66-87 GENVT2P,232.6,112,251,116,14.600302,29.45321429,19.07521429,3012.35,482.09,24.26421429,37,15,121.92,205.74,220.98,60.96,53.34,18.288,680.72,april 20-april 26,CenterEast
Bellfarm,2014,Delta Grow 2863GTCBLLBL,232.1,112,251,115,14.568917,29.45321429,19.07521429,3012.35,482.09,24.26421429,37,15,121.92,205.74,220.98,60.96,53.34,18.288,680.72,april 20-april 26,CenterEast
Bellfarm,2014,Croplan 7087VT2P,231.5,112,251,114,14.531255,29.45321429,19.07521429,3012.35,482.09,24.26421429,37,15,121.92,205.74,220.98,60.96,53.34,18.288,680.72,april 20-april 26,CenterEast
Bellfarm,2014,Armor AXT4116PRO3,228.4,112,251,116,14.336668,29.45321429,19.07521429,3012.35,482.09,24.26421429,37,15,121.92,205.74,220.98,60.96,53.34,18.288,680.72,april 20-april 26,CenterEast
Bellfarm,2014,Armor AXT3111,227.1,112,251,111,14.255067,29.45321429,19.07521429,3012.35,482.09,24.26421429,37,15,121.92,205.74,220.98,60.96,53.34,18.288,680.72,april 20-april 26,CenterEast
Bellfarm,2014,NK N79Z-3111 Brand,226,112,251,115,14.18602,29.45321429,19.07521429,3012.35,482.09,24.26421429,37,15,121.92,205.74,220.98,60.96,53.34,18.288,680.72,april 20-april 26,CenterEast
Bellfarm,2014,DEKALB DKC 62-08 GENSS,225.3,112,251,112,14.142081,29.45321429,19.07521429,3012.35,482.09,24.26421429,37,15,121.92,205.74,220.98,60.96,53.34,18.288,680.72,april 20-april 26,CenterEast
Bellfarm,2014,Armor 1616PRO3,223.6,112,251,116,14.035372,29.45321429,19.07521429,3012.35,482.09,24.26421429,37,15,121.92,205.74,220.98,60.96,53.34,18.288,680.72,april 20-april 26,CenterEast
Bellfarm,2014,AgriGold A6559VT2RIB,220.2,112,251,113,13.821954,29.45321429,19.07521429,3012.35,482.09,24.26421429,37,15,121.92,205.74,220.98,60.96,53.34,18.288,680.72,april 20-april 26,CenterEast
Bellfarm,2014,Hoegemeyer 8408 AM,219.3,112,251,114,13.765461,29.45321429,19.07521429,3012.35,482.09,24.26421429,37,15,121.92,205.74,220.98,60.96,53.34,18.288,680.72,april 20-april 26,CenterEast
Bellfarm,2014,LG5638VT2PRO,219,112,251,114,13.74663,29.45321429,19.07521429,3012.35,482.09,24.26421429,37,15,121.92,205.74,220.98,60.96,53.34,18.288,680.72,april 20-april 26,CenterEast
Bellfarm,2014,REV¨ 18BHR84ª,218.6,112,251,108,13.721522,29.45321429,19.07521429,3012.35,482.09,24.26421429,37,15,121.92,205.74,220.98,60.96,53.34,18.288,680.72,april 20-april 26,CenterEast
Bellfarm,2014,Augusta 6866GTCBLLC,218.5,112,251,116,13.715245,29.45321429,19.07521429,3012.35,482.09,24.26421429,37,15,121.92,205.74,220.98,60.96,53.34,18.288,680.72,april 20-april 26,CenterEast
Bellfarm,2014,AgriGold A6499VT2RIB,218.3,112,251,112,13.702691,29.45321429,19.07521429,3012.35,482.09,24.26421429,37,15,121.92,205.74,220.98,60.96,53.34,18.288,680.72,april 20-april 26,CenterEast
Bellfarm,2014,NK N78S-3111 Brand,217.8,112,251,116,13.671306,29.45321429,19.07521429,3012.35,482.09,24.26421429,37,15,121.92,205.74,220.98,60.96,53.34,18.288,680.72,april 20-april 26,CenterEast
Bellfarm,2014,Dyna-Gro D55VP77,217.4,112,251,115,13.646198,29.45321429,19.07521429,3012.35,482.09,24.26421429,37,15,121.92,205.74,220.98,60.96,53.34,18.288,680.72,april 20-april 26,CenterEast
Bellfarm,2014,Golden Acres G6611,217.2,112,251,116,13.633644,29.45321429,19.07521429,3012.35,482.09,24.26421429,37,15,121.92,205.74,220.98,60.96,53.34,18.288,680.72,april 20-april 26,CenterEast
Bellfarm,2014,Armor 1414,217,112,251,114,13.62109,29.45321429,19.07521429,3012.35,482.09,24.26421429,37,15,121.92,205.74,220.98,60.96,53.34,18.288,680.72,april 20-april 26,CenterEast
Bellfarm,2014,MorCorn MC4354G-VT2PRIB,215.7,112,251,113,13.539489,29.45321429,19.07521429,3012.35,482.09,24.26421429,37,15,121.92,205.74,220.98,60.96,53.34,18.288,680.72,april 20-april 26,CenterEast
Bellfarm,2014,Progeny PGY 4114VT2P,213.8,112,251,114,13.420226,29.45321429,19.07521429,3012.35,482.09,24.26421429,37,15,121.92,205.74,220.98,60.96,53.34,18.288,680.72,april 20-april 26,CenterEast
Bellfarm,2014,Augusta 5566GTCBLLC,212.9,112,251,116,13.363733,29.45321429,19.07521429,3012.35,482.09,24.26421429,37,15,121.92,205.74,220.98,60.96,53.34,18.288,680.72,april 20-april 26,CenterEast
Bellfarm,2014,DEKALB DKC 64-69 GENVT3P,212.8,112,251,114,13.357456,29.45321429,19.07521429,3012.35,482.09,24.26421429,37,15,121.92,205.74,220.98,60.96,53.34,18.288,680.72,april 20-april 26,CenterEast
Bellfarm,2014,MorCorn MC4344G-VT2PRIB,212.5,112,251,113,13.338625,29.45321429,19.07521429,3012.35,482.09,24.26421429,37,15,121.92,205.74,220.98,60.96,53.34,18.288,680.72,april 20-april 26,CenterEast
Bellfarm,2014,Mycogen 2J794,211.7,112,251,115,13.288409,29.45321429,19.07521429,3012.35,482.09,24.26421429,37,15,121.92,205.74,220.98,60.96,53.34,18.288,680.72,april 20-april 26,CenterEast
Bellfarm,2014,AgriGold A6574STX,211.6,112,251,114,13.282132,29.45321429,19.07521429,3012.35,482.09,24.26421429,37,15,121.92,205.74,220.98,60.96,53.34,18.288,680.72,april 20-april 26,CenterEast
Bellfarm,2014,AgriGold A6659VT2RIB,211.6,112,251,116,13.282132,29.45321429,19.07521429,3012.35,482.09,24.26421429,37,15,121.92,205.74,220.98,60.96,53.34,18.288,680.72,april 20-april 26,CenterEast
Bellfarm,2014,Armor AXC3114,211.2,112,251,114,13.257024,29.45321429,19.07521429,3012.35,482.09,24.26421429,37,15,121.92,205.74,220.98,60.96,53.34,18.288,680.72,april 20-april 26,CenterEast
Bellfarm,2014,REV¨ 25BHR44ª,211,112,251,115,13.24447,29.45321429,19.07521429,3012.35,482.09,24.26421429,37,15,121.92,205.74,220.98,60.96,53.34,18.288,680.72,april 20-april 26,CenterEast
Bellfarm,2014,Mycogen 2Y744,210.7,112,251,113,13.225639,29.45321429,19.07521429,3012.35,482.09,24.26421429,37,15,121.92,205.74,220.98,60.96,53.34,18.288,680.72,april 20-april 26,CenterEast
Bellfarm,2014,Dyna-Gro D56VC46,210.4,112,251,116,13.206808,29.45321429,19.07521429,3012.35,482.09,24.26421429,37,15,121.92,205.74,220.98,60.96,53.34,18.288,680.72,april 20-april 26,CenterEast
Bellfarm,2014,LG5618STXRIB,209.8,112,251,113,13.169146,29.45321429,19.07521429,3012.35,482.09,24.26421429,37,15,121.92,205.74,220.98,60.96,53.34,18.288,680.72,april 20-april 26,CenterEast
Bellfarm,2014,Golden Acres 26V21,209.6,112,251,115,13.156592,29.45321429,19.07521429,3012.35,482.09,24.26421429,37,15,121.92,205.74,220.98,60.96,53.34,18.288,680.72,april 20-april 26,CenterEast
Bellfarm,2014,Mycogen 2C797,208.6,112,251,113,13.093822,29.45321429,19.07521429,3012.35,482.09,24.26421429,37,15,121.92,205.74,220.98,60.96,53.34,18.288,680.72,april 20-april 26,CenterEast
Bellfarm,2014,Progeny PGY 4115VT2P,208.6,112,251,115,13.093822,29.45321429,19.07521429,3012.35,482.09,24.26421429,37,15,121.92,205.74,220.98,60.96,53.34,18.288,680.72,april 20-april 26,CenterEast
Bellfarm,2014,MorCorn XP-605G-S.Stax,208.5,112,251,113,13.087545,29.45321429,19.07521429,3012.35,482.09,24.26421429,37,15,121.92,205.74,220.98,60.96,53.34,18.288,680.72,april 20-april 26,CenterEast
Bellfarm,2014,BH 8650VTTP,208.4,112,251,115,13.081268,29.45321429,19.07521429,3012.35,482.09,24.26421429,37,15,121.92,205.74,220.98,60.96,53.34,18.288,680.72,april 20-april 26,CenterEast
Bellfarm,2014,MorCorn XP-606G-DGVT2P,206.4,112,251,116,12.955728,29.45321429,19.07521429,3012.35,482.09,24.26421429,37,15,121.92,205.74,220.98,60.96,53.34,18.288,680.72,april 20-april 26,CenterEast
Bellfarm,2014,Armor 1262PRO2,206,112,251,112,12.93062,29.45321429,19.07521429,3012.35,482.09,24.26421429,37,15,121.92,205.74,220.98,60.96,53.34,18.288,680.72,april 20-april 26,CenterEast
Bellfarm,2014,AgriGold A6517VT3PRIB,205,112,251,113,12.86785,29.45321429,19.07521429,3012.35,482.09,24.26421429,37,15,121.92,205.74,220.98,60.96,53.34,18.288,680.72,april 20-april 26,CenterEast
Bellfarm,2014,Golden Acres G5531,202.1,112,251,115,12.685817,29.45321429,19.07521429,3012.35,482.09,24.26421429,37,15,121.92,205.74,220.98,60.96,53.34,18.288,680.72,april 20-april 26,CenterEast
Bellfarm,2014,Armor AXT4113,200.6,112,251,113,12.591662,29.45321429,19.07521429,3012.35,482.09,24.26421429,37,15,121.92,205.74,220.98,60.96,53.34,18.288,680.72,april 20-april 26,CenterEast
Bellfarm,2014,Mycogen 2V777,200.4,112,251,113,12.579108,29.45321429,19.07521429,3012.35,482.09,24.26421429,37,15,121.92,205.74,220.98,60.96,53.34,18.288,680.72,april 20-april 26,CenterEast
Bellfarm,2014,Progeny PGY EXP14SS,200.1,112,251,114,12.560277,29.45321429,19.07521429,3012.35,482.09,24.26421429,37,15,121.92,205.74,220.98,60.96,53.34,18.288,680.72,april 20-april 26,CenterEast
Bellfarm,2014,Dyna-Gro D52VC91,198.8,112,251,112,12.478676,29.45321429,19.07521429,3012.35,482.09,24.26421429,37,15,121.92,205.74,220.98,60.96,53.34,18.288,680.72,april 20-april 26,CenterEast
Bellfarm,2014,BH 8700SS,198.2,112,251,115,12.441014,29.45321429,19.07521429,3012.35,482.09,24.26421429,37,15,121.92,205.74,220.98,60.96,53.34,18.288,680.72,april 20-april 26,CenterEast
Bellfarm,2014,Progeny PGY 5115VT2P,198.1,112,251,115,12.434737,29.45321429,19.07521429,3012.35,482.09,24.26421429,37,15,121.92,205.74,220.98,60.96,53.34,18.288,680.72,april 20-april 26,CenterEast
Bellfarm,2014,Armor AXC2108,196.9,112,251,107,12.359413,29.45321429,19.07521429,3012.35,482.09,24.26421429,37,15,121.92,205.74,220.98,60.96,53.34,18.288,680.72,april 20-april 26,CenterEast
Bellfarm,2014,Augusta 5565VT2 PRO,195.6,112,251,115,12.277812,29.45321429,19.07521429,3012.35,482.09,24.26421429,37,15,121.92,205.74,220.98,60.96,53.34,18.288,680.72,april 20-april 26,CenterEast
Bellfarm,2014,Mycogen 2C786,195.5,112,251,114,12.271535,29.45321429,19.07521429,3012.35,482.09,24.26421429,37,15,121.92,205.74,220.98,60.96,53.34,18.288,680.72,april 20-april 26,CenterEast
Bellfarm,2014,Dyna-Gro D54VP81,194.3,112,251,114,12.196211,29.45321429,19.07521429,3012.35,482.09,24.26421429,37,15,121.92,205.74,220.98,60.96,53.34,18.288,680.72,april 20-april 26,CenterEast
Bellfarm,2014,Croplan 6640VT3P,194.1,112,251,113,12.183657,29.45321429,19.07521429,3012.35,482.09,24.26421429,37,15,121.92,205.74,220.98,60.96,53.34,18.288,680.72,april 20-april 26,CenterEast
Bellfarm,2014,Armor 1555PRO2,193.3,112,251,115,12.133441,29.45321429,19.07521429,3012.35,482.09,24.26421429,37,15,121.92,205.74,220.98,60.96,53.34,18.288,680.72,april 20-april 26,CenterEast
Bellfarm,2014,AgriGold A6501VT2RIB,191.9,112,251,112,12.045563,29.45321429,19.07521429,3012.35,482.09,24.26421429,37,15,121.92,205.74,220.98,60.96,53.34,18.288,680.72,april 20-april 26,CenterEast
Bellfarm,2014,Armor 1314PRO2,187.2,112,251,113,11.750544,29.45321429,19.07521429,3012.35,482.09,24.26421429,37,15,121.92,205.74,220.98,60.96,53.34,18.288,680.72,april 20-april 26,CenterEast
Bellfarm,2014,REV¨ 17HR73ª,186.6,112,251,107,11.712882,29.45321429,19.07521429,3012.35,482.09,24.26421429,37,15,121.92,205.74,220.98,60.96,53.34,18.288,680.72,april 20-april 26,CenterEast
Bellfarm,2014,Mycogen 2Y816,186.4,112,251,116,11.700328,29.45321429,19.07521429,3012.35,482.09,24.26421429,37,15,121.92,205.74,220.98,60.96,53.34,18.288,680.72,april 20-april 26,CenterEast
Bellfarm,2014,Armor 1550PRO2,186.2,112,251,115,11.687774,29.45321429,19.07521429,3012.35,482.09,24.26421429,37,15,121.92,205.74,220.98,60.96,53.34,18.288,680.72,april 20-april 26,CenterEast
Bellfarm,2014,Mycogen MYCX13751,182.1,112,251,112,11.430417,29.45321429,19.07521429,3012.35,482.09,24.26421429,37,15,121.92,205.74,220.98,60.96,53.34,18.288,680.72,april 20-april 26,CenterEast
Bellfarm,2014,AgriGold A6573VT2RIB,178.8,112,251,112,11.223276,29.45321429,19.07521429,3012.35,482.09,24.26421429,37,15,121.92,205.74,220.98,60.96,53.34,18.288,680.72,april 20-april 26,CenterEast
Bellfarm,2014,Armor 0700PRO2,175.2,112,251,107,10.997304,29.45321429,19.07521429,3012.35,482.09,24.26421429,37,15,121.92,205.74,220.98,60.96,53.34,18.288,680.72,april 20-april 26,CenterEast
Bellfarm,2014,Mycogen 2V714,168.8,112,251,111,10.595576,29.45321429,19.07521429,3012.35,482.09,24.26421429,37,15,121.92,205.74,220.98,60.96,53.34,18.288,680.72,april 20-april 26,CenterEast
Bellfarm,2014,Davis 3117VT3P,253.9,112,251,117,15.937303,29.45321429,19.07521429,3012.35,482.09,24.26421429,37,15,121.92,205.74,220.98,60.96,53.34,18.288,680.72,april 20-april 26,CenterEast
Bellfarm,2014,Delta Grow 2888GTCBLLBL,241.1,112,251,116,15.133847,29.45321429,19.07521429,3012.35,482.09,24.26421429,37,15,121.92,205.74,220.98,60.96,53.34,18.288,680.72,april 20-april 26,CenterEast
Bellfarm,2014,REV¨ 28R10ª,232,112,251,118,14.56264,29.45321429,19.07521429,3012.35,482.09,24.26421429,37,15,121.92,205.74,220.98,60.96,53.34,18.288,680.72,april 20-april 26,CenterEast
Bellfarm,2014,Pioneer P1739YHR,231.2,112,251,117,14.512424,29.45321429,19.07521429,3012.35,482.09,24.26421429,37,15,121.92,205.74,220.98,60.96,53.34,18.288,680.72,april 20-april 26,CenterEast
Bellfarm,2014,Pioneer P1794VYHR,230.9,112,251,117,14.493593,29.45321429,19.07521429,3012.35,482.09,24.26421429,37,15,121.92,205.74,220.98,60.96,53.34,18.288,680.72,april 20-april 26,CenterEast
Bellfarm,2014,REV¨ 28HR20ª,229.6,112,251,118,14.411992,29.45321429,19.07521429,3012.35,482.09,24.26421429,37,15,121.92,205.74,220.98,60.96,53.34,18.288,680.72,april 20-april 26,CenterEast
Bellfarm,2014,Croplan 7927VT3P,228.7,112,251,117,14.355499,29.45321429,19.07521429,3012.35,482.09,24.26421429,37,15,121.92,205.74,220.98,60.96,53.34,18.288,680.72,april 20-april 26,CenterEast
Bellfarm,2014,MorCorn XP-609RR2,226.2,112,251,118,14.198574,29.45321429,19.07521429,3012.35,482.09,24.26421429,37,15,121.92,205.74,220.98,60.96,53.34,18.288,680.72,april 20-april 26,CenterEast
Bellfarm,2014,REV¨ 27HR83ª,221.8,112,251,117,13.922386,29.45321429,19.07521429,3012.35,482.09,24.26421429,37,15,121.92,205.74,220.98,60.96,53.34,18.288,680.72,april 20-april 26,CenterEast
Bellfarm,2014,Armor 1880PRO2,221.4,112,251,118,13.897278,29.45321429,19.07521429,3012.35,482.09,24.26421429,37,15,121.92,205.74,220.98,60.96,53.34,18.288,680.72,april 20-april 26,CenterEast
Bellfarm,2014,Pioneer P2089YHR,221,112,251,117,13.87217,29.45321429,19.07521429,3012.35,482.09,24.26421429,37,15,121.92,205.74,220.98,60.96,53.34,18.288,680.72,april 20-april 26,CenterEast
Bellfarm,2014,AgriGold A6719VT2PRO,220.9,112,251,118,13.865893,29.45321429,19.07521429,3012.35,482.09,24.26421429,37,15,121.92,205.74,220.98,60.96,53.34,18.288,680.72,april 20-april 26,CenterEast
Bellfarm,2014,Augusta 7768GT3110,219.6,112,251,118,13.784292,29.45321429,19.07521429,3012.35,482.09,24.26421429,37,15,121.92,205.74,220.98,60.96,53.34,18.288,680.72,april 20-april 26,CenterEast
Bellfarm,2014,Dyna-Gro D57VP75,219.5,112,251,117,13.778015,29.45321429,19.07521429,3012.35,482.09,24.26421429,37,15,121.92,205.74,220.98,60.96,53.34,18.288,680.72,april 20-april 26,CenterEast
Bellfarm,2014,MorCorn XP-608G-VT3P,217.6,112,251,118,13.658752,29.45321429,19.07521429,3012.35,482.09,24.26421429,37,15,121.92,205.74,220.98,60.96,53.34,18.288,680.72,april 20-april 26,CenterEast
Bellfarm,2014,Augusta 7767VT2 PRO,212.8,112,251,117,13.357456,29.45321429,19.07521429,3012.35,482.09,24.26421429,37,15,121.92,205.74,220.98,60.96,53.34,18.288,680.72,april 20-april 26,CenterEast
Bellfarm,2014,Armor AXC3117A,212.4,112,251,117,13.332348,29.45321429,19.07521429,3012.35,482.09,24.26421429,37,15,121.92,205.74,220.98,60.96,53.34,18.288,680.72,april 20-april 26,CenterEast
Bellfarm,2014,AgriGold A6687VT2PRO,211.7,112,251,117,13.288409,29.45321429,19.07521429,3012.35,482.09,24.26421429,37,15,121.92,205.74,220.98,60.96,53.34,18.288,680.72,april 20-april 26,CenterEast
Bellfarm,2014,MorCorn XP-610G-VT2P,208.1,112,251,119,13.062437,29.45321429,19.07521429,3012.35,482.09,24.26421429,37,15,121.92,205.74,220.98,60.96,53.34,18.288,680.72,april 20-april 26,CenterEast
Bellfarm,2014,Mycogen 2D848,204.3,112,251,117,12.823911,29.45321429,19.07521429,3012.35,482.09,24.26421429,37,15,121.92,205.74,220.98,60.96,53.34,18.288,680.72,april 20-april 26,CenterEast
Bellfarm,2014,LG5717VT2PRO,204.2,112,251,117,12.817634,29.45321429,19.07521429,3012.35,482.09,24.26421429,37,15,121.92,205.74,220.98,60.96,53.34,18.288,680.72,april 20-april 26,CenterEast
Bellfarm,2014,Dyna-Gro D57VP51,204.1,112,251,117,12.811357,29.45321429,19.07521429,3012.35,482.09,24.26421429,37,15,121.92,205.74,220.98,60.96,53.34,18.288,680.72,april 20-april 26,CenterEast
Bellfarm,2014,Croplan 8621VT2P,201.1,112,251,117,12.623047,29.45321429,19.07521429,3012.35,482.09,24.26421429,37,15,121.92,205.74,220.98,60.96,53.34,18.288,680.72,april 20-april 26,CenterEast
Bellfarm,2014,NK N83D-3000GT Brand,200.7,112,251,118,12.597939,29.45321429,19.07521429,3012.35,482.09,24.26421429,37,15,121.92,205.74,220.98,60.96,53.34,18.288,680.72,april 20-april 26,CenterEast
Bellfarm,2014,DEKALB DKC 69-29 GENVT3P,200.2,112,251,119,12.566554,29.45321429,19.07521429,3012.35,482.09,24.26421429,37,15,121.92,205.74,220.98,60.96,53.34,18.288,680.72,april 20-april 26,CenterEast
Bellfarm,2014,DEKALB DKC 68-92 GENVT2P,198,112,251,118,12.42846,29.45321429,19.07521429,3012.35,482.09,24.26421429,37,15,121.92,205.74,220.98,60.96,53.34,18.288,680.72,april 20-april 26,CenterEast
Bellfarm,2014,MorCorn XP-607G-VT3P,197.6,112,251,117,12.403352,29.45321429,19.07521429,3012.35,482.09,24.26421429,37,15,121.92,205.74,220.98,60.96,53.34,18.288,680.72,april 20-april 26,CenterEast
Bellfarm,2014,Progeny PGY 4117VT3P,197.4,112,251,117,12.390798,29.45321429,19.07521429,3012.35,482.09,24.26421429,37,15,121.92,205.74,220.98,60.96,53.34,18.288,680.72,april 20-april 26,CenterEast
Bellfarm,2014,NK N79T-3111 Brand,192.5,112,251,117,12.083225,29.45321429,19.07521429,3012.35,482.09,24.26421429,37,15,121.92,205.74,220.98,60.96,53.34,18.288,680.72,april 20-april 26,CenterEast
Bellfarm,2014,Mycogen MYCX13809,189.9,112,251,118,11.920023,29.45321429,19.07521429,3012.35,482.09,24.26421429,37,15,121.92,205.74,220.98,60.96,53.34,18.288,680.72,april 20-april 26,CenterEast
Bellfarm,2014,Armor AXC3117,189.2,112,251,117,11.876084,29.45321429,19.07521429,3012.35,482.09,24.26421429,37,15,121.92,205.74,220.98,60.96,53.34,18.288,680.72,april 20-april 26,CenterEast
Bellfarm,2014,Mycogen MYCX13810,187.5,112,251,118,11.769375,29.45321429,19.07521429,3012.35,482.09,24.26421429,37,15,121.92,205.74,220.98,60.96,53.34,18.288,680.72,april 20-april 26,CenterEast
Bellfarm,2014,Mycogen 2H877,186.7,112,251,117,11.719159,29.45321429,19.07521429,3012.35,482.09,24.26421429,37,15,121.92,205.74,220.98,60.96,53.34,18.288,680.72,april 20-april 26,CenterEast
Bellfarm,2014,Armor AXC4119PRO2,185,112,251,119,11.61245,29.45321429,19.07521429,3012.35,482.09,24.26421429,37,15,121.92,205.74,220.98,60.96,53.34,18.288,680.72,april 20-april 26,CenterEast
Bellfarm,2014,Golden Acres 7672,184.4,112,251,117,11.574788,29.45321429,19.07521429,3012.35,482.09,24.26421429,37,15,121.92,205.74,220.98,60.96,53.34,18.288,680.72,april 20-april 26,CenterEast
Bellfarm,2014,Delta Grow 3660GTCBLLBL,182.8,112,251,118,11.474356,29.45321429,19.07521429,3012.35,482.09,24.26421429,37,15,121.92,205.74,220.98,60.96,53.34,18.288,680.72,april 20-april 26,CenterEast
Bellfarm,2014,Golden Acres 27V01,172.7,112,251,117,10.840379,29.45321429,19.07521429,3012.35,482.09,24.26421429,37,15,121.92,205.74,220.98,60.96,53.34,18.288,680.72,april 20-april 26,CenterEast
Keiser,2015,MorCorn MCXP-1510,241.6,120,266,116,15.165232,30.68013605,19.96680272,3213.11,458.31,25.32346939,60,21,127,231.14,83.82,99.06,185.42,14.478,741.68,april 27- may 3,NorthEast
Keiser,2015,Golden Acres G6611,238.9,120,266,116,14.995753,30.68013605,19.96680272,3213.11,458.31,25.32346939,60,21,127,231.14,83.82,99.06,185.42,14.478,741.68,april 27- may 3,NorthEast
Keiser,2015,Augusta A7767,235.8,120,266,116,14.801166,30.68013605,19.96680272,3213.11,458.31,25.32346939,60,21,127,231.14,83.82,99.06,185.42,14.478,741.68,april 27- may 3,NorthEast
Keiser,2015,Augusta A6465,235.7,120,266,115,14.794889,30.68013605,19.96680272,3213.11,458.31,25.32346939,60,21,127,231.14,83.82,99.06,185.42,14.478,741.68,april 27- may 3,NorthEast
Keiser,2015,Armor A1621PRO,232.6,120,266,116,14.600302,30.68013605,19.96680272,3213.11,458.31,25.32346939,60,21,127,231.14,83.82,99.06,185.42,14.478,741.68,april 27- may 3,NorthEast
Keiser,2015,Dyna-Gro D54DC94,230.5,120,266,114,14.468485,30.68013605,19.96680272,3213.11,458.31,25.32346939,60,21,127,231.14,83.82,99.06,185.42,14.478,741.68,april 27- may 3,NorthEast
Keiser,2015,Mycogen 2C786,229.1,120,266,114,14.380607,30.68013605,19.96680272,3213.11,458.31,25.32346939,60,21,127,231.14,83.82,99.06,185.42,14.478,741.68,april 27- may 3,NorthEast
Keiser,2015,DEKALB DKC 66-87 GENVT2P,228.7,120,266,116,14.355499,30.68013605,19.96680272,3213.11,458.31,25.32346939,60,21,127,231.14,83.82,99.06,185.42,14.478,741.68,april 27- may 3,NorthEast
Keiser,2015,MorCorn MC4354,228.6,120,266,113,14.349222,30.68013605,19.96680272,3213.11,458.31,25.32346939,60,21,127,231.14,83.82,99.06,185.42,14.478,741.68,april 27- may 3,NorthEast
Keiser,2015,MorCorn MC4319,227.8,120,266,113,14.299006,30.68013605,19.96680272,3213.11,458.31,25.32346939,60,21,127,231.14,83.82,99.06,185.42,14.478,741.68,april 27- may 3,NorthEast
Keiser,2015,BH 8688DG2P,227.7,120,266,114,14.292729,30.68013605,19.96680272,3213.11,458.31,25.32346939,60,21,127,231.14,83.82,99.06,185.42,14.478,741.68,april 27- may 3,NorthEast
Keiser,2015,BH 8660VTTP,227.5,120,266,116,14.280175,30.68013605,19.96680272,3213.11,458.31,25.32346939,60,21,127,231.14,83.82,99.06,185.42,14.478,741.68,april 27- may 3,NorthEast
Keiser,2015,Progeny EXP16VT2P,227.2,120,266,116,14.261344,30.68013605,19.96680272,3213.11,458.31,25.32346939,60,21,127,231.14,83.82,99.06,185.42,14.478,741.68,april 27- may 3,NorthEast
Keiser,2015,BH 8732VTTP,225.4,120,266,116,14.148358,30.68013605,19.96680272,3213.11,458.31,25.32346939,60,21,127,231.14,83.82,99.06,185.42,14.478,741.68,april 27- may 3,NorthEast
Keiser,2015,Croplan 6640VT3P,223.9,120,266,113,14.054203,30.68013605,19.96680272,3213.11,458.31,25.32346939,60,21,127,231.14,83.82,99.06,185.42,14.478,741.68,april 27- may 3,NorthEast
Keiser,2015,Pioneer P1311YHR,223.7,120,266,113,14.041649,30.68013605,19.96680272,3213.11,458.31,25.32346939,60,21,127,231.14,83.82,99.06,185.42,14.478,741.68,april 27- may 3,NorthEast
Keiser,2015,AgriGold A6579STX,223.6,120,266,114,14.035372,30.68013605,19.96680272,3213.11,458.31,25.32346939,60,21,127,231.14,83.82,99.06,185.42,14.478,741.68,april 27- may 3,NorthEast
Keiser,2015,Pioneer P1637VYHR,223,120,266,116,13.99771,30.68013605,19.96680272,3213.11,458.31,25.32346939,60,21,127,231.14,83.82,99.06,185.42,14.478,741.68,april 27- may 3,NorthEast
Keiser,2015,BH 8735VTTP,222.8,120,266,116,13.985156,30.68013605,19.96680272,3213.11,458.31,25.32346939,60,21,127,231.14,83.82,99.06,185.42,14.478,741.68,april 27- may 3,NorthEast
Keiser,2015,REV¨ 25BHR26ª,222.8,120,266,115,13.985156,30.68013605,19.96680272,3213.11,458.31,25.32346939,60,21,127,231.14,83.82,99.06,185.42,14.478,741.68,april 27- may 3,NorthEast
Keiser,2015,AgriGold A6659VT2RIB,222.2,120,266,116,13.947494,30.68013605,19.96680272,3213.11,458.31,25.32346939,60,21,127,231.14,83.82,99.06,185.42,14.478,741.68,april 27- may 3,NorthEast
Keiser,2015,MorCorn MC4377,221.1,120,266,113,13.878447,30.68013605,19.96680272,3213.11,458.31,25.32346939,60,21,127,231.14,83.82,99.06,185.42,14.478,741.68,april 27- may 3,NorthEast
Keiser,2015,NK N78S-3111,217.4,120,266,116,13.646198,30.68013605,19.96680272,3213.11,458.31,25.32346939,60,21,127,231.14,83.82,99.06,185.42,14.478,741.68,april 27- may 3,NorthEast
Keiser,2015,LG Seeds LG5638VT2RIB,216.6,120,266,114,13.595982,30.68013605,19.96680272,3213.11,458.31,25.32346939,60,21,127,231.14,83.82,99.06,185.42,14.478,741.68,april 27- may 3,NorthEast
Keiser,2015,Dyna-Gro D55VP77,216.2,120,266,115,13.570874,30.68013605,19.96680272,3213.11,458.31,25.32346939,60,21,127,231.14,83.82,99.06,185.42,14.478,741.68,april 27- may 3,NorthEast
Keiser,2015,Dyna-Gro D56VC46,215.4,120,266,116,13.520658,30.68013605,19.96680272,3213.11,458.31,25.32346939,60,21,127,231.14,83.82,99.06,185.42,14.478,741.68,april 27- may 3,NorthEast
Keiser,2015,Armor A1414PDG,215.3,120,266,114,13.514381,30.68013605,19.96680272,3213.11,458.31,25.32346939,60,21,127,231.14,83.82,99.06,185.42,14.478,741.68,april 27- may 3,NorthEast
Keiser,2015,Progeny PGY 4115VT2P,215.3,120,266,115,13.514381,30.68013605,19.96680272,3213.11,458.31,25.32346939,60,21,127,231.14,83.82,99.06,185.42,14.478,741.68,april 27- may 3,NorthEast
Keiser,2015,REV¨ 23BHR55ª,214.6,120,266,113,13.470442,30.68013605,19.96680272,3213.11,458.31,25.32346939,60,21,127,231.14,83.82,99.06,185.42,14.478,741.68,april 27- may 3,NorthEast
Keiser,2015,Mycogen X13726VH,212.8,120,266,115,13.357456,30.68013605,19.96680272,3213.11,458.31,25.32346939,60,21,127,231.14,83.82,99.06,185.42,14.478,741.68,april 27- may 3,NorthEast
Keiser,2015,Armor AXC5112,211.2,120,266,112,13.257024,30.68013605,19.96680272,3213.11,458.31,25.32346939,60,21,127,231.14,83.82,99.06,185.42,14.478,741.68,april 27- may 3,NorthEast
Keiser,2015,NK N79Z-3111,211.2,120,266,115,13.257024,30.68013605,19.96680272,3213.11,458.31,25.32346939,60,21,127,231.14,83.82,99.06,185.42,14.478,741.68,april 27- may 3,NorthEast
Keiser,2015,Golden Acres 26V21,211.1,120,266,115,13.250747,30.68013605,19.96680272,3213.11,458.31,25.32346939,60,21,127,231.14,83.82,99.06,185.42,14.478,741.68,april 27- may 3,NorthEast
Keiser,2015,Mycogen 2C797,210.2,120,266,113,13.194254,30.68013605,19.96680272,3213.11,458.31,25.32346939,60,21,127,231.14,83.82,99.06,185.42,14.478,741.68,april 27- may 3,NorthEast
Keiser,2015,Progeny PGY 5115VT2P,210.1,120,266,115,13.187977,30.68013605,19.96680272,3213.11,458.31,25.32346939,60,21,127,231.14,83.82,99.06,185.42,14.478,741.68,april 27- may 3,NorthEast
Keiser,2015,LG Seeds LG5618STXRIB,209.2,120,266,113,13.131484,30.68013605,19.96680272,3213.11,458.31,25.32346939,60,21,127,231.14,83.82,99.06,185.42,14.478,741.68,april 27- may 3,NorthEast
Keiser,2015,Dyna-Gro D54VP81,207.1,120,266,114,12.999667,30.68013605,19.96680272,3213.11,458.31,25.32346939,60,21,127,231.14,83.82,99.06,185.42,14.478,741.68,april 27- may 3,NorthEast
Keiser,2015,AgriGold A6501VT2RIB,207.1,120,266,112,12.999667,30.68013605,19.96680272,3213.11,458.31,25.32346939,60,21,127,231.14,83.82,99.06,185.42,14.478,741.68,april 27- may 3,NorthEast
Keiser,2015,DEKALB DKC 62-08 GENSS,206.7,120,266,112,12.974559,30.68013605,19.96680272,3213.11,458.31,25.32346939,60,21,127,231.14,83.82,99.06,185.42,14.478,741.68,april 27- may 3,NorthEast
Keiser,2015,AgriGold A6573VT2RIB,206.6,120,266,112,12.968282,30.68013605,19.96680272,3213.11,458.31,25.32346939,60,21,127,231.14,83.82,99.06,185.42,14.478,741.68,april 27- may 3,NorthEast
Keiser,2015,AgriGold A6559VT2RIB,206.1,120,266,113,12.936897,30.68013605,19.96680272,3213.11,458.31,25.32346939,60,21,127,231.14,83.82,99.06,185.42,14.478,741.68,april 27- may 3,NorthEast
Keiser,2015,AgriGold A6499VT2RIB,204.8,120,266,112,12.855296,30.68013605,19.96680272,3213.11,458.31,25.32346939,60,21,127,231.14,83.82,99.06,185.42,14.478,741.68,april 27- may 3,NorthEast
Keiser,2015,Armor A1033PRO,204.2,120,266,103,12.817634,30.68013605,19.96680272,3213.11,458.31,25.32346939,60,21,127,231.14,83.82,99.06,185.42,14.478,741.68,april 27- may 3,NorthEast
Keiser,2015,REV¨ 24BHR93ª,203.3,120,266,114,12.761141,30.68013605,19.96680272,3213.11,458.31,25.32346939,60,21,127,231.14,83.82,99.06,185.42,14.478,741.68,april 27- may 3,NorthEast
Keiser,2015,LG Seeds LG5663VT2PRO,202.2,120,266,115,12.692094,30.68013605,19.96680272,3213.11,458.31,25.32346939,60,21,127,231.14,83.82,99.06,185.42,14.478,741.68,april 27- may 3,NorthEast
Keiser,2015,REV¨ 22BHR43ª,200.9,120,266,112,12.610493,30.68013605,19.96680272,3213.11,458.31,25.32346939,60,21,127,231.14,83.82,99.06,185.42,14.478,741.68,april 27- may 3,NorthEast
Keiser,2015,Progeny PGY 4114VT2P,197.2,120,266,114,12.378244,30.68013605,19.96680272,3213.11,458.31,25.32346939,60,21,127,231.14,83.82,99.06,185.42,14.478,741.68,april 27- may 3,NorthEast
Keiser,2015,NK N76A-GT/CB/LL,196.8,120,266,114,12.353136,30.68013605,19.96680272,3213.11,458.31,25.32346939,60,21,127,231.14,83.82,99.06,185.42,14.478,741.68,april 27- may 3,NorthEast
Keiser,2015,Armor A0808PRO,196.6,120,266,108,12.340582,30.68013605,19.96680272,3213.11,458.31,25.32346939,60,21,127,231.14,83.82,99.06,185.42,14.478,741.68,april 27- may 3,NorthEast
Keiser,2015,Mycogen X13813VH,195.9,120,266,113,12.296643,30.68013605,19.96680272,3213.11,458.31,25.32346939,60,21,127,231.14,83.82,99.06,185.42,14.478,741.68,april 27- may 3,NorthEast
Keiser,2015,REV¨ 26BHR50ª,195.4,120,266,116,12.265258,30.68013605,19.96680272,3213.11,458.31,25.32346939,60,21,127,231.14,83.82,99.06,185.42,14.478,741.68,april 27- may 3,NorthEast
Keiser,2015,NK N75H-3010A,195.3,120,266,114,12.258981,30.68013605,19.96680272,3213.11,458.31,25.32346939,60,21,127,231.14,83.82,99.06,185.42,14.478,741.68,april 27- may 3,NorthEast
Keiser,2015,DEKALB DKC 66-59 GENVT2P,195.2,120,266,116,12.252704,30.68013605,19.96680272,3213.11,458.31,25.32346939,60,21,127,231.14,83.82,99.06,185.42,14.478,741.68,april 27- may 3,NorthEast
Keiser,2015,Dyna-Gro D55QC73,193.2,120,266,115,12.127164,30.68013605,19.96680272,3213.11,458.31,25.32346939,60,21,127,231.14,83.82,99.06,185.42,14.478,741.68,april 27- may 3,NorthEast
Keiser,2015,Mycogen 2Y744,192.3,120,266,113,12.070671,30.68013605,19.96680272,3213.11,458.31,25.32346939,60,21,127,231.14,83.82,99.06,185.42,14.478,741.68,april 27- may 3,NorthEast
Keiser,2015,AgriGold A6574VT2PRO,191.5,120,266,114,12.020455,30.68013605,19.96680272,3213.11,458.31,25.32346939,60,21,127,231.14,83.82,99.06,185.42,14.478,741.68,april 27- may 3,NorthEast
Keiser,2015,NK N79M-GT/CB/LL,190.8,120,266,116,11.976516,30.68013605,19.96680272,3213.11,458.31,25.32346939,60,21,127,231.14,83.82,99.06,185.42,14.478,741.68,april 27- may 3,NorthEast
Keiser,2015,Mycogen X13759S3,186,120,266,111,11.67522,30.68013605,19.96680272,3213.11,458.31,25.32346939,60,21,127,231.14,83.82,99.06,185.42,14.478,741.68,april 27- may 3,NorthEast
Keiser,2015,DEKALB DKC 63-60 GEN33,184.4,120,266,113,11.574788,30.68013605,19.96680272,3213.11,458.31,25.32346939,60,21,127,231.14,83.82,99.06,185.42,14.478,741.68,april 27- may 3,NorthEast
Keiser,2015,DEKALB DKC 67-72 GENVT2P,239.7,120,266,117,15.045969,30.68013605,19.96680272,3213.11,458.31,25.32346939,60,21,127,231.14,83.82,99.06,185.42,14.478,741.68,april 27- may 3,NorthEast
Keiser,2015,DEKALB DKC 67-14 GENVT2P,238.7,120,266,117,14.983199,30.68013605,19.96680272,3213.11,458.31,25.32346939,60,21,127,231.14,83.82,99.06,185.42,14.478,741.68,april 27- may 3,NorthEast
Keiser,2015,AgriGold A6719VT2PRO,235.7,120,266,118,14.794889,30.68013605,19.96680272,3213.11,458.31,25.32346939,60,21,127,231.14,83.82,99.06,185.42,14.478,741.68,april 27- may 3,NorthEast
Keiser,2015,Mycogen 2D848,235.2,120,266,117,14.763504,30.68013605,19.96680272,3213.11,458.31,25.32346939,60,21,127,231.14,83.82,99.06,185.42,14.478,741.68,april 27- may 3,NorthEast
Keiser,2015,Croplan 8512DGVT2P,231.3,120,266,117,14.518701,30.68013605,19.96680272,3213.11,458.31,25.32346939,60,21,127,231.14,83.82,99.06,185.42,14.478,741.68,april 27- may 3,NorthEast
Keiser,2015,Pioneer P1794VYHR,230.7,120,266,117,14.481039,30.68013605,19.96680272,3213.11,458.31,25.32346939,60,21,127,231.14,83.82,99.06,185.42,14.478,741.68,april 27- may 3,NorthEast
Keiser,2015,AgriGold A6711VT2PRO,228.3,120,266,118,14.330391,30.68013605,19.96680272,3213.11,458.31,25.32346939,60,21,127,231.14,83.82,99.06,185.42,14.478,741.68,april 27- may 3,NorthEast
Keiser,2015,DEKALB DKC 68-26 GENVT2P,223.5,120,266,118,14.029095,30.68013605,19.96680272,3213.11,458.31,25.32346939,60,21,127,231.14,83.82,99.06,185.42,14.478,741.68,april 27- may 3,NorthEast
Keiser,2015,Pioneer P1916YHR,223.2,120,266,119,14.010264,30.68013605,19.96680272,3213.11,458.31,25.32346939,60,21,127,231.14,83.82,99.06,185.42,14.478,741.68,april 27- may 3,NorthEast
Keiser,2015,Augusta A7068,222.2,120,266,118,13.947494,30.68013605,19.96680272,3213.11,458.31,25.32346939,60,21,127,231.14,83.82,99.06,185.42,14.478,741.68,april 27- may 3,NorthEast
Keiser,2015,Dyna-Gro CX15118,220.9,120,266,118,13.865893,30.68013605,19.96680272,3213.11,458.31,25.32346939,60,21,127,231.14,83.82,99.06,185.42,14.478,741.68,april 27- may 3,NorthEast
Keiser,2015,Dyna-Gro D57VP51,220.8,120,266,117,13.859616,30.68013605,19.96680272,3213.11,458.31,25.32346939,60,21,127,231.14,83.82,99.06,185.42,14.478,741.68,april 27- may 3,NorthEast
Keiser,2015,Armor AXC4119,220.7,120,266,119,13.853339,30.68013605,19.96680272,3213.11,458.31,25.32346939,60,21,127,231.14,83.82,99.06,185.42,14.478,741.68,april 27- may 3,NorthEast
Keiser,2015,Augusta A8868,219.2,120,266,118,13.759184,30.68013605,19.96680272,3213.11,458.31,25.32346939,60,21,127,231.14,83.82,99.06,185.42,14.478,741.68,april 27- may 3,NorthEast
Keiser,2015,Pioneer P2160YHR,218.5,120,266,121,13.715245,30.68013605,19.96680272,3213.11,458.31,25.32346939,60,21,127,231.14,83.82,99.06,185.42,14.478,741.68,april 27- may 3,NorthEast
Keiser,2015,Armor AXC5117,218.2,120,266,117,13.696414,30.68013605,19.96680272,3213.11,458.31,25.32346939,60,21,127,231.14,83.82,99.06,185.42,14.478,741.68,april 27- may 3,NorthEast
Keiser,2015,Delta Grow DG2888,216.4,120,266,115,13.583428,30.68013605,19.96680272,3213.11,458.31,25.32346939,60,21,127,231.14,83.82,99.06,185.42,14.478,741.68,april 27- may 3,NorthEast
Keiser,2015,Augusta A7768,216,120,266,118,13.55832,30.68013605,19.96680272,3213.11,458.31,25.32346939,60,21,127,231.14,83.82,99.06,185.42,14.478,741.68,april 27- may 3,NorthEast
Keiser,2015,Progeny PGY 4117VT3P,207.1,120,266,117,12.999667,30.68013605,19.96680272,3213.11,458.31,25.32346939,60,21,127,231.14,83.82,99.06,185.42,14.478,741.68,april 27- may 3,NorthEast
Keiser,2015,AgriGold A6687VT2PRO,207,120,266,117,12.99339,30.68013605,19.96680272,3213.11,458.31,25.32346939,60,21,127,231.14,83.82,99.06,185.42,14.478,741.68,april 27- may 3,NorthEast
Keiser,2015,Croplan 7927VT3P,204.2,120,266,117,12.817634,30.68013605,19.96680272,3213.11,458.31,25.32346939,60,21,127,231.14,83.82,99.06,185.42,14.478,741.68,april 27- may 3,NorthEast
Keiser,2015,Delta Grow DG3660,202.2,120,266,118,12.692094,30.68013605,19.96680272,3213.11,458.31,25.32346939,60,21,127,231.14,83.82,99.06,185.42,14.478,741.68,april 27- may 3,NorthEast
Keiser,2015,NK N83D-3000GT,196.8,120,266,118,12.353136,30.68013605,19.96680272,3213.11,458.31,25.32346939,60,21,127,231.14,83.82,99.06,185.42,14.478,741.68,april 27- may 3,NorthEast
Keiser,2015,REV¨ 28HR20ª,189.8,120,266,118,11.913746,30.68013605,19.96680272,3213.11,458.31,25.32346939,60,21,127,231.14,83.82,99.06,185.42,14.478,741.68,april 27- may 3,NorthEast
Keiser,2015,MorCorn MC4799,188.7,120,266,117,11.844699,30.68013605,19.96680272,3213.11,458.31,25.32346939,60,21,127,231.14,83.82,99.06,185.42,14.478,741.68,april 27- may 3,NorthEast
Marianna,2015,REV¨ 26BHR50ª,282.6,98,242,116,17.738802,30.5,19.8,3154.7,483.6,25.1,65,35,127,162.56,86.36,73.66,38.1,0,487.68,april 6- april 12,CenterEast
Marianna,2015,REV¨ 23BHR55ª,267.5,98,242,113,16.790975,30.5,19.8,3154.7,483.6,25.1,65,35,127,162.56,86.36,73.66,38.1,0,487.68,april 6- april 12,CenterEast
Marianna,2015,Progeny PGY 4114VT2P,265,98,242,114,16.63405,30.5,19.8,3154.7,483.6,25.1,65,35,127,162.56,86.36,73.66,38.1,0,487.68,april 6- april 12,CenterEast
Marianna,2015,Pioneer P1637VYHR,263.6,98,242,116,16.546172,30.5,19.8,3154.7,483.6,25.1,65,35,127,162.56,86.36,73.66,38.1,0,487.68,april 6- april 12,CenterEast
Marianna,2015,Mycogen X13726VH,262,98,242,115,16.44574,30.5,19.8,3154.7,483.6,25.1,65,35,127,162.56,86.36,73.66,38.1,0,487.68,april 6- april 12,CenterEast
Marianna,2015,BH 8688DG2P,261.9,98,242,114,16.439463,30.5,19.8,3154.7,483.6,25.1,65,35,127,162.56,86.36,73.66,38.1,0,487.68,april 6- april 12,CenterEast
Marianna,2015,REV¨ 25BHR26ª,260.2,98,242,115,16.332754,30.5,19.8,3154.7,483.6,25.1,65,35,127,162.56,86.36,73.66,38.1,0,487.68,april 6- april 12,CenterEast
Marianna,2015,BH 8735VTTP,259.7,98,242,116,16.301369,30.5,19.8,3154.7,483.6,25.1,65,35,127,162.56,86.36,73.66,38.1,0,487.68,april 6- april 12,CenterEast
Marianna,2015,AgriGold A6501VT2RIB,258.8,98,242,112,16.244876,30.5,19.8,3154.7,483.6,25.1,65,35,127,162.56,86.36,73.66,38.1,0,487.68,april 6- april 12,CenterEast
Marianna,2015,BH 8732VTTP,258.4,98,242,116,16.219768,30.5,19.8,3154.7,483.6,25.1,65,35,127,162.56,86.36,73.66,38.1,0,487.68,april 6- april 12,CenterEast
Marianna,2015,Dyna-Gro D54DC94,258.3,98,242,114,16.213491,30.5,19.8,3154.7,483.6,25.1,65,35,127,162.56,86.36,73.66,38.1,0,487.68,april 6- april 12,CenterEast
Marianna,2015,Golden Acres G6611,256.1,98,242,116,16.075397,30.5,19.8,3154.7,483.6,25.1,65,35,127,162.56,86.36,73.66,38.1,0,487.68,april 6- april 12,CenterEast
Marianna,2015,DEKALB DKC 66-87 GENVT2P,252.4,98,242,116,15.843148,30.5,19.8,3154.7,483.6,25.1,65,35,127,162.56,86.36,73.66,38.1,0,487.68,april 6- april 12,CenterEast
Marianna,2015,MorCorn MC4377,251.2,98,242,113,15.767824,30.5,19.8,3154.7,483.6,25.1,65,35,127,162.56,86.36,73.66,38.1,0,487.68,april 6- april 12,CenterEast
Marianna,2015,Augusta A7767,250.2,98,242,116,15.705054,30.5,19.8,3154.7,483.6,25.1,65,35,127,162.56,86.36,73.66,38.1,0,487.68,april 6- april 12,CenterEast
Marianna,2015,Augusta A6465,250.2,98,242,115,15.705054,30.5,19.8,3154.7,483.6,25.1,65,35,127,162.56,86.36,73.66,38.1,0,487.68,april 6- april 12,CenterEast
Marianna,2015,Dyna-Gro D54VP81,249.5,98,242,114,15.661115,30.5,19.8,3154.7,483.6,25.1,65,35,127,162.56,86.36,73.66,38.1,0,487.68,april 6- april 12,CenterEast
Marianna,2015,NK N78S-3111,249,98,242,116,15.62973,30.5,19.8,3154.7,483.6,25.1,65,35,127,162.56,86.36,73.66,38.1,0,487.68,april 6- april 12,CenterEast
Marianna,2015,NK N79Z-3111,248,98,242,115,15.56696,30.5,19.8,3154.7,483.6,25.1,65,35,127,162.56,86.36,73.66,38.1,0,487.68,april 6- april 12,CenterEast
Marianna,2015,AgriGold A6574VT2PRO,247.5,98,242,114,15.535575,30.5,19.8,3154.7,483.6,25.1,65,35,127,162.56,86.36,73.66,38.1,0,487.68,april 6- april 12,CenterEast
Marianna,2015,AgriGold A6659VT2RIB,245,98,242,116,15.37865,30.5,19.8,3154.7,483.6,25.1,65,35,127,162.56,86.36,73.66,38.1,0,487.68,april 6- april 12,CenterEast
Marianna,2015,Pioneer P1311YHR,244.7,98,242,113,15.359819,30.5,19.8,3154.7,483.6,25.1,65,35,127,162.56,86.36,73.66,38.1,0,487.68,april 6- april 12,CenterEast
Marianna,2015,MorCorn MCXP-1510,243.6,98,242,116,15.290772,30.5,19.8,3154.7,483.6,25.1,65,35,127,162.56,86.36,73.66,38.1,0,487.68,april 6- april 12,CenterEast
Marianna,2015,Dyna-Gro D55QC73,239.5,98,242,115,15.033415,30.5,19.8,3154.7,483.6,25.1,65,35,127,162.56,86.36,73.66,38.1,0,487.68,april 6- april 12,CenterEast
Marianna,2015,Croplan 6640VT3P,239.1,98,242,113,15.008307,30.5,19.8,3154.7,483.6,25.1,65,35,127,162.56,86.36,73.66,38.1,0,487.68,april 6- april 12,CenterEast
Marianna,2015,NK N79M-GT/CB/LL,238.8,98,242,116,14.989476,30.5,19.8,3154.7,483.6,25.1,65,35,127,162.56,86.36,73.66,38.1,0,487.68,april 6- april 12,CenterEast
Marianna,2015,AgriGold A6579STX,238.6,98,242,114,14.976922,30.5,19.8,3154.7,483.6,25.1,65,35,127,162.56,86.36,73.66,38.1,0,487.68,april 6- april 12,CenterEast
Marianna,2015,Armor A1414PDG,238.5,98,242,114,14.970645,30.5,19.8,3154.7,483.6,25.1,65,35,127,162.56,86.36,73.66,38.1,0,487.68,april 6- april 12,CenterEast
Marianna,2015,Dyna-Gro D55VP77,237.8,98,242,115,14.926706,30.5,19.8,3154.7,483.6,25.1,65,35,127,162.56,86.36,73.66,38.1,0,487.68,april 6- april 12,CenterEast
Marianna,2015,MorCorn MC4319,236.5,98,242,113,14.845105,30.5,19.8,3154.7,483.6,25.1,65,35,127,162.56,86.36,73.66,38.1,0,487.68,april 6- april 12,CenterEast
Marianna,2015,REV¨ 22BHR43ª,235.6,98,242,112,14.788612,30.5,19.8,3154.7,483.6,25.1,65,35,127,162.56,86.36,73.66,38.1,0,487.68,april 6- april 12,CenterEast
Marianna,2015,AgriGold A6573VT2RIB,235.5,98,242,112,14.782335,30.5,19.8,3154.7,483.6,25.1,65,35,127,162.56,86.36,73.66,38.1,0,487.68,april 6- april 12,CenterEast
Marianna,2015,Progeny PGY 4115VT2P,235.3,98,242,115,14.769781,30.5,19.8,3154.7,483.6,25.1,65,35,127,162.56,86.36,73.66,38.1,0,487.68,april 6- april 12,CenterEast
Marianna,2015,LG Seeds LG5638VT2RIB,234.7,98,242,114,14.732119,30.5,19.8,3154.7,483.6,25.1,65,35,127,162.56,86.36,73.66,38.1,0,487.68,april 6- april 12,CenterEast
Marianna,2015,Armor A1621PRO,233.6,98,242,116,14.663072,30.5,19.8,3154.7,483.6,25.1,65,35,127,162.56,86.36,73.66,38.1,0,487.68,april 6- april 12,CenterEast
Marianna,2015,REV¨ 24BHR93ª,231.1,98,242,114,14.506147,30.5,19.8,3154.7,483.6,25.1,65,35,127,162.56,86.36,73.66,38.1,0,487.68,april 6- april 12,CenterEast
Marianna,2015,BH 8660VTTP,230.8,98,242,116,14.487316,30.5,19.8,3154.7,483.6,25.1,65,35,127,162.56,86.36,73.66,38.1,0,487.68,april 6- april 12,CenterEast
Marianna,2015,Mycogen 2C797,229.5,98,242,113,14.405715,30.5,19.8,3154.7,483.6,25.1,65,35,127,162.56,86.36,73.66,38.1,0,487.68,april 6- april 12,CenterEast
Marianna,2015,AgriGold A6559VT2RIB,229.4,98,242,113,14.399438,30.5,19.8,3154.7,483.6,25.1,65,35,127,162.56,86.36,73.66,38.1,0,487.68,april 6- april 12,CenterEast
Marianna,2015,LG Seeds LG5618STXRIB,228.3,98,242,113,14.330391,30.5,19.8,3154.7,483.6,25.1,65,35,127,162.56,86.36,73.66,38.1,0,487.68,april 6- april 12,CenterEast
Marianna,2015,DEKALB DKC 66-59 GENVT2P,228.3,98,242,116,14.330391,30.5,19.8,3154.7,483.6,25.1,65,35,127,162.56,86.36,73.66,38.1,0,487.68,april 6- april 12,CenterEast
Marianna,2015,NK N76A-GT/CB/LL,227.5,98,242,114,14.280175,30.5,19.8,3154.7,483.6,25.1,65,35,127,162.56,86.36,73.66,38.1,0,487.68,april 6- april 12,CenterEast
Marianna,2015,Dyna-Gro D56VC46,227.3,98,242,116,14.267621,30.5,19.8,3154.7,483.6,25.1,65,35,127,162.56,86.36,73.66,38.1,0,487.68,april 6- april 12,CenterEast
Marianna,2015,NK N75H-3010A,226.8,98,242,114,14.236236,30.5,19.8,3154.7,483.6,25.1,65,35,127,162.56,86.36,73.66,38.1,0,487.68,april 6- april 12,CenterEast
Marianna,2015,LG Seeds LG5663VT2PRO,225.5,98,242,115,14.154635,30.5,19.8,3154.7,483.6,25.1,65,35,127,162.56,86.36,73.66,38.1,0,487.68,april 6- april 12,CenterEast
Marianna,2015,Progeny EXP16VT2P,223.8,98,242,116,14.047926,30.5,19.8,3154.7,483.6,25.1,65,35,127,162.56,86.36,73.66,38.1,0,487.68,april 6- april 12,CenterEast
Marianna,2015,DEKALB DKC 62-08 GENSS,222.8,98,242,112,13.985156,30.5,19.8,3154.7,483.6,25.1,65,35,127,162.56,86.36,73.66,38.1,0,487.68,april 6- april 12,CenterEast
Marianna,2015,Mycogen X13813VH,222.3,98,242,113,13.953771,30.5,19.8,3154.7,483.6,25.1,65,35,127,162.56,86.36,73.66,38.1,0,487.68,april 6- april 12,CenterEast
Marianna,2015,Armor A0808PRO,221.7,98,242,108,13.916109,30.5,19.8,3154.7,483.6,25.1,65,35,127,162.56,86.36,73.66,38.1,0,487.68,april 6- april 12,CenterEast
Marianna,2015,Mycogen 2Y744,218.5,98,242,113,13.715245,30.5,19.8,3154.7,483.6,25.1,65,35,127,162.56,86.36,73.66,38.1,0,487.68,april 6- april 12,CenterEast
Marianna,2015,Progeny PGY 5115VT2P,215.7,98,242,115,13.539489,30.5,19.8,3154.7,483.6,25.1,65,35,127,162.56,86.36,73.66,38.1,0,487.68,april 6- april 12,CenterEast
Marianna,2015,Golden Acres 26V21,215.3,98,242,115,13.514381,30.5,19.8,3154.7,483.6,25.1,65,35,127,162.56,86.36,73.66,38.1,0,487.68,april 6- april 12,CenterEast
Marianna,2015,MorCorn MC4354,214.5,98,242,113,13.464165,30.5,19.8,3154.7,483.6,25.1,65,35,127,162.56,86.36,73.66,38.1,0,487.68,april 6- april 12,CenterEast
Marianna,2015,DEKALB DKC 63-60 GEN33,211.7,98,242,113,13.288409,30.5,19.8,3154.7,483.6,25.1,65,35,127,162.56,86.36,73.66,38.1,0,487.68,april 6- april 12,CenterEast
Marianna,2015,AgriGold A6499VT2RIB,207.3,98,242,112,13.012221,30.5,19.8,3154.7,483.6,25.1,65,35,127,162.56,86.36,73.66,38.1,0,487.68,april 6- april 12,CenterEast
Marianna,2015,Mycogen 2C786,205.8,98,242,114,12.918066,30.5,19.8,3154.7,483.6,25.1,65,35,127,162.56,86.36,73.66,38.1,0,487.68,april 6- april 12,CenterEast
Marianna,2015,Armor A1033PRO,201.4,98,242,103,12.641878,30.5,19.8,3154.7,483.6,25.1,65,35,127,162.56,86.36,73.66,38.1,0,487.68,april 6- april 12,CenterEast
Marianna,2015,Mycogen X13759S3,200.1,98,242,111,12.560277,30.5,19.8,3154.7,483.6,25.1,65,35,127,162.56,86.36,73.66,38.1,0,487.68,april 6- april 12,CenterEast
Marianna,2015,Armor AXC5112,191.9,98,242,112,12.045563,30.5,19.8,3154.7,483.6,25.1,65,35,127,162.56,86.36,73.66,38.1,0,487.68,april 6- april 12,CenterEast
Marianna,2015,Pioneer P2160YHR,314.3,98,242,121,19.728611,30.5,19.8,3154.7,483.6,25.1,65,35,127,162.56,86.36,73.66,38.1,0,487.68,april 6- april 12,CenterEast
Marianna,2015,Pioneer P1794VYHR,285.8,98,242,117,17.939666,30.5,19.8,3154.7,483.6,25.1,65,35,127,162.56,86.36,73.66,38.1,0,487.68,april 6- april 12,CenterEast
Marianna,2015,REV¨ 28HR20ª,275.5,98,242,118,17.293135,30.5,19.8,3154.7,483.6,25.1,65,35,127,162.56,86.36,73.66,38.1,0,487.68,april 6- april 12,CenterEast
Marianna,2015,Armor AXC5117,270.9,98,242,117,17.004393,30.5,19.8,3154.7,483.6,25.1,65,35,127,162.56,86.36,73.66,38.1,0,487.68,april 6- april 12,CenterEast
Marianna,2015,DEKALB DKC 67-14 GENVT2P,255.7,98,242,117,16.050289,30.5,19.8,3154.7,483.6,25.1,65,35,127,162.56,86.36,73.66,38.1,0,487.68,april 6- april 12,CenterEast
Marianna,2015,AgriGold A6719VT2PRO,255.4,98,242,118,16.031458,30.5,19.8,3154.7,483.6,25.1,65,35,127,162.56,86.36,73.66,38.1,0,487.68,april 6- april 12,CenterEast
Marianna,2015,Pioneer P1916YHR,254.6,98,242,119,15.981242,30.5,19.8,3154.7,483.6,25.1,65,35,127,162.56,86.36,73.66,38.1,0,487.68,april 6- april 12,CenterEast
Marianna,2015,Augusta A7768,251.9,98,242,118,15.811763,30.5,19.8,3154.7,483.6,25.1,65,35,127,162.56,86.36,73.66,38.1,0,487.68,april 6- april 12,CenterEast
Marianna,2015,Dyna-Gro CX15118,249.9,98,242,118,15.686223,30.5,19.8,3154.7,483.6,25.1,65,35,127,162.56,86.36,73.66,38.1,0,487.68,april 6- april 12,CenterEast
Marianna,2015,DEKALB DKC 67-72 GENVT2P,249.6,98,242,117,15.667392,30.5,19.8,3154.7,483.6,25.1,65,35,127,162.56,86.36,73.66,38.1,0,487.68,april 6- april 12,CenterEast
Marianna,2015,Dyna-Gro D57VP51,249.2,98,242,117,15.642284,30.5,19.8,3154.7,483.6,25.1,65,35,127,162.56,86.36,73.66,38.1,0,487.68,april 6- april 12,CenterEast
Marianna,2015,DEKALB DKC 68-26 GENVT2P,249.1,98,242,118,15.636007,30.5,19.8,3154.7,483.6,25.1,65,35,127,162.56,86.36,73.66,38.1,0,487.68,april 6- april 12,CenterEast
Marianna,2015,Delta Grow DG2888,249.1,98,242,115,15.636007,30.5,19.8,3154.7,483.6,25.1,65,35,127,162.56,86.36,73.66,38.1,0,487.68,april 6- april 12,CenterEast
Marianna,2015,AgriGold A6711VT2PRO,243.2,98,242,118,15.265664,30.5,19.8,3154.7,483.6,25.1,65,35,127,162.56,86.36,73.66,38.1,0,487.68,april 6- april 12,CenterEast
Marianna,2015,NK N83D-3000GT,241.5,98,242,118,15.158955,30.5,19.8,3154.7,483.6,25.1,65,35,127,162.56,86.36,73.66,38.1,0,487.68,april 6- april 12,CenterEast
Marianna,2015,Delta Grow DG3660,234.6,98,242,118,14.725842,30.5,19.8,3154.7,483.6,25.1,65,35,127,162.56,86.36,73.66,38.1,0,487.68,april 6- april 12,CenterEast
Marianna,2015,Augusta A8868,234.5,98,242,118,14.719565,30.5,19.8,3154.7,483.6,25.1,65,35,127,162.56,86.36,73.66,38.1,0,487.68,april 6- april 12,CenterEast
Marianna,2015,AgriGold A6687VT2PRO,233.1,98,242,117,14.631687,30.5,19.8,3154.7,483.6,25.1,65,35,127,162.56,86.36,73.66,38.1,0,487.68,april 6- april 12,CenterEast
Marianna,2015,Croplan 7927VT3P,232.5,98,242,117,14.594025,30.5,19.8,3154.7,483.6,25.1,65,35,127,162.56,86.36,73.66,38.1,0,487.68,april 6- april 12,CenterEast
Marianna,2015,MorCorn MC4799,227.6,98,242,117,14.286452,30.5,19.8,3154.7,483.6,25.1,65,35,127,162.56,86.36,73.66,38.1,0,487.68,april 6- april 12,CenterEast
Marianna,2015,Mycogen 2D848,223.8,98,242,117,14.047926,30.5,19.8,3154.7,483.6,25.1,65,35,127,162.56,86.36,73.66,38.1,0,487.68,april 6- april 12,CenterEast
Marianna,2015,Croplan 8512DGVT2P,221.9,98,242,117,13.928663,30.5,19.8,3154.7,483.6,25.1,65,35,127,162.56,86.36,73.66,38.1,0,487.68,april 6- april 12,CenterEast
Marianna,2015,Augusta A7068,211.3,98,242,118,13.263301,30.5,19.8,3154.7,483.6,25.1,65,35,127,162.56,86.36,73.66,38.1,0,487.68,april 6- april 12,CenterEast
Marianna,2015,Progeny PGY 4117VT3P,206.8,98,242,117,12.980836,30.5,19.8,3154.7,483.6,25.1,65,35,127,162.56,86.36,73.66,38.1,0,487.68,april 6- april 12,CenterEast
Marianna,2015,Armor AXC4119,199.3,98,242,119,12.510061,30.5,19.8,3154.7,483.6,25.1,65,35,127,162.56,86.36,73.66,38.1,0,487.68,april 6- april 12,CenterEast
Stuttgart,2015,Pioneer P1637VYHR,265.8,120,258,116,16.684266,32.39079137,21.1405036,3112.23,325.2,26.76564748,78,48,137.16,127,73.66,55.88,76.2,1.778,472.44,april 27- may 3,SouthEast
Stuttgart,2015,REV¨ 25BHR26ª,261.3,120,258,115,16.401801,32.39079137,21.1405036,3112.23,325.2,26.76564748,78,48,137.16,127,73.66,55.88,76.2,1.778,472.44,april 27- may 3,SouthEast
Stuttgart,2015,BH 8735VTTP,257.8,120,258,116,16.182106,32.39079137,21.1405036,3112.23,325.2,26.76564748,78,48,137.16,127,73.66,55.88,76.2,1.778,472.44,april 27- may 3,SouthEast
Stuttgart,2015,REV¨ 23BHR55ª,253.1,120,258,113,15.887087,32.39079137,21.1405036,3112.23,325.2,26.76564748,78,48,137.16,127,73.66,55.88,76.2,1.778,472.44,april 27- may 3,SouthEast
Stuttgart,2015,Golden Acres G6611,252.2,120,258,116,15.830594,32.39079137,21.1405036,3112.23,325.2,26.76564748,78,48,137.16,127,73.66,55.88,76.2,1.778,472.44,april 27- may 3,SouthEast
Stuttgart,2015,REV¨ 22BHR43ª,251.3,120,258,112,15.774101,32.39079137,21.1405036,3112.23,325.2,26.76564748,78,48,137.16,127,73.66,55.88,76.2,1.778,472.44,april 27- may 3,SouthEast
Stuttgart,2015,Augusta A6465,248.9,120,258,115,15.623453,32.39079137,21.1405036,3112.23,325.2,26.76564748,78,48,137.16,127,73.66,55.88,76.2,1.778,472.44,april 27- may 3,SouthEast
Stuttgart,2015,AgriGold A6501VT2RIB,248.7,120,258,112,15.610899,32.39079137,21.1405036,3112.23,325.2,26.76564748,78,48,137.16,127,73.66,55.88,76.2,1.778,472.44,april 27- may 3,SouthEast
Stuttgart,2015,LG Seeds LG5638VT2RIB,248.5,120,258,114,15.598345,32.39079137,21.1405036,3112.23,325.2,26.76564748,78,48,137.16,127,73.66,55.88,76.2,1.778,472.44,april 27- may 3,SouthEast
Stuttgart,2015,Dyna-Gro D54DC94,247.9,120,258,114,15.560683,32.39079137,21.1405036,3112.23,325.2,26.76564748,78,48,137.16,127,73.66,55.88,76.2,1.778,472.44,april 27- may 3,SouthEast
Stuttgart,2015,NK N78S-3111,246.7,120,258,116,15.485359,32.39079137,21.1405036,3112.23,325.2,26.76564748,78,48,137.16,127,73.66,55.88,76.2,1.778,472.44,april 27- may 3,SouthEast
Stuttgart,2015,REV¨ 26BHR50ª,246.6,120,258,116,15.479082,32.39079137,21.1405036,3112.23,325.2,26.76564748,78,48,137.16,127,73.66,55.88,76.2,1.778,472.44,april 27- may 3,SouthEast
Stuttgart,2015,Croplan 6640VT3P,245.4,120,258,113,15.403758,32.39079137,21.1405036,3112.23,325.2,26.76564748,78,48,137.16,127,73.66,55.88,76.2,1.778,472.44,april 27- may 3,SouthEast
Stuttgart,2015,BH 8688DG2P,243.4,120,258,114,15.278218,32.39079137,21.1405036,3112.23,325.2,26.76564748,78,48,137.16,127,73.66,55.88,76.2,1.778,472.44,april 27- may 3,SouthEast
Stuttgart,2015,Dyna-Gro D55VP77,242.2,120,258,115,15.202894,32.39079137,21.1405036,3112.23,325.2,26.76564748,78,48,137.16,127,73.66,55.88,76.2,1.778,472.44,april 27- may 3,SouthEast
Stuttgart,2015,BH 8732VTTP,242.1,120,258,116,15.196617,32.39079137,21.1405036,3112.23,325.2,26.76564748,78,48,137.16,127,73.66,55.88,76.2,1.778,472.44,april 27- may 3,SouthEast
Stuttgart,2015,MorCorn MC4354,241.7,120,258,113,15.171509,32.39079137,21.1405036,3112.23,325.2,26.76564748,78,48,137.16,127,73.66,55.88,76.2,1.778,472.44,april 27- may 3,SouthEast
Stuttgart,2015,Progeny PGY 4115VT2P,241.1,120,258,115,15.133847,32.39079137,21.1405036,3112.23,325.2,26.76564748,78,48,137.16,127,73.66,55.88,76.2,1.778,472.44,april 27- may 3,SouthEast
Stuttgart,2015,MorCorn MC4377,240.8,120,258,113,15.115016,32.39079137,21.1405036,3112.23,325.2,26.76564748,78,48,137.16,127,73.66,55.88,76.2,1.778,472.44,april 27- may 3,SouthEast
Stuttgart,2015,DEKALB DKC 62-08 GENSS,240.2,120,258,112,15.077354,32.39079137,21.1405036,3112.23,325.2,26.76564748,78,48,137.16,127,73.66,55.88,76.2,1.778,472.44,april 27- may 3,SouthEast
Stuttgart,2015,AgriGold A6574VT2PRO,239.8,120,258,114,15.052246,32.39079137,21.1405036,3112.23,325.2,26.76564748,78,48,137.16,127,73.66,55.88,76.2,1.778,472.44,april 27- may 3,SouthEast
Stuttgart,2015,Mycogen 2C797,239.2,120,258,113,15.014584,32.39079137,21.1405036,3112.23,325.2,26.76564748,78,48,137.16,127,73.66,55.88,76.2,1.778,472.44,april 27- may 3,SouthEast
Stuttgart,2015,BH 8660VTTP,238.3,120,258,116,14.958091,32.39079137,21.1405036,3112.23,325.2,26.76564748,78,48,137.16,127,73.66,55.88,76.2,1.778,472.44,april 27- may 3,SouthEast
Stuttgart,2015,Dyna-Gro D55QC73,238.3,120,258,115,14.958091,32.39079137,21.1405036,3112.23,325.2,26.76564748,78,48,137.16,127,73.66,55.88,76.2,1.778,472.44,april 27- may 3,SouthEast
Stuttgart,2015,Armor A1621PRO,236.9,120,258,116,14.870213,32.39079137,21.1405036,3112.23,325.2,26.76564748,78,48,137.16,127,73.66,55.88,76.2,1.778,472.44,april 27- may 3,SouthEast
Stuttgart,2015,DEKALB DKC 66-87 GENVT2P,236.8,120,258,116,14.863936,32.39079137,21.1405036,3112.23,325.2,26.76564748,78,48,137.16,127,73.66,55.88,76.2,1.778,472.44,april 27- may 3,SouthEast
Stuttgart,2015,Pioneer P1311YHR,236.2,120,258,113,14.826274,32.39079137,21.1405036,3112.23,325.2,26.76564748,78,48,137.16,127,73.66,55.88,76.2,1.778,472.44,april 27- may 3,SouthEast
Stuttgart,2015,Armor A1414PDG,236.2,120,258,114,14.826274,32.39079137,21.1405036,3112.23,325.2,26.76564748,78,48,137.16,127,73.66,55.88,76.2,1.778,472.44,april 27- may 3,SouthEast
Stuttgart,2015,MorCorn MCXP-1510,234.2,120,258,116,14.700734,32.39079137,21.1405036,3112.23,325.2,26.76564748,78,48,137.16,127,73.66,55.88,76.2,1.778,472.44,april 27- may 3,SouthEast
Stuttgart,2015,AgriGold A6659VT2RIB,233.9,120,258,116,14.681903,32.39079137,21.1405036,3112.23,325.2,26.76564748,78,48,137.16,127,73.66,55.88,76.2,1.778,472.44,april 27- may 3,SouthEast
Stuttgart,2015,Dyna-Gro D54VP81,232.8,120,258,114,14.612856,32.39079137,21.1405036,3112.23,325.2,26.76564748,78,48,137.16,127,73.66,55.88,76.2,1.778,472.44,april 27- may 3,SouthEast
Stuttgart,2015,Mycogen X13726VH,230.1,120,258,115,14.443377,32.39079137,21.1405036,3112.23,325.2,26.76564748,78,48,137.16,127,73.66,55.88,76.2,1.778,472.44,april 27- may 3,SouthEast
Stuttgart,2015,Augusta A7767,230.1,120,258,116,14.443377,32.39079137,21.1405036,3112.23,325.2,26.76564748,78,48,137.16,127,73.66,55.88,76.2,1.778,472.44,april 27- may 3,SouthEast
Stuttgart,2015,Progeny PGY 4114VT2P,228.3,120,258,114,14.330391,32.39079137,21.1405036,3112.23,325.2,26.76564748,78,48,137.16,127,73.66,55.88,76.2,1.778,472.44,april 27- may 3,SouthEast
Stuttgart,2015,DEKALB DKC 66-59 GENVT2P,228,120,258,116,14.31156,32.39079137,21.1405036,3112.23,325.2,26.76564748,78,48,137.16,127,73.66,55.88,76.2,1.778,472.44,april 27- may 3,SouthEast
Stuttgart,2015,DEKALB DKC 63-60 GEN33,227.3,120,258,113,14.267621,32.39079137,21.1405036,3112.23,325.2,26.76564748,78,48,137.16,127,73.66,55.88,76.2,1.778,472.44,april 27- may 3,SouthEast
Stuttgart,2015,REV¨ 24BHR93ª,226.5,120,258,114,14.217405,32.39079137,21.1405036,3112.23,325.2,26.76564748,78,48,137.16,127,73.66,55.88,76.2,1.778,472.44,april 27- may 3,SouthEast
Stuttgart,2015,Mycogen X13813VH,225.3,120,258,113,14.142081,32.39079137,21.1405036,3112.23,325.2,26.76564748,78,48,137.16,127,73.66,55.88,76.2,1.778,472.44,april 27- may 3,SouthEast
Stuttgart,2015,AgriGold A6573VT2RIB,225.3,120,258,112,14.142081,32.39079137,21.1405036,3112.23,325.2,26.76564748,78,48,137.16,127,73.66,55.88,76.2,1.778,472.44,april 27- may 3,SouthEast
Stuttgart,2015,AgriGold A6559VT2RIB,224.2,120,258,113,14.073034,32.39079137,21.1405036,3112.23,325.2,26.76564748,78,48,137.16,127,73.66,55.88,76.2,1.778,472.44,april 27- may 3,SouthEast
Stuttgart,2015,Mycogen 2Y744,223,120,258,113,13.99771,32.39079137,21.1405036,3112.23,325.2,26.76564748,78,48,137.16,127,73.66,55.88,76.2,1.778,472.44,april 27- may 3,SouthEast
Stuttgart,2015,Dyna-Gro D56VC46,222.8,120,258,116,13.985156,32.39079137,21.1405036,3112.23,325.2,26.76564748,78,48,137.16,127,73.66,55.88,76.2,1.778,472.44,april 27- may 3,SouthEast
Stuttgart,2015,Progeny EXP16VT2P,222.5,120,258,116,13.966325,32.39079137,21.1405036,3112.23,325.2,26.76564748,78,48,137.16,127,73.66,55.88,76.2,1.778,472.44,april 27- may 3,SouthEast
Stuttgart,2015,Golden Acres 26V21,222,120,258,115,13.93494,32.39079137,21.1405036,3112.23,325.2,26.76564748,78,48,137.16,127,73.66,55.88,76.2,1.778,472.44,april 27- may 3,SouthEast
Stuttgart,2015,NK N79Z-3111,221.5,120,258,115,13.903555,32.39079137,21.1405036,3112.23,325.2,26.76564748,78,48,137.16,127,73.66,55.88,76.2,1.778,472.44,april 27- may 3,SouthEast
Stuttgart,2015,Armor AXC5112,221.3,120,258,112,13.891001,32.39079137,21.1405036,3112.23,325.2,26.76564748,78,48,137.16,127,73.66,55.88,76.2,1.778,472.44,april 27- may 3,SouthEast
Stuttgart,2015,Armor A0808PRO,220.6,120,258,108,13.847062,32.39079137,21.1405036,3112.23,325.2,26.76564748,78,48,137.16,127,73.66,55.88,76.2,1.778,472.44,april 27- may 3,SouthEast
Stuttgart,2015,NK N76A-GT/CB/LL,217.5,120,258,114,13.652475,32.39079137,21.1405036,3112.23,325.2,26.76564748,78,48,137.16,127,73.66,55.88,76.2,1.778,472.44,april 27- may 3,SouthEast
Stuttgart,2015,AgriGold A6579STX,212.5,120,258,114,13.338625,32.39079137,21.1405036,3112.23,325.2,26.76564748,78,48,137.16,127,73.66,55.88,76.2,1.778,472.44,april 27- may 3,SouthEast
Stuttgart,2015,Progeny PGY 5115VT2P,211.7,120,258,115,13.288409,32.39079137,21.1405036,3112.23,325.2,26.76564748,78,48,137.16,127,73.66,55.88,76.2,1.778,472.44,april 27- may 3,SouthEast
Stuttgart,2015,AgriGold A6499VT2RIB,210.5,120,258,112,13.213085,32.39079137,21.1405036,3112.23,325.2,26.76564748,78,48,137.16,127,73.66,55.88,76.2,1.778,472.44,april 27- may 3,SouthEast
Stuttgart,2015,MorCorn MC4319,204.4,120,258,113,12.830188,32.39079137,21.1405036,3112.23,325.2,26.76564748,78,48,137.16,127,73.66,55.88,76.2,1.778,472.44,april 27- may 3,SouthEast
Stuttgart,2015,LG Seeds LG5663VT2PRO,201.8,120,258,115,12.666986,32.39079137,21.1405036,3112.23,325.2,26.76564748,78,48,137.16,127,73.66,55.88,76.2,1.778,472.44,april 27- may 3,SouthEast
Stuttgart,2015,NK N79M-GT/CB/LL,199.4,120,258,116,12.516338,32.39079137,21.1405036,3112.23,325.2,26.76564748,78,48,137.16,127,73.66,55.88,76.2,1.778,472.44,april 27- may 3,SouthEast
Stuttgart,2015,Mycogen X13759S3,197.2,120,258,111,12.378244,32.39079137,21.1405036,3112.23,325.2,26.76564748,78,48,137.16,127,73.66,55.88,76.2,1.778,472.44,april 27- may 3,SouthEast
Stuttgart,2015,Mycogen 2C786,196.2,120,258,114,12.315474,32.39079137,21.1405036,3112.23,325.2,26.76564748,78,48,137.16,127,73.66,55.88,76.2,1.778,472.44,april 27- may 3,SouthEast
Stuttgart,2015,LG Seeds LG5618STXRIB,193.9,120,258,113,12.171103,32.39079137,21.1405036,3112.23,325.2,26.76564748,78,48,137.16,127,73.66,55.88,76.2,1.778,472.44,april 27- may 3,SouthEast
Stuttgart,2015,NK N75H-3010A,180.5,120,258,114,11.329985,32.39079137,21.1405036,3112.23,325.2,26.76564748,78,48,137.16,127,73.66,55.88,76.2,1.778,472.44,april 27- may 3,SouthEast
Stuttgart,2015,Armor A1033PRO,175.1,120,258,103,10.991027,32.39079137,21.1405036,3112.23,325.2,26.76564748,78,48,137.16,127,73.66,55.88,76.2,1.778,472.44,april 27- may 3,SouthEast
Stuttgart,2015,Pioneer P2160YHR,279.5,120,258,121,17.544215,32.39079137,21.1405036,3112.23,325.2,26.76564748,78,48,137.16,127,73.66,55.88,76.2,1.778,472.44,april 27- may 3,SouthEast
Stuttgart,2015,Pioneer P1794VYHR,265.3,120,258,117,16.652881,32.39079137,21.1405036,3112.23,325.2,26.76564748,78,48,137.16,127,73.66,55.88,76.2,1.778,472.44,april 27- may 3,SouthEast
Stuttgart,2015,AgriGold A6711VT2PRO,259.6,120,258,118,16.295092,32.39079137,21.1405036,3112.23,325.2,26.76564748,78,48,137.16,127,73.66,55.88,76.2,1.778,472.44,april 27- may 3,SouthEast
Stuttgart,2015,Dyna-Gro CX15118,258.3,120,258,118,16.213491,32.39079137,21.1405036,3112.23,325.2,26.76564748,78,48,137.16,127,73.66,55.88,76.2,1.778,472.44,april 27- may 3,SouthEast
Stuttgart,2015,DEKALB DKC 67-14 GENVT2P,257.3,120,258,117,16.150721,32.39079137,21.1405036,3112.23,325.2,26.76564748,78,48,137.16,127,73.66,55.88,76.2,1.778,472.44,april 27- may 3,SouthEast
Stuttgart,2015,Dyna-Gro D57VP51,254.9,120,258,117,16.000073,32.39079137,21.1405036,3112.23,325.2,26.76564748,78,48,137.16,127,73.66,55.88,76.2,1.778,472.44,april 27- may 3,SouthEast
Stuttgart,2015,DEKALB DKC 67-72 GENVT2P,253.5,120,258,117,15.912195,32.39079137,21.1405036,3112.23,325.2,26.76564748,78,48,137.16,127,73.66,55.88,76.2,1.778,472.44,april 27- may 3,SouthEast
Stuttgart,2015,Augusta A7768,250.5,120,258,118,15.723885,32.39079137,21.1405036,3112.23,325.2,26.76564748,78,48,137.16,127,73.66,55.88,76.2,1.778,472.44,april 27- may 3,SouthEast
Stuttgart,2015,AgriGold A6719VT2PRO,245.4,120,258,118,15.403758,32.39079137,21.1405036,3112.23,325.2,26.76564748,78,48,137.16,127,73.66,55.88,76.2,1.778,472.44,april 27- may 3,SouthEast
Stuttgart,2015,Croplan 8512DGVT2P,239.7,120,258,117,15.045969,32.39079137,21.1405036,3112.23,325.2,26.76564748,78,48,137.16,127,73.66,55.88,76.2,1.778,472.44,april 27- may 3,SouthEast
Stuttgart,2015,Pioneer P1916YHR,238.5,120,258,119,14.970645,32.39079137,21.1405036,3112.23,325.2,26.76564748,78,48,137.16,127,73.66,55.88,76.2,1.778,472.44,april 27- may 3,SouthEast
Stuttgart,2015,Armor AXC5117,237.6,120,258,117,14.914152,32.39079137,21.1405036,3112.23,325.2,26.76564748,78,48,137.16,127,73.66,55.88,76.2,1.778,472.44,april 27- may 3,SouthEast
Stuttgart,2015,Augusta A8868,235.8,120,258,118,14.801166,32.39079137,21.1405036,3112.23,325.2,26.76564748,78,48,137.16,127,73.66,55.88,76.2,1.778,472.44,april 27- may 3,SouthEast
Stuttgart,2015,Delta Grow DG2888,235.5,120,258,115,14.782335,32.39079137,21.1405036,3112.23,325.2,26.76564748,78,48,137.16,127,73.66,55.88,76.2,1.778,472.44,april 27- may 3,SouthEast
Stuttgart,2015,REV¨ 28HR20ª,234.6,120,258,118,14.725842,32.39079137,21.1405036,3112.23,325.2,26.76564748,78,48,137.16,127,73.66,55.88,76.2,1.778,472.44,april 27- may 3,SouthEast
Stuttgart,2015,DEKALB DKC 68-26 GENVT2P,233.1,120,258,118,14.631687,32.39079137,21.1405036,3112.23,325.2,26.76564748,78,48,137.16,127,73.66,55.88,76.2,1.778,472.44,april 27- may 3,SouthEast
Stuttgart,2015,Mycogen 2D848,230.8,120,258,117,14.487316,32.39079137,21.1405036,3112.23,325.2,26.76564748,78,48,137.16,127,73.66,55.88,76.2,1.778,472.44,april 27- may 3,SouthEast
Stuttgart,2015,Croplan 7927VT3P,228.3,120,258,117,14.330391,32.39079137,21.1405036,3112.23,325.2,26.76564748,78,48,137.16,127,73.66,55.88,76.2,1.778,472.44,april 27- may 3,SouthEast
Stuttgart,2015,Delta Grow DG3660,226.1,120,258,118,14.192297,32.39079137,21.1405036,3112.23,325.2,26.76564748,78,48,137.16,127,73.66,55.88,76.2,1.778,472.44,april 27- may 3,SouthEast
Stuttgart,2015,Armor AXC4119,224.2,120,258,119,14.073034,32.39079137,21.1405036,3112.23,325.2,26.76564748,78,48,137.16,127,73.66,55.88,76.2,1.778,472.44,april 27- may 3,SouthEast
Stuttgart,2015,Augusta A7068,220.8,120,258,118,13.859616,32.39079137,21.1405036,3112.23,325.2,26.76564748,78,48,137.16,127,73.66,55.88,76.2,1.778,472.44,april 27- may 3,SouthEast
Stuttgart,2015,MorCorn MC4799,218.3,120,258,117,13.702691,32.39079137,21.1405036,3112.23,325.2,26.76564748,78,48,137.16,127,73.66,55.88,76.2,1.778,472.44,april 27- may 3,SouthEast
Stuttgart,2015,AgriGold A6687VT2PRO,216.2,120,258,117,13.570874,32.39079137,21.1405036,3112.23,325.2,26.76564748,78,48,137.16,127,73.66,55.88,76.2,1.778,472.44,april 27- may 3,SouthEast
Stuttgart,2015,NK N83D-3000GT,213.1,120,258,118,13.376287,32.39079137,21.1405036,3112.23,325.2,26.76564748,78,48,137.16,127,73.66,55.88,76.2,1.778,472.44,april 27- may 3,SouthEast
Stuttgart,2015,Progeny PGY 4117VT3P,206.1,120,258,117,12.936897,32.39079137,21.1405036,3112.23,325.2,26.76564748,78,48,137.16,127,73.66,55.88,76.2,1.778,472.44,april 27- may 3,SouthEast
Rohwer,2015,BH 8735VTTP,261.2,98,245,116,16.395524,31.29682432,20.25202703,3204.39,450.14,25.77442568,69,47,177.8,208.28,45.72,154.94,40.64,26.924,650.24,april 6- april 12,SouthEast
Rohwer,2015,MorCorn MC4377,256,98,245,113,16.06912,31.29682432,20.25202703,3204.39,450.14,25.77442568,69,47,177.8,208.28,45.72,154.94,40.64,26.924,650.24,april 6- april 12,SouthEast
Rohwer,2015,BH 8688DG2P,254.8,98,245,114,15.993796,31.29682432,20.25202703,3204.39,450.14,25.77442568,69,47,177.8,208.28,45.72,154.94,40.64,26.924,650.24,april 6- april 12,SouthEast
Rohwer,2015,AgriGold A6659VT2RIB,252.5,98,245,116,15.849425,31.29682432,20.25202703,3204.39,450.14,25.77442568,69,47,177.8,208.28,45.72,154.94,40.64,26.924,650.24,april 6- april 12,SouthEast
Rohwer,2015,REV¨ 23BHR55ª,251.3,98,245,113,15.774101,31.29682432,20.25202703,3204.39,450.14,25.77442568,69,47,177.8,208.28,45.72,154.94,40.64,26.924,650.24,april 6- april 12,SouthEast
Rohwer,2015,Augusta A6465,250.7,98,245,115,15.736439,31.29682432,20.25202703,3204.39,450.14,25.77442568,69,47,177.8,208.28,45.72,154.94,40.64,26.924,650.24,april 6- april 12,SouthEast
Rohwer,2015,REV¨ 25BHR26ª,249.1,98,245,115,15.636007,31.29682432,20.25202703,3204.39,450.14,25.77442568,69,47,177.8,208.28,45.72,154.94,40.64,26.924,650.24,april 6- april 12,SouthEast
Rohwer,2015,BH 8732VTTP,248.7,98,245,116,15.610899,31.29682432,20.25202703,3204.39,450.14,25.77442568,69,47,177.8,208.28,45.72,154.94,40.64,26.924,650.24,april 6- april 12,SouthEast
Rohwer,2015,DEKALB DKC 66-87 GENVT2P,248.1,98,245,116,15.573237,31.29682432,20.25202703,3204.39,450.14,25.77442568,69,47,177.8,208.28,45.72,154.94,40.64,26.924,650.24,april 6- april 12,SouthEast
Rohwer,2015,Augusta A7767,248,98,245,116,15.56696,31.29682432,20.25202703,3204.39,450.14,25.77442568,69,47,177.8,208.28,45.72,154.94,40.64,26.924,650.24,april 6- april 12,SouthEast
Rohwer,2015,Pioneer P1637VYHR,247,98,245,116,15.50419,31.29682432,20.25202703,3204.39,450.14,25.77442568,69,47,177.8,208.28,45.72,154.94,40.64,26.924,650.24,april 6- april 12,SouthEast
Rohwer,2015,Croplan 6640VT3P,246.4,98,245,113,15.466528,31.29682432,20.25202703,3204.39,450.14,25.77442568,69,47,177.8,208.28,45.72,154.94,40.64,26.924,650.24,april 6- april 12,SouthEast
Rohwer,2015,MorCorn MCXP-1510,246.3,98,245,116,15.460251,31.29682432,20.25202703,3204.39,450.14,25.77442568,69,47,177.8,208.28,45.72,154.94,40.64,26.924,650.24,april 6- april 12,SouthEast
Rohwer,2015,Golden Acres G6611,246.2,98,245,116,15.453974,31.29682432,20.25202703,3204.39,450.14,25.77442568,69,47,177.8,208.28,45.72,154.94,40.64,26.924,650.24,april 6- april 12,SouthEast
Rohwer,2015,AgriGold A6501VT2RIB,245.7,98,245,112,15.422589,31.29682432,20.25202703,3204.39,450.14,25.77442568,69,47,177.8,208.28,45.72,154.94,40.64,26.924,650.24,april 6- april 12,SouthEast
Rohwer,2015,REV¨ 26BHR50ª,245.7,98,245,116,15.422589,31.29682432,20.25202703,3204.39,450.14,25.77442568,69,47,177.8,208.28,45.72,154.94,40.64,26.924,650.24,april 6- april 12,SouthEast
Rohwer,2015,AgriGold A6499VT2RIB,244.8,98,245,112,15.366096,31.29682432,20.25202703,3204.39,450.14,25.77442568,69,47,177.8,208.28,45.72,154.94,40.64,26.924,650.24,april 6- april 12,SouthEast
Rohwer,2015,Armor AXC5112,243.7,98,245,112,15.297049,31.29682432,20.25202703,3204.39,450.14,25.77442568,69,47,177.8,208.28,45.72,154.94,40.64,26.924,650.24,april 6- april 12,SouthEast
Rohwer,2015,MorCorn MC4319,243,98,245,113,15.25311,31.29682432,20.25202703,3204.39,450.14,25.77442568,69,47,177.8,208.28,45.72,154.94,40.64,26.924,650.24,april 6- april 12,SouthEast
Rohwer,2015,LG Seeds LG5618STXRIB,242.3,98,245,113,15.209171,31.29682432,20.25202703,3204.39,450.14,25.77442568,69,47,177.8,208.28,45.72,154.94,40.64,26.924,650.24,april 6- april 12,SouthEast
Rohwer,2015,NK N78S-3111,241.8,98,245,116,15.177786,31.29682432,20.25202703,3204.39,450.14,25.77442568,69,47,177.8,208.28,45.72,154.94,40.64,26.924,650.24,april 6- april 12,SouthEast
Rohwer,2015,Dyna-Gro D55VP77,241.1,98,245,115,15.133847,31.29682432,20.25202703,3204.39,450.14,25.77442568,69,47,177.8,208.28,45.72,154.94,40.64,26.924,650.24,april 6- april 12,SouthEast
Rohwer,2015,Armor A1621PRO,241.1,98,245,116,15.133847,31.29682432,20.25202703,3204.39,450.14,25.77442568,69,47,177.8,208.28,45.72,154.94,40.64,26.924,650.24,april 6- april 12,SouthEast
Rohwer,2015,Progeny PGY 5115VT2P,239.7,98,245,115,15.045969,31.29682432,20.25202703,3204.39,450.14,25.77442568,69,47,177.8,208.28,45.72,154.94,40.64,26.924,650.24,april 6- april 12,SouthEast
Rohwer,2015,Armor A1414PDG,237.8,98,245,114,14.926706,31.29682432,20.25202703,3204.39,450.14,25.77442568,69,47,177.8,208.28,45.72,154.94,40.64,26.924,650.24,april 6- april 12,SouthEast
Rohwer,2015,Dyna-Gro D56VC46,237.5,98,245,116,14.907875,31.29682432,20.25202703,3204.39,450.14,25.77442568,69,47,177.8,208.28,45.72,154.94,40.64,26.924,650.24,april 6- april 12,SouthEast
Rohwer,2015,REV¨ 24BHR93ª,237.1,98,245,114,14.882767,31.29682432,20.25202703,3204.39,450.14,25.77442568,69,47,177.8,208.28,45.72,154.94,40.64,26.924,650.24,april 6- april 12,SouthEast
Rohwer,2015,BH 8660VTTP,236.7,98,245,116,14.857659,31.29682432,20.25202703,3204.39,450.14,25.77442568,69,47,177.8,208.28,45.72,154.94,40.64,26.924,650.24,april 6- april 12,SouthEast
Rohwer,2015,Mycogen X13726VH,236.4,98,245,115,14.838828,31.29682432,20.25202703,3204.39,450.14,25.77442568,69,47,177.8,208.28,45.72,154.94,40.64,26.924,650.24,april 6- april 12,SouthEast
Rohwer,2015,MorCorn MC4354,236.1,98,245,113,14.819997,31.29682432,20.25202703,3204.39,450.14,25.77442568,69,47,177.8,208.28,45.72,154.94,40.64,26.924,650.24,april 6- april 12,SouthEast
Rohwer,2015,AgriGold A6559VT2RIB,234.5,98,245,113,14.719565,31.29682432,20.25202703,3204.39,450.14,25.77442568,69,47,177.8,208.28,45.72,154.94,40.64,26.924,650.24,april 6- april 12,SouthEast
Rohwer,2015,Dyna-Gro D54DC94,234.2,98,245,114,14.700734,31.29682432,20.25202703,3204.39,450.14,25.77442568,69,47,177.8,208.28,45.72,154.94,40.64,26.924,650.24,april 6- april 12,SouthEast
Rohwer,2015,Mycogen 2C797,234.2,98,245,113,14.700734,31.29682432,20.25202703,3204.39,450.14,25.77442568,69,47,177.8,208.28,45.72,154.94,40.64,26.924,650.24,april 6- april 12,SouthEast
Rohwer,2015,Mycogen X13813VH,234.1,98,245,113,14.694457,31.29682432,20.25202703,3204.39,450.14,25.77442568,69,47,177.8,208.28,45.72,154.94,40.64,26.924,650.24,april 6- april 12,SouthEast
Rohwer,2015,Dyna-Gro D54VP81,233.5,98,245,114,14.656795,31.29682432,20.25202703,3204.39,450.14,25.77442568,69,47,177.8,208.28,45.72,154.94,40.64,26.924,650.24,april 6- april 12,SouthEast
Rohwer,2015,LG Seeds LG5638VT2RIB,232.7,98,245,114,14.606579,31.29682432,20.25202703,3204.39,450.14,25.77442568,69,47,177.8,208.28,45.72,154.94,40.64,26.924,650.24,april 6- april 12,SouthEast
Rohwer,2015,Mycogen 2C786,231.8,98,245,114,14.550086,31.29682432,20.25202703,3204.39,450.14,25.77442568,69,47,177.8,208.28,45.72,154.94,40.64,26.924,650.24,april 6- april 12,SouthEast
Rohwer,2015,NK N79M-GT/CB/LL,231.7,98,245,116,14.543809,31.29682432,20.25202703,3204.39,450.14,25.77442568,69,47,177.8,208.28,45.72,154.94,40.64,26.924,650.24,april 6- april 12,SouthEast
Rohwer,2015,LG Seeds LG5663VT2PRO,230.9,98,245,115,14.493593,31.29682432,20.25202703,3204.39,450.14,25.77442568,69,47,177.8,208.28,45.72,154.94,40.64,26.924,650.24,april 6- april 12,SouthEast
Rohwer,2015,DEKALB DKC 66-59 GENVT2P,228.4,98,245,116,14.336668,31.29682432,20.25202703,3204.39,450.14,25.77442568,69,47,177.8,208.28,45.72,154.94,40.64,26.924,650.24,april 6- april 12,SouthEast
Rohwer,2015,Mycogen 2Y744,227.5,98,245,113,14.280175,31.29682432,20.25202703,3204.39,450.14,25.77442568,69,47,177.8,208.28,45.72,154.94,40.64,26.924,650.24,april 6- april 12,SouthEast
Rohwer,2015,Progeny PGY 4114VT2P,227.5,98,245,114,14.280175,31.29682432,20.25202703,3204.39,450.14,25.77442568,69,47,177.8,208.28,45.72,154.94,40.64,26.924,650.24,april 6- april 12,SouthEast
Rohwer,2015,Mycogen X13759S3,227.1,98,245,111,14.255067,31.29682432,20.25202703,3204.39,450.14,25.77442568,69,47,177.8,208.28,45.72,154.94,40.64,26.924,650.24,april 6- april 12,SouthEast
Rohwer,2015,Pioneer P1311YHR,226.2,98,245,113,14.198574,31.29682432,20.25202703,3204.39,450.14,25.77442568,69,47,177.8,208.28,45.72,154.94,40.64,26.924,650.24,april 6- april 12,SouthEast
Rohwer,2015,AgriGold A6579STX,226.1,98,245,114,14.192297,31.29682432,20.25202703,3204.39,450.14,25.77442568,69,47,177.8,208.28,45.72,154.94,40.64,26.924,650.24,april 6- april 12,SouthEast
Rohwer,2015,Dyna-Gro D55QC73,226.1,98,245,115,14.192297,31.29682432,20.25202703,3204.39,450.14,25.77442568,69,47,177.8,208.28,45.72,154.94,40.64,26.924,650.24,april 6- april 12,SouthEast
Rohwer,2015,Armor A0808PRO,225.3,98,245,108,14.142081,31.29682432,20.25202703,3204.39,450.14,25.77442568,69,47,177.8,208.28,45.72,154.94,40.64,26.924,650.24,april 6- april 12,SouthEast
Rohwer,2015,DEKALB DKC 63-60 GEN33,225.2,98,245,113,14.135804,31.29682432,20.25202703,3204.39,450.14,25.77442568,69,47,177.8,208.28,45.72,154.94,40.64,26.924,650.24,april 6- april 12,SouthEast
Rohwer,2015,Golden Acres 26V21,221.3,98,245,115,13.891001,31.29682432,20.25202703,3204.39,450.14,25.77442568,69,47,177.8,208.28,45.72,154.94,40.64,26.924,650.24,april 6- april 12,SouthEast
Rohwer,2015,REV¨ 22BHR43ª,220.6,98,245,112,13.847062,31.29682432,20.25202703,3204.39,450.14,25.77442568,69,47,177.8,208.28,45.72,154.94,40.64,26.924,650.24,april 6- april 12,SouthEast
Rohwer,2015,Progeny EXP16VT2P,220.4,98,245,116,13.834508,31.29682432,20.25202703,3204.39,450.14,25.77442568,69,47,177.8,208.28,45.72,154.94,40.64,26.924,650.24,april 6- april 12,SouthEast
Rohwer,2015,NK N76A-GT/CB/LL,220.2,98,245,114,13.821954,31.29682432,20.25202703,3204.39,450.14,25.77442568,69,47,177.8,208.28,45.72,154.94,40.64,26.924,650.24,april 6- april 12,SouthEast
Rohwer,2015,Armor A1033PRO,213.7,98,245,103,13.413949,31.29682432,20.25202703,3204.39,450.14,25.77442568,69,47,177.8,208.28,45.72,154.94,40.64,26.924,650.24,april 6- april 12,SouthEast
Rohwer,2015,NK N79Z-3111,211.8,98,245,115,13.294686,31.29682432,20.25202703,3204.39,450.14,25.77442568,69,47,177.8,208.28,45.72,154.94,40.64,26.924,650.24,april 6- april 12,SouthEast
Rohwer,2015,AgriGold A6573VT2RIB,211.5,98,245,112,13.275855,31.29682432,20.25202703,3204.39,450.14,25.77442568,69,47,177.8,208.28,45.72,154.94,40.64,26.924,650.24,april 6- april 12,SouthEast
Rohwer,2015,Progeny PGY 4115VT2P,209,98,245,115,13.11893,31.29682432,20.25202703,3204.39,450.14,25.77442568,69,47,177.8,208.28,45.72,154.94,40.64,26.924,650.24,april 6- april 12,SouthEast
Rohwer,2015,AgriGold A6574VT2PRO,207.1,98,245,114,12.999667,31.29682432,20.25202703,3204.39,450.14,25.77442568,69,47,177.8,208.28,45.72,154.94,40.64,26.924,650.24,april 6- april 12,SouthEast
Rohwer,2015,NK N75H-3010A,204,98,245,114,12.80508,31.29682432,20.25202703,3204.39,450.14,25.77442568,69,47,177.8,208.28,45.72,154.94,40.64,26.924,650.24,april 6- april 12,SouthEast
Rohwer,2015,DEKALB DKC 62-08 GENSS,191.5,98,245,112,12.020455,31.29682432,20.25202703,3204.39,450.14,25.77442568,69,47,177.8,208.28,45.72,154.94,40.64,26.924,650.24,april 6- april 12,SouthEast
Rohwer,2015,Augusta A7768,266.8,98,245,118,16.747036,31.29682432,20.25202703,3204.39,450.14,25.77442568,69,47,177.8,208.28,45.72,154.94,40.64,26.924,650.24,april 6- april 12,SouthEast
Rohwer,2015,Dyna-Gro D57VP51,258.8,98,245,117,16.244876,31.29682432,20.25202703,3204.39,450.14,25.77442568,69,47,177.8,208.28,45.72,154.94,40.64,26.924,650.24,april 6- april 12,SouthEast
Rohwer,2015,Armor AXC4119,256,98,245,119,16.06912,31.29682432,20.25202703,3204.39,450.14,25.77442568,69,47,177.8,208.28,45.72,154.94,40.64,26.924,650.24,april 6- april 12,SouthEast
Rohwer,2015,Augusta A7068,252.8,98,245,118,15.868256,31.29682432,20.25202703,3204.39,450.14,25.77442568,69,47,177.8,208.28,45.72,154.94,40.64,26.924,650.24,april 6- april 12,SouthEast
Rohwer,2015,AgriGold A6719VT2PRO,250.3,98,245,118,15.711331,31.29682432,20.25202703,3204.39,450.14,25.77442568,69,47,177.8,208.28,45.72,154.94,40.64,26.924,650.24,april 6- april 12,SouthEast
Rohwer,2015,Pioneer P1794VYHR,249.7,98,245,117,15.673669,31.29682432,20.25202703,3204.39,450.14,25.77442568,69,47,177.8,208.28,45.72,154.94,40.64,26.924,650.24,april 6- april 12,SouthEast
Rohwer,2015,DEKALB DKC 68-26 GENVT2P,248.8,98,245,118,15.617176,31.29682432,20.25202703,3204.39,450.14,25.77442568,69,47,177.8,208.28,45.72,154.94,40.64,26.924,650.24,april 6- april 12,SouthEast
Rohwer,2015,DEKALB DKC 67-14 GENVT2P,248.5,98,245,117,15.598345,31.29682432,20.25202703,3204.39,450.14,25.77442568,69,47,177.8,208.28,45.72,154.94,40.64,26.924,650.24,april 6- april 12,SouthEast
Rohwer,2015,Pioneer P2160YHR,248,98,245,121,15.56696,31.29682432,20.25202703,3204.39,450.14,25.77442568,69,47,177.8,208.28,45.72,154.94,40.64,26.924,650.24,april 6- april 12,SouthEast
Rohwer,2015,AgriGold A6687VT2PRO,247,98,245,117,15.50419,31.29682432,20.25202703,3204.39,450.14,25.77442568,69,47,177.8,208.28,45.72,154.94,40.64,26.924,650.24,april 6- april 12,SouthEast
Rohwer,2015,Mycogen 2D848,245.1,98,245,117,15.384927,31.29682432,20.25202703,3204.39,450.14,25.77442568,69,47,177.8,208.28,45.72,154.94,40.64,26.924,650.24,april 6- april 12,SouthEast
Rohwer,2015,AgriGold A6711VT2PRO,244.9,98,245,118,15.372373,31.29682432,20.25202703,3204.39,450.14,25.77442568,69,47,177.8,208.28,45.72,154.94,40.64,26.924,650.24,april 6- april 12,SouthEast
Rohwer,2015,REV¨ 28HR20ª,244.3,98,245,118,15.334711,31.29682432,20.25202703,3204.39,450.14,25.77442568,69,47,177.8,208.28,45.72,154.94,40.64,26.924,650.24,april 6- april 12,SouthEast
Rohwer,2015,Croplan 7927VT3P,243.3,98,245,117,15.271941,31.29682432,20.25202703,3204.39,450.14,25.77442568,69,47,177.8,208.28,45.72,154.94,40.64,26.924,650.24,april 6- april 12,SouthEast
Rohwer,2015,DEKALB DKC 67-72 GENVT2P,242.8,98,245,117,15.240556,31.29682432,20.25202703,3204.39,450.14,25.77442568,69,47,177.8,208.28,45.72,154.94,40.64,26.924,650.24,april 6- april 12,SouthEast
Rohwer,2015,MorCorn MC4799,242.5,98,245,117,15.221725,31.29682432,20.25202703,3204.39,450.14,25.77442568,69,47,177.8,208.28,45.72,154.94,40.64,26.924,650.24,april 6- april 12,SouthEast
Rohwer,2015,Dyna-Gro CX15118,240.5,98,245,118,15.096185,31.29682432,20.25202703,3204.39,450.14,25.77442568,69,47,177.8,208.28,45.72,154.94,40.64,26.924,650.24,april 6- april 12,SouthEast
Rohwer,2015,Pioneer P1916YHR,232.4,98,245,119,14.587748,31.29682432,20.25202703,3204.39,450.14,25.77442568,69,47,177.8,208.28,45.72,154.94,40.64,26.924,650.24,april 6- april 12,SouthEast
Rohwer,2015,Armor AXC5117,232.4,98,245,117,14.587748,31.29682432,20.25202703,3204.39,450.14,25.77442568,69,47,177.8,208.28,45.72,154.94,40.64,26.924,650.24,april 6- april 12,SouthEast
Rohwer,2015,Delta Grow DG3660,231.3,98,245,118,14.518701,31.29682432,20.25202703,3204.39,450.14,25.77442568,69,47,177.8,208.28,45.72,154.94,40.64,26.924,650.24,april 6- april 12,SouthEast
Rohwer,2015,Augusta A8868,229.2,98,245,118,14.386884,31.29682432,20.25202703,3204.39,450.14,25.77442568,69,47,177.8,208.28,45.72,154.94,40.64,26.924,650.24,april 6- april 12,SouthEast
Rohwer,2015,Delta Grow DG2888,219.8,98,245,115,13.796846,31.29682432,20.25202703,3204.39,450.14,25.77442568,69,47,177.8,208.28,45.72,154.94,40.64,26.924,650.24,april 6- april 12,SouthEast
Rohwer,2015,Progeny PGY 4117VT3P,213.3,98,245,117,13.388841,31.29682432,20.25202703,3204.39,450.14,25.77442568,69,47,177.8,208.28,45.72,154.94,40.64,26.924,650.24,april 6- april 12,SouthEast
Rohwer,2015,Croplan 8512DGVT2P,211.2,98,245,117,13.257024,31.29682432,20.25202703,3204.39,450.14,25.77442568,69,47,177.8,208.28,45.72,154.94,40.64,26.924,650.24,april 6- april 12,SouthEast
Rohwer,2015,NK N83D-3000GT,210.1,98,245,118,13.187977,31.29682432,20.25202703,3204.39,450.14,25.77442568,69,47,177.8,208.28,45.72,154.94,40.64,26.924,650.24,april 6- april 12,SouthEast
Bellfarm,2015,Pioneer P1637VYHR,281.9,120,258,116,17.694863,31.43453237,20.65302158,3116.76,375.91,26.04377698,64,36,129.54,215.9,53.34,86.36,35.56,38.354,558.8,april 27- may 3,CenterEast
Bellfarm,2015,Dyna-Gro D54DC94,270.2,120,258,114,16.960454,31.43453237,20.65302158,3116.76,375.91,26.04377698,64,36,129.54,215.9,53.34,86.36,35.56,38.354,558.8,april 27- may 3,CenterEast
Bellfarm,2015,BH 8688DG2P,264.4,120,258,114,16.596388,31.43453237,20.65302158,3116.76,375.91,26.04377698,64,36,129.54,215.9,53.34,86.36,35.56,38.354,558.8,april 27- may 3,CenterEast
Bellfarm,2015,AgriGold A6659VT2RIB,258,120,258,116,16.19466,31.43453237,20.65302158,3116.76,375.91,26.04377698,64,36,129.54,215.9,53.34,86.36,35.56,38.354,558.8,april 27- may 3,CenterEast
Bellfarm,2015,Augusta A6465,252.8,120,258,115,15.868256,31.43453237,20.65302158,3116.76,375.91,26.04377698,64,36,129.54,215.9,53.34,86.36,35.56,38.354,558.8,april 27- may 3,CenterEast
Bellfarm,2015,AgriGold A6559VT2RIB,252.7,120,258,113,15.861979,31.43453237,20.65302158,3116.76,375.91,26.04377698,64,36,129.54,215.9,53.34,86.36,35.56,38.354,558.8,april 27- may 3,CenterEast
Bellfarm,2015,REV¨ 25BHR26ª,252.6,120,258,115,15.855702,31.43453237,20.65302158,3116.76,375.91,26.04377698,64,36,129.54,215.9,53.34,86.36,35.56,38.354,558.8,april 27- may 3,CenterEast
Bellfarm,2015,REV¨ 26BHR50ª,251.8,120,258,116,15.805486,31.43453237,20.65302158,3116.76,375.91,26.04377698,64,36,129.54,215.9,53.34,86.36,35.56,38.354,558.8,april 27- may 3,CenterEast
Bellfarm,2015,MorCorn MC4377,251.6,120,258,113,15.792932,31.43453237,20.65302158,3116.76,375.91,26.04377698,64,36,129.54,215.9,53.34,86.36,35.56,38.354,558.8,april 27- may 3,CenterEast
Bellfarm,2015,DEKALB DKC 66-87 GENVT2P,241.5,120,258,116,15.158955,31.43453237,20.65302158,3116.76,375.91,26.04377698,64,36,129.54,215.9,53.34,86.36,35.56,38.354,558.8,april 27- may 3,CenterEast
Bellfarm,2015,Dyna-Gro D55QC73,239.5,120,258,115,15.033415,31.43453237,20.65302158,3116.76,375.91,26.04377698,64,36,129.54,215.9,53.34,86.36,35.56,38.354,558.8,april 27- may 3,CenterEast
Bellfarm,2015,MorCorn MCXP-1510,238.8,120,258,116,14.989476,31.43453237,20.65302158,3116.76,375.91,26.04377698,64,36,129.54,215.9,53.34,86.36,35.56,38.354,558.8,april 27- may 3,CenterEast
Bellfarm,2015,Armor A1414PDG,238.5,120,258,114,14.970645,31.43453237,20.65302158,3116.76,375.91,26.04377698,64,36,129.54,215.9,53.34,86.36,35.56,38.354,558.8,april 27- may 3,CenterEast
Bellfarm,2015,Mycogen X13726VH,238,120,258,115,14.93926,31.43453237,20.65302158,3116.76,375.91,26.04377698,64,36,129.54,215.9,53.34,86.36,35.56,38.354,558.8,april 27- may 3,CenterEast
Bellfarm,2015,Croplan 6640VT3P,237.3,120,258,113,14.895321,31.43453237,20.65302158,3116.76,375.91,26.04377698,64,36,129.54,215.9,53.34,86.36,35.56,38.354,558.8,april 27- may 3,CenterEast
Bellfarm,2015,REV¨ 23BHR55ª,236.6,120,258,113,14.851382,31.43453237,20.65302158,3116.76,375.91,26.04377698,64,36,129.54,215.9,53.34,86.36,35.56,38.354,558.8,april 27- may 3,CenterEast
Bellfarm,2015,BH 8732VTTP,235.8,120,258,116,14.801166,31.43453237,20.65302158,3116.76,375.91,26.04377698,64,36,129.54,215.9,53.34,86.36,35.56,38.354,558.8,april 27- may 3,CenterEast
Bellfarm,2015,Dyna-Gro D56VC46,235.6,120,258,116,14.788612,31.43453237,20.65302158,3116.76,375.91,26.04377698,64,36,129.54,215.9,53.34,86.36,35.56,38.354,558.8,april 27- may 3,CenterEast
Bellfarm,2015,AgriGold A6501VT2RIB,234.9,120,258,112,14.744673,31.43453237,20.65302158,3116.76,375.91,26.04377698,64,36,129.54,215.9,53.34,86.36,35.56,38.354,558.8,april 27- may 3,CenterEast
Bellfarm,2015,BH 8735VTTP,234.2,120,258,116,14.700734,31.43453237,20.65302158,3116.76,375.91,26.04377698,64,36,129.54,215.9,53.34,86.36,35.56,38.354,558.8,april 27- may 3,CenterEast
Bellfarm,2015,Augusta A7767,233.5,120,258,116,14.656795,31.43453237,20.65302158,3116.76,375.91,26.04377698,64,36,129.54,215.9,53.34,86.36,35.56,38.354,558.8,april 27- may 3,CenterEast
Bellfarm,2015,LG Seeds LG5638VT2RIB,233.1,120,258,114,14.631687,31.43453237,20.65302158,3116.76,375.91,26.04377698,64,36,129.54,215.9,53.34,86.36,35.56,38.354,558.8,april 27- may 3,CenterEast
Bellfarm,2015,Dyna-Gro D54VP81,232.8,120,258,114,14.612856,31.43453237,20.65302158,3116.76,375.91,26.04377698,64,36,129.54,215.9,53.34,86.36,35.56,38.354,558.8,april 27- may 3,CenterEast
Bellfarm,2015,Armor A1621PRO,232.4,120,258,116,14.587748,31.43453237,20.65302158,3116.76,375.91,26.04377698,64,36,129.54,215.9,53.34,86.36,35.56,38.354,558.8,april 27- may 3,CenterEast
Bellfarm,2015,NK N79Z-3111,232,120,258,115,14.56264,31.43453237,20.65302158,3116.76,375.91,26.04377698,64,36,129.54,215.9,53.34,86.36,35.56,38.354,558.8,april 27- may 3,CenterEast
Bellfarm,2015,REV¨ 22BHR43ª,232,120,258,112,14.56264,31.43453237,20.65302158,3116.76,375.91,26.04377698,64,36,129.54,215.9,53.34,86.36,35.56,38.354,558.8,april 27- may 3,CenterEast
Bellfarm,2015,AgriGold A6499VT2RIB,230.9,120,258,112,14.493593,31.43453237,20.65302158,3116.76,375.91,26.04377698,64,36,129.54,215.9,53.34,86.36,35.56,38.354,558.8,april 27- may 3,CenterEast
Bellfarm,2015,Progeny PGY 4114VT2P,229.9,120,258,114,14.430823,31.43453237,20.65302158,3116.76,375.91,26.04377698,64,36,129.54,215.9,53.34,86.36,35.56,38.354,558.8,april 27- may 3,CenterEast
Bellfarm,2015,DEKALB DKC 62-08 GENSS,229.3,120,258,112,14.393161,31.43453237,20.65302158,3116.76,375.91,26.04377698,64,36,129.54,215.9,53.34,86.36,35.56,38.354,558.8,april 27- may 3,CenterEast
Bellfarm,2015,AgriGold A6579STX,228.7,120,258,114,14.355499,31.43453237,20.65302158,3116.76,375.91,26.04377698,64,36,129.54,215.9,53.34,86.36,35.56,38.354,558.8,april 27- may 3,CenterEast
Bellfarm,2015,LG Seeds LG5663VT2PRO,228.5,120,258,115,14.342945,31.43453237,20.65302158,3116.76,375.91,26.04377698,64,36,129.54,215.9,53.34,86.36,35.56,38.354,558.8,april 27- may 3,CenterEast
Bellfarm,2015,BH 8660VTTP,228.3,120,258,116,14.330391,31.43453237,20.65302158,3116.76,375.91,26.04377698,64,36,129.54,215.9,53.34,86.36,35.56,38.354,558.8,april 27- may 3,CenterEast
Bellfarm,2015,NK N78S-3111,228.1,120,258,116,14.317837,31.43453237,20.65302158,3116.76,375.91,26.04377698,64,36,129.54,215.9,53.34,86.36,35.56,38.354,558.8,april 27- may 3,CenterEast
Bellfarm,2015,Progeny PGY 4115VT2P,227.5,120,258,115,14.280175,31.43453237,20.65302158,3116.76,375.91,26.04377698,64,36,129.54,215.9,53.34,86.36,35.56,38.354,558.8,april 27- may 3,CenterEast
Bellfarm,2015,Mycogen 2C786,226.4,120,258,114,14.211128,31.43453237,20.65302158,3116.76,375.91,26.04377698,64,36,129.54,215.9,53.34,86.36,35.56,38.354,558.8,april 27- may 3,CenterEast
Bellfarm,2015,MorCorn MC4319,226.3,120,258,113,14.204851,31.43453237,20.65302158,3116.76,375.91,26.04377698,64,36,129.54,215.9,53.34,86.36,35.56,38.354,558.8,april 27- may 3,CenterEast
Bellfarm,2015,AgriGold A6573VT2RIB,226.2,120,258,112,14.198574,31.43453237,20.65302158,3116.76,375.91,26.04377698,64,36,129.54,215.9,53.34,86.36,35.56,38.354,558.8,april 27- may 3,CenterEast
Bellfarm,2015,LG Seeds LG5618STXRIB,225.6,120,258,113,14.160912,31.43453237,20.65302158,3116.76,375.91,26.04377698,64,36,129.54,215.9,53.34,86.36,35.56,38.354,558.8,april 27- may 3,CenterEast
Bellfarm,2015,DEKALB DKC 66-59 GENVT2P,225.4,120,258,116,14.148358,31.43453237,20.65302158,3116.76,375.91,26.04377698,64,36,129.54,215.9,53.34,86.36,35.56,38.354,558.8,april 27- may 3,CenterEast
Bellfarm,2015,Golden Acres G6611,224.4,120,258,116,14.085588,31.43453237,20.65302158,3116.76,375.91,26.04377698,64,36,129.54,215.9,53.34,86.36,35.56,38.354,558.8,april 27- may 3,CenterEast
Bellfarm,2015,Pioneer P1311YHR,222.4,120,258,113,13.960048,31.43453237,20.65302158,3116.76,375.91,26.04377698,64,36,129.54,215.9,53.34,86.36,35.56,38.354,558.8,april 27- may 3,CenterEast
Bellfarm,2015,Progeny EXP16VT2P,222.3,120,258,116,13.953771,31.43453237,20.65302158,3116.76,375.91,26.04377698,64,36,129.54,215.9,53.34,86.36,35.56,38.354,558.8,april 27- may 3,CenterEast
Bellfarm,2015,MorCorn MC4354,222.2,120,258,113,13.947494,31.43453237,20.65302158,3116.76,375.91,26.04377698,64,36,129.54,215.9,53.34,86.36,35.56,38.354,558.8,april 27- may 3,CenterEast
Bellfarm,2015,Mycogen X13813VH,222,120,258,113,13.93494,31.43453237,20.65302158,3116.76,375.91,26.04377698,64,36,129.54,215.9,53.34,86.36,35.56,38.354,558.8,april 27- may 3,CenterEast
Bellfarm,2015,Dyna-Gro D55VP77,221.8,120,258,115,13.922386,31.43453237,20.65302158,3116.76,375.91,26.04377698,64,36,129.54,215.9,53.34,86.36,35.56,38.354,558.8,april 27- may 3,CenterEast
Bellfarm,2015,AgriGold A6574VT2PRO,220.8,120,258,114,13.859616,31.43453237,20.65302158,3116.76,375.91,26.04377698,64,36,129.54,215.9,53.34,86.36,35.56,38.354,558.8,april 27- may 3,CenterEast
Bellfarm,2015,Mycogen 2C797,220.1,120,258,113,13.815677,31.43453237,20.65302158,3116.76,375.91,26.04377698,64,36,129.54,215.9,53.34,86.36,35.56,38.354,558.8,april 27- may 3,CenterEast
Bellfarm,2015,DEKALB DKC 63-60 GEN33,220,120,258,113,13.8094,31.43453237,20.65302158,3116.76,375.91,26.04377698,64,36,129.54,215.9,53.34,86.36,35.56,38.354,558.8,april 27- may 3,CenterEast
Bellfarm,2015,Armor A0808PRO,219.6,120,258,108,13.784292,31.43453237,20.65302158,3116.76,375.91,26.04377698,64,36,129.54,215.9,53.34,86.36,35.56,38.354,558.8,april 27- may 3,CenterEast
Bellfarm,2015,NK N75H-3010A,216.9,120,258,114,13.614813,31.43453237,20.65302158,3116.76,375.91,26.04377698,64,36,129.54,215.9,53.34,86.36,35.56,38.354,558.8,april 27- may 3,CenterEast
Bellfarm,2015,NK N76A-GT/CB/LL,215.5,120,258,114,13.526935,31.43453237,20.65302158,3116.76,375.91,26.04377698,64,36,129.54,215.9,53.34,86.36,35.56,38.354,558.8,april 27- may 3,CenterEast
Bellfarm,2015,REV¨ 24BHR93ª,214.6,120,258,114,13.470442,31.43453237,20.65302158,3116.76,375.91,26.04377698,64,36,129.54,215.9,53.34,86.36,35.56,38.354,558.8,april 27- may 3,CenterEast
Bellfarm,2015,Progeny PGY 5115VT2P,213.7,120,258,115,13.413949,31.43453237,20.65302158,3116.76,375.91,26.04377698,64,36,129.54,215.9,53.34,86.36,35.56,38.354,558.8,april 27- may 3,CenterEast
Bellfarm,2015,Golden Acres 26V21,213.6,120,258,115,13.407672,31.43453237,20.65302158,3116.76,375.91,26.04377698,64,36,129.54,215.9,53.34,86.36,35.56,38.354,558.8,april 27- may 3,CenterEast
Bellfarm,2015,Armor AXC5112,212.6,120,258,112,13.344902,31.43453237,20.65302158,3116.76,375.91,26.04377698,64,36,129.54,215.9,53.34,86.36,35.56,38.354,558.8,april 27- may 3,CenterEast
Bellfarm,2015,NK N79M-GT/CB/LL,208.7,120,258,116,13.100099,31.43453237,20.65302158,3116.76,375.91,26.04377698,64,36,129.54,215.9,53.34,86.36,35.56,38.354,558.8,april 27- may 3,CenterEast
Bellfarm,2015,Mycogen 2Y744,208.7,120,258,113,13.100099,31.43453237,20.65302158,3116.76,375.91,26.04377698,64,36,129.54,215.9,53.34,86.36,35.56,38.354,558.8,april 27- may 3,CenterEast
Bellfarm,2015,Mycogen X13759S3,205.8,120,258,111,12.918066,31.43453237,20.65302158,3116.76,375.91,26.04377698,64,36,129.54,215.9,53.34,86.36,35.56,38.354,558.8,april 27- may 3,CenterEast
Bellfarm,2015,Armor A1033PRO,202.4,120,258,103,12.704648,31.43453237,20.65302158,3116.76,375.91,26.04377698,64,36,129.54,215.9,53.34,86.36,35.56,38.354,558.8,april 27- may 3,CenterEast
Bellfarm,2015,Dyna-Gro CX15118,260.6,120,258,118,16.357862,31.43453237,20.65302158,3116.76,375.91,26.04377698,64,36,129.54,215.9,53.34,86.36,35.56,38.354,558.8,april 27- may 3,CenterEast
Bellfarm,2015,Pioneer P1794VYHR,259,120,258,117,16.25743,31.43453237,20.65302158,3116.76,375.91,26.04377698,64,36,129.54,215.9,53.34,86.36,35.56,38.354,558.8,april 27- may 3,CenterEast
Bellfarm,2015,Armor AXC5117,255.5,120,258,117,16.037735,31.43453237,20.65302158,3116.76,375.91,26.04377698,64,36,129.54,215.9,53.34,86.36,35.56,38.354,558.8,april 27- may 3,CenterEast
Bellfarm,2015,AgriGold A6711VT2PRO,254.2,120,258,118,15.956134,31.43453237,20.65302158,3116.76,375.91,26.04377698,64,36,129.54,215.9,53.34,86.36,35.56,38.354,558.8,april 27- may 3,CenterEast
Bellfarm,2015,DEKALB DKC 67-14 GENVT2P,250.7,120,258,117,15.736439,31.43453237,20.65302158,3116.76,375.91,26.04377698,64,36,129.54,215.9,53.34,86.36,35.56,38.354,558.8,april 27- may 3,CenterEast
Bellfarm,2015,Augusta A7768,248.6,120,258,118,15.604622,31.43453237,20.65302158,3116.76,375.91,26.04377698,64,36,129.54,215.9,53.34,86.36,35.56,38.354,558.8,april 27- may 3,CenterEast
Bellfarm,2015,Dyna-Gro D57VP51,238.4,120,258,117,14.964368,31.43453237,20.65302158,3116.76,375.91,26.04377698,64,36,129.54,215.9,53.34,86.36,35.56,38.354,558.8,april 27- may 3,CenterEast
Bellfarm,2015,AgriGold A6719VT2PRO,238.3,120,258,118,14.958091,31.43453237,20.65302158,3116.76,375.91,26.04377698,64,36,129.54,215.9,53.34,86.36,35.56,38.354,558.8,april 27- may 3,CenterEast
Bellfarm,2015,Pioneer P2160YHR,238,120,258,121,14.93926,31.43453237,20.65302158,3116.76,375.91,26.04377698,64,36,129.54,215.9,53.34,86.36,35.56,38.354,558.8,april 27- may 3,CenterEast
Bellfarm,2015,Delta Grow DG2888,236.1,120,258,115,14.819997,31.43453237,20.65302158,3116.76,375.91,26.04377698,64,36,129.54,215.9,53.34,86.36,35.56,38.354,558.8,april 27- may 3,CenterEast
Bellfarm,2015,DEKALB DKC 67-72 GENVT2P,231.5,120,258,117,14.531255,31.43453237,20.65302158,3116.76,375.91,26.04377698,64,36,129.54,215.9,53.34,86.36,35.56,38.354,558.8,april 27- may 3,CenterEast
Bellfarm,2015,DEKALB DKC 68-26 GENVT2P,231,120,258,118,14.49987,31.43453237,20.65302158,3116.76,375.91,26.04377698,64,36,129.54,215.9,53.34,86.36,35.56,38.354,558.8,april 27- may 3,CenterEast
Bellfarm,2015,Augusta A8868,230.3,120,258,118,14.455931,31.43453237,20.65302158,3116.76,375.91,26.04377698,64,36,129.54,215.9,53.34,86.36,35.56,38.354,558.8,april 27- may 3,CenterEast
Bellfarm,2015,AgriGold A6687VT2PRO,229.1,120,258,117,14.380607,31.43453237,20.65302158,3116.76,375.91,26.04377698,64,36,129.54,215.9,53.34,86.36,35.56,38.354,558.8,april 27- may 3,CenterEast
Bellfarm,2015,MorCorn MC4799,228.6,120,258,117,14.349222,31.43453237,20.65302158,3116.76,375.91,26.04377698,64,36,129.54,215.9,53.34,86.36,35.56,38.354,558.8,april 27- may 3,CenterEast
Bellfarm,2015,NK N83D-3000GT,223.7,120,258,118,14.041649,31.43453237,20.65302158,3116.76,375.91,26.04377698,64,36,129.54,215.9,53.34,86.36,35.56,38.354,558.8,april 27- may 3,CenterEast
Bellfarm,2015,Croplan 8512DGVT2P,221.9,120,258,117,13.928663,31.43453237,20.65302158,3116.76,375.91,26.04377698,64,36,129.54,215.9,53.34,86.36,35.56,38.354,558.8,april 27- may 3,CenterEast
Bellfarm,2015,Croplan 7927VT3P,220.2,120,258,117,13.821954,31.43453237,20.65302158,3116.76,375.91,26.04377698,64,36,129.54,215.9,53.34,86.36,35.56,38.354,558.8,april 27- may 3,CenterEast
Bellfarm,2015,Delta Grow DG3660,219.1,120,258,118,13.752907,31.43453237,20.65302158,3116.76,375.91,26.04377698,64,36,129.54,215.9,53.34,86.36,35.56,38.354,558.8,april 27- may 3,CenterEast
Bellfarm,2015,Pioneer P1916YHR,219,120,258,119,13.74663,31.43453237,20.65302158,3116.76,375.91,26.04377698,64,36,129.54,215.9,53.34,86.36,35.56,38.354,558.8,april 27- may 3,CenterEast
Bellfarm,2015,REV¨ 28HR20ª,211.8,120,258,118,13.294686,31.43453237,20.65302158,3116.76,375.91,26.04377698,64,36,129.54,215.9,53.34,86.36,35.56,38.354,558.8,april 27- may 3,CenterEast
Bellfarm,2015,Mycogen 2D848,201.3,120,258,117,12.635601,31.43453237,20.65302158,3116.76,375.91,26.04377698,64,36,129.54,215.9,53.34,86.36,35.56,38.354,558.8,april 27- may 3,CenterEast
Bellfarm,2015,Augusta A7068,190.4,120,258,118,11.951408,31.43453237,20.65302158,3116.76,375.91,26.04377698,64,36,129.54,215.9,53.34,86.36,35.56,38.354,558.8,april 27- may 3,CenterEast
Bellfarm,2015,Armor AXC4119,190.1,120,258,119,11.932577,31.43453237,20.65302158,3116.76,375.91,26.04377698,64,36,129.54,215.9,53.34,86.36,35.56,38.354,558.8,april 27- may 3,CenterEast
Bellfarm,2015,Progeny PGY 4117VT3P,188.8,120,258,117,11.850976,31.43453237,20.65302158,3116.76,375.91,26.04377698,64,36,129.54,215.9,53.34,86.36,35.56,38.354,558.8,april 27- may 3,CenterEast
Keiser,2016,Delta Grow DG2888 GTCBLLVIP,221.3,102,256,115,13.891001,29.31193548,19.72619355,3338.47,516.88,24.51906452,56,12,210.82,101.6,76.2,38.1,137.16,0,563.88,april 6- april 12,NorthEast
Keiser,2016,AgriGold A6559VT2RIB,221.1,102,256,113,13.878447,29.31193548,19.72619355,3338.47,516.88,24.51906452,56,12,210.82,101.6,76.2,38.1,137.16,0,563.88,april 6- april 12,NorthEast
Keiser,2016,Mycogen 2Y744,218.7,102,256,113,13.727799,29.31193548,19.72619355,3338.47,516.88,24.51906452,56,12,210.82,101.6,76.2,38.1,137.16,0,563.88,april 6- april 12,NorthEast
Keiser,2016,BH 8688DG2P,218,102,256,114,13.68386,29.31193548,19.72619355,3338.47,516.88,24.51906452,56,12,210.82,101.6,76.2,38.1,137.16,0,563.88,april 6- april 12,NorthEast
Keiser,2016,Augusta 7766 VT2PRO,215.2,102,256,116,13.508104,29.31193548,19.72619355,3338.47,516.88,24.51906452,56,12,210.82,101.6,76.2,38.1,137.16,0,563.88,april 6- april 12,NorthEast
Keiser,2016,Mycogen X13823S3,215.1,102,256,113,13.501827,29.31193548,19.72619355,3338.47,516.88,24.51906452,56,12,210.82,101.6,76.2,38.1,137.16,0,563.88,april 6- april 12,NorthEast
Keiser,2016,DEKALB DKC 66-87,212.5,102,256,116,13.338625,29.31193548,19.72619355,3338.47,516.88,24.51906452,56,12,210.82,101.6,76.2,38.1,137.16,0,563.88,april 6- april 12,NorthEast
Keiser,2016,AgriGold A6659VT2RIB,211.9,102,256,116,13.300963,29.31193548,19.72619355,3338.47,516.88,24.51906452,56,12,210.82,101.6,76.2,38.1,137.16,0,563.88,april 6- april 12,NorthEast
Keiser,2016,REV¨ 25BHR26ª,211.1,102,256,115,13.250747,29.31193548,19.72619355,3338.47,516.88,24.51906452,56,12,210.82,101.6,76.2,38.1,137.16,0,563.88,april 6- april 12,NorthEast
Keiser,2016,LG5650VT2Pro,211,102,256,114,13.24447,29.31193548,19.72619355,3338.47,516.88,24.51906452,56,12,210.82,101.6,76.2,38.1,137.16,0,563.88,april 6- april 12,NorthEast
Keiser,2016,Mycogen 2J794,210.8,102,256,115,13.231916,29.31193548,19.72619355,3338.47,516.88,24.51906452,56,12,210.82,101.6,76.2,38.1,137.16,0,563.88,april 6- april 12,NorthEast
Keiser,2016,LG5643VT2Pro,210.3,102,256,114,13.200531,29.31193548,19.72619355,3338.47,516.88,24.51906452,56,12,210.82,101.6,76.2,38.1,137.16,0,563.88,april 6- april 12,NorthEast
Keiser,2016,AgriGold A6544VT2PRO,210,102,256,113,13.1817,29.31193548,19.72619355,3338.47,516.88,24.51906452,56,12,210.82,101.6,76.2,38.1,137.16,0,563.88,april 6- april 12,NorthEast
Keiser,2016,Progeny PGY 5115VT2P,208.8,102,256,115,13.106376,29.31193548,19.72619355,3338.47,516.88,24.51906452,56,12,210.82,101.6,76.2,38.1,137.16,0,563.88,april 6- april 12,NorthEast
Keiser,2016,Mycogen X13813VH,208.6,102,256,113,13.093822,29.31193548,19.72619355,3338.47,516.88,24.51906452,56,12,210.82,101.6,76.2,38.1,137.16,0,563.88,april 6- april 12,NorthEast
Keiser,2016,Armor 1100 PRO2,207.1,102,256,110,12.999667,29.31193548,19.72619355,3338.47,516.88,24.51906452,56,12,210.82,101.6,76.2,38.1,137.16,0,563.88,april 6- april 12,NorthEast
Keiser,2016,Progeny PGY 6116VT2P,207,102,256,116,12.99339,29.31193548,19.72619355,3338.47,516.88,24.51906452,56,12,210.82,101.6,76.2,38.1,137.16,0,563.88,april 6- april 12,NorthEast
Keiser,2016,Progeny PGY 6110VT2P,206.7,102,256,110,12.974559,29.31193548,19.72619355,3338.47,516.88,24.51906452,56,12,210.82,101.6,76.2,38.1,137.16,0,563.88,april 6- april 12,NorthEast
Keiser,2016,Mycogen X14730VH,206.5,102,256,113,12.962005,29.31193548,19.72619355,3338.47,516.88,24.51906452,56,12,210.82,101.6,76.2,38.1,137.16,0,563.88,april 6- april 12,NorthEast
Keiser,2016,AgriGold A6499VT2RIB,206.3,102,256,112,12.949451,29.31193548,19.72619355,3338.47,516.88,24.51906452,56,12,210.82,101.6,76.2,38.1,137.16,0,563.88,april 6- april 12,NorthEast
Keiser,2016,Mycogen X14677VH,205.8,102,256,113,12.918066,29.31193548,19.72619355,3338.47,516.88,24.51906452,56,12,210.82,101.6,76.2,38.1,137.16,0,563.88,april 6- april 12,NorthEast
Keiser,2016,MorCorn MCXP1616VT2PRIB,205.2,102,256,116,12.880404,29.31193548,19.72619355,3338.47,516.88,24.51906452,56,12,210.82,101.6,76.2,38.1,137.16,0,563.88,april 6- april 12,NorthEast
Keiser,2016,Armor 1414 PRO2,205,102,256,114,12.86785,29.31193548,19.72619355,3338.47,516.88,24.51906452,56,12,210.82,101.6,76.2,38.1,137.16,0,563.88,april 6- april 12,NorthEast
Keiser,2016,AgriGold A6652VT2PRO,204.6,102,256,116,12.842742,29.31193548,19.72619355,3338.47,516.88,24.51906452,56,12,210.82,101.6,76.2,38.1,137.16,0,563.88,april 6- april 12,NorthEast
Keiser,2016,Armor AXG6112 3000GT,203.9,102,256,112,12.798803,29.31193548,19.72619355,3338.47,516.88,24.51906452,56,12,210.82,101.6,76.2,38.1,137.16,0,563.88,april 6- april 12,NorthEast
Keiser,2016,Pioneer P1311YHR,203.8,102,256,113,12.792526,29.31193548,19.72619355,3338.47,516.88,24.51906452,56,12,210.82,101.6,76.2,38.1,137.16,0,563.88,april 6- april 12,NorthEast
Keiser,2016,AgriGold A6572VT2PRO,203.6,102,256,114,12.779972,29.31193548,19.72619355,3338.47,516.88,24.51906452,56,12,210.82,101.6,76.2,38.1,137.16,0,563.88,april 6- april 12,NorthEast
Keiser,2016,Croplan 5390VT3P,203.6,102,256,113,12.779972,29.31193548,19.72619355,3338.47,516.88,24.51906452,56,12,210.82,101.6,76.2,38.1,137.16,0,563.88,april 6- april 12,NorthEast
Keiser,2016,BH 8721VT2P,203.1,102,256,117,12.748587,29.31193548,19.72619355,3338.47,516.88,24.51906452,56,12,210.82,101.6,76.2,38.1,137.16,0,563.88,april 6- april 12,NorthEast
Keiser,2016,Croplan 5678VT3P,202.7,102,256,116,12.723479,29.31193548,19.72619355,3338.47,516.88,24.51906452,56,12,210.82,101.6,76.2,38.1,137.16,0,563.88,april 6- april 12,NorthEast
Keiser,2016,Pioneer P1637VYHR,202.6,102,256,116,12.717202,29.31193548,19.72619355,3338.47,516.88,24.51906452,56,12,210.82,101.6,76.2,38.1,137.16,0,563.88,april 6- april 12,NorthEast
Keiser,2016,MorCorn MC4319VT2PRIB,200.5,102,256,113,12.585385,29.31193548,19.72619355,3338.47,516.88,24.51906452,56,12,210.82,101.6,76.2,38.1,137.16,0,563.88,april 6- april 12,NorthEast
Keiser,2016,Armor 1340 PRO2,200.4,102,256,113,12.579108,29.31193548,19.72619355,3338.47,516.88,24.51906452,56,12,210.82,101.6,76.2,38.1,137.16,0,563.88,april 6- april 12,NorthEast
Keiser,2016,Pioneer P1197YHR,200.2,102,256,111,12.566554,29.31193548,19.72619355,3338.47,516.88,24.51906452,56,12,210.82,101.6,76.2,38.1,137.16,0,563.88,april 6- april 12,NorthEast
Keiser,2016,Armor AXC6116 PRO2,200.1,102,256,116,12.560277,29.31193548,19.72619355,3338.47,516.88,24.51906452,56,12,210.82,101.6,76.2,38.1,137.16,0,563.88,april 6- april 12,NorthEast
Keiser,2016,BH 8590VT2P,199.7,102,256,115,12.535169,29.31193548,19.72619355,3338.47,516.88,24.51906452,56,12,210.82,101.6,76.2,38.1,137.16,0,563.88,april 6- april 12,NorthEast
Keiser,2016,Armor 1500 PRO2,199.4,102,256,115,12.516338,29.31193548,19.72619355,3338.47,516.88,24.51906452,56,12,210.82,101.6,76.2,38.1,137.16,0,563.88,april 6- april 12,NorthEast
Keiser,2016,LG5663VT2RIB,199.3,102,256,115,12.510061,29.31193548,19.72619355,3338.47,516.88,24.51906452,56,12,210.82,101.6,76.2,38.1,137.16,0,563.88,april 6- april 12,NorthEast
Keiser,2016,REV¨ 23BHR55ª,199.2,102,256,113,12.503784,29.31193548,19.72619355,3338.47,516.88,24.51906452,56,12,210.82,101.6,76.2,38.1,137.16,0,563.88,april 6- april 12,NorthEast
Keiser,2016,Dyna-Gro D54VC52,197.9,102,256,114,12.422183,29.31193548,19.72619355,3338.47,516.88,24.51906452,56,12,210.82,101.6,76.2,38.1,137.16,0,563.88,april 6- april 12,NorthEast
Keiser,2016,Dyna-Gro D54DC94,197.8,102,256,114,12.415906,29.31193548,19.72619355,3338.47,516.88,24.51906452,56,12,210.82,101.6,76.2,38.1,137.16,0,563.88,april 6- april 12,NorthEast
Keiser,2016,DEKALB DKC 64-35,196.1,102,256,114,12.309197,29.31193548,19.72619355,3338.47,516.88,24.51906452,56,12,210.82,101.6,76.2,38.1,137.16,0,563.88,april 6- april 12,NorthEast
Keiser,2016,Augusta 1564 GTCBLL,194.7,102,256,114,12.221319,29.31193548,19.72619355,3338.47,516.88,24.51906452,56,12,210.82,101.6,76.2,38.1,137.16,0,563.88,april 6- april 12,NorthEast
Keiser,2016,Progeny PGY 4114VT2P,193.1,102,256,114,12.120887,29.31193548,19.72619355,3338.47,516.88,24.51906452,56,12,210.82,101.6,76.2,38.1,137.16,0,563.88,april 6- april 12,NorthEast
Keiser,2016,REV¨ 24BHR93ª,192.2,102,256,114,12.064394,29.31193548,19.72619355,3338.47,516.88,24.51906452,56,12,210.82,101.6,76.2,38.1,137.16,0,563.88,april 6- april 12,NorthEast
Keiser,2016,Progeny PGY EXP1615VT2P,192,102,256,115,12.05184,29.31193548,19.72619355,3338.47,516.88,24.51906452,56,12,210.82,101.6,76.2,38.1,137.16,0,563.88,april 6- april 12,NorthEast
Keiser,2016,MorCorn MCXP1617SS,188.8,102,256,116,11.850976,29.31193548,19.72619355,3338.47,516.88,24.51906452,56,12,210.82,101.6,76.2,38.1,137.16,0,563.88,april 6- april 12,NorthEast
Keiser,2016,MorCorn MCXP1615VT2PRIB,186.3,102,256,116,11.694051,29.31193548,19.72619355,3338.47,516.88,24.51906452,56,12,210.82,101.6,76.2,38.1,137.16,0,563.88,april 6- april 12,NorthEast
Keiser,2016,REV¨ 26BHR50ª,186,102,256,116,11.67522,29.31193548,19.72619355,3338.47,516.88,24.51906452,56,12,210.82,101.6,76.2,38.1,137.16,0,563.88,april 6- april 12,NorthEast
Keiser,2016,Augusta 5566 GTCBLL,181.8,102,256,116,11.411586,29.31193548,19.72619355,3338.47,516.88,24.51906452,56,12,210.82,101.6,76.2,38.1,137.16,0,563.88,april 6- april 12,NorthEast
Keiser,2016,DEKALB DKC 67-14,230.2,102,256,117,14.449654,29.31193548,19.72619355,3338.47,516.88,24.51906452,56,12,210.82,101.6,76.2,38.1,137.16,0,563.88,april 6- april 12,NorthEast
Keiser,2016,Progeny PGY 6119VT2P,228.8,102,256,119,14.361776,29.31193548,19.72619355,3338.47,516.88,24.51906452,56,12,210.82,101.6,76.2,38.1,137.16,0,563.88,april 6- april 12,NorthEast
Keiser,2016,Armor 1717 PRO2,225.8,102,256,117,14.173466,29.31193548,19.72619355,3338.47,516.88,24.51906452,56,12,210.82,101.6,76.2,38.1,137.16,0,563.88,april 6- april 12,NorthEast
Keiser,2016,Pioneer P2160YHR,221.3,102,256,121,13.891001,29.31193548,19.72619355,3338.47,516.88,24.51906452,56,12,210.82,101.6,76.2,38.1,137.16,0,563.88,april 6- april 12,NorthEast
Keiser,2016,Delta Grow DG3660 GTCBLLVIP,220.8,102,256,118,13.859616,29.31193548,19.72619355,3338.47,516.88,24.51906452,56,12,210.82,101.6,76.2,38.1,137.16,0,563.88,april 6- april 12,NorthEast
Keiser,2016,Dyna-Gro D58VC37,220.4,102,256,118,13.834508,29.31193548,19.72619355,3338.47,516.88,24.51906452,56,12,210.82,101.6,76.2,38.1,137.16,0,563.88,april 6- april 12,NorthEast
Keiser,2016,DEKALB DKC 68-26,220.1,102,256,118,13.815677,29.31193548,19.72619355,3338.47,516.88,24.51906452,56,12,210.82,101.6,76.2,38.1,137.16,0,563.88,april 6- april 12,NorthEast
Keiser,2016,DEKALB DKC 70-27,219.3,102,256,120,13.765461,29.31193548,19.72619355,3338.47,516.88,24.51906452,56,12,210.82,101.6,76.2,38.1,137.16,0,563.88,april 6- april 12,NorthEast
Keiser,2016,MorCorn MCXP1618VT3PRIB,217.1,102,256,117,13.627367,29.31193548,19.72619355,3338.47,516.88,24.51906452,56,12,210.82,101.6,76.2,38.1,137.16,0,563.88,april 6- april 12,NorthEast
Keiser,2016,DEKALB DKC 67-72,216.9,102,256,117,13.614813,29.31193548,19.72619355,3338.47,516.88,24.51906452,56,12,210.82,101.6,76.2,38.1,137.16,0,563.88,april 6- april 12,NorthEast
Keiser,2016,DEKALB DKC 67-44,216.8,102,256,117,13.608536,29.31193548,19.72619355,3338.47,516.88,24.51906452,56,12,210.82,101.6,76.2,38.1,137.16,0,563.88,april 6- april 12,NorthEast
Keiser,2016,MorCorn MC4725VT2PRIB,216.3,102,256,117,13.577151,29.31193548,19.72619355,3338.47,516.88,24.51906452,56,12,210.82,101.6,76.2,38.1,137.16,0,563.88,april 6- april 12,NorthEast
Keiser,2016,Pioneer P1916YHR,213.5,102,256,119,13.401395,29.31193548,19.72619355,3338.47,516.88,24.51906452,56,12,210.82,101.6,76.2,38.1,137.16,0,563.88,april 6- april 12,NorthEast
Keiser,2016,AgriGold A6711VT2PRO,213.3,102,256,118,13.388841,29.31193548,19.72619355,3338.47,516.88,24.51906452,56,12,210.82,101.6,76.2,38.1,137.16,0,563.88,april 6- april 12,NorthEast
Keiser,2016,MorCorn MCXP1619GTCBLLRW,212.2,102,256,117,13.319794,29.31193548,19.72619355,3338.47,516.88,24.51906452,56,12,210.82,101.6,76.2,38.1,137.16,0,563.88,april 6- april 12,NorthEast
Keiser,2016,Augusta 7768 3110,211.6,102,256,118,13.282132,29.31193548,19.72619355,3338.47,516.88,24.51906452,56,12,210.82,101.6,76.2,38.1,137.16,0,563.88,april 6- april 12,NorthEast
Keiser,2016,Armor AXG6118 3000GT,210.6,102,256,118,13.219362,29.31193548,19.72619355,3338.47,516.88,24.51906452,56,12,210.82,101.6,76.2,38.1,137.16,0,563.88,april 6- april 12,NorthEast
Keiser,2016,Delta Grow DG2688 GTCBLL,210.3,102,256,118,13.200531,29.31193548,19.72619355,3338.47,516.88,24.51906452,56,12,210.82,101.6,76.2,38.1,137.16,0,563.88,april 6- april 12,NorthEast
Keiser,2016,Dyna-Gro D58VC65,209.8,102,256,118,13.169146,29.31193548,19.72619355,3338.47,516.88,24.51906452,56,12,210.82,101.6,76.2,38.1,137.16,0,563.88,april 6- april 12,NorthEast
Keiser,2016,Dyna-Gro D57VP51,208.5,102,256,117,13.087545,29.31193548,19.72619355,3338.47,516.88,24.51906452,56,12,210.82,101.6,76.2,38.1,137.16,0,563.88,april 6- april 12,NorthEast
Keiser,2016,Progeny PGY 4117VT3P,206.7,102,256,117,12.974559,29.31193548,19.72619355,3338.47,516.88,24.51906452,56,12,210.82,101.6,76.2,38.1,137.16,0,563.88,april 6- april 12,NorthEast
Keiser,2016,AgriGold A6687VT2PRO,205.4,102,256,117,12.892958,29.31193548,19.72619355,3338.47,516.88,24.51906452,56,12,210.82,101.6,76.2,38.1,137.16,0,563.88,april 6- april 12,NorthEast
Keiser,2016,AgriGold A6719VT2PRO,202.4,102,256,118,12.704648,29.31193548,19.72619355,3338.47,516.88,24.51906452,56,12,210.82,101.6,76.2,38.1,137.16,0,563.88,april 6- april 12,NorthEast
Keiser,2016,REV¨ 28HR20ª,201.4,102,256,118,12.641878,29.31193548,19.72619355,3338.47,516.88,24.51906452,56,12,210.82,101.6,76.2,38.1,137.16,0,563.88,april 6- april 12,NorthEast
Marianna,2016,Pioneer P1637VYHR,248.4,97,252,116,15.592068,30.4,20.1,3377.2,488.9,25.3,75,38,218.44,106.68,60.96,134.62,68.58,0,589.28,april 6- april 12,CenterEast
Marianna,2016,Armor 1414 PRO2,241.7,97,252,114,15.171509,30.4,20.1,3377.2,488.9,25.3,75,38,218.44,106.68,60.96,134.62,68.58,0,589.28,april 6- april 12,CenterEast
Marianna,2016,AgriGold A6544VT2PRO,235.7,97,252,113,14.794889,30.4,20.1,3377.2,488.9,25.3,75,38,218.44,106.68,60.96,134.62,68.58,0,589.28,april 6- april 12,CenterEast
Marianna,2016,BH 8688DG2P,231.6,97,252,114,14.537532,30.4,20.1,3377.2,488.9,25.3,75,38,218.44,106.68,60.96,134.62,68.58,0,589.28,april 6- april 12,CenterEast
Marianna,2016,REV¨ 23BHR55ª,230.8,97,252,113,14.487316,30.4,20.1,3377.2,488.9,25.3,75,38,218.44,106.68,60.96,134.62,68.58,0,589.28,april 6- april 12,CenterEast
Marianna,2016,AgriGold A6572VT2PRO,230.2,97,252,114,14.449654,30.4,20.1,3377.2,488.9,25.3,75,38,218.44,106.68,60.96,134.62,68.58,0,589.28,april 6- april 12,CenterEast
Marianna,2016,AgriGold A6659VT2RIB,229.1,97,252,116,14.380607,30.4,20.1,3377.2,488.9,25.3,75,38,218.44,106.68,60.96,134.62,68.58,0,589.28,april 6- april 12,CenterEast
Marianna,2016,BH 8721VT2P,225.7,97,252,117,14.167189,30.4,20.1,3377.2,488.9,25.3,75,38,218.44,106.68,60.96,134.62,68.58,0,589.28,april 6- april 12,CenterEast
Marianna,2016,Pioneer P1197YHR,225.2,97,252,111,14.135804,30.4,20.1,3377.2,488.9,25.3,75,38,218.44,106.68,60.96,134.62,68.58,0,589.28,april 6- april 12,CenterEast
Marianna,2016,AgriGold A6499VT2RIB,225.1,97,252,112,14.129527,30.4,20.1,3377.2,488.9,25.3,75,38,218.44,106.68,60.96,134.62,68.58,0,589.28,april 6- april 12,CenterEast
Marianna,2016,Progeny PGY 5115VT2P,225.1,97,252,115,14.129527,30.4,20.1,3377.2,488.9,25.3,75,38,218.44,106.68,60.96,134.62,68.58,0,589.28,april 6- april 12,CenterEast
Marianna,2016,REV¨ 26BHR50ª,224.8,97,252,116,14.110696,30.4,20.1,3377.2,488.9,25.3,75,38,218.44,106.68,60.96,134.62,68.58,0,589.28,april 6- april 12,CenterEast
Marianna,2016,Mycogen 2J794,223.2,97,252,115,14.010264,30.4,20.1,3377.2,488.9,25.3,75,38,218.44,106.68,60.96,134.62,68.58,0,589.28,april 6- april 12,CenterEast
Marianna,2016,DEKALB DKC 66-87,220.7,97,252,116,13.853339,30.4,20.1,3377.2,488.9,25.3,75,38,218.44,106.68,60.96,134.62,68.58,0,589.28,april 6- april 12,CenterEast
Marianna,2016,Dyna-Gro D54DC94,218.9,97,252,114,13.740353,30.4,20.1,3377.2,488.9,25.3,75,38,218.44,106.68,60.96,134.62,68.58,0,589.28,april 6- april 12,CenterEast
Marianna,2016,Croplan 5678VT3P,218.5,97,252,116,13.715245,30.4,20.1,3377.2,488.9,25.3,75,38,218.44,106.68,60.96,134.62,68.58,0,589.28,april 6- april 12,CenterEast
Marianna,2016,LG5650VT2Pro,217.8,97,252,114,13.671306,30.4,20.1,3377.2,488.9,25.3,75,38,218.44,106.68,60.96,134.62,68.58,0,589.28,april 6- april 12,CenterEast
Marianna,2016,AgriGold A6652VT2PRO,217.6,97,252,116,13.658752,30.4,20.1,3377.2,488.9,25.3,75,38,218.44,106.68,60.96,134.62,68.58,0,589.28,april 6- april 12,CenterEast
Marianna,2016,Armor 1340 PRO2,214.1,97,252,113,13.439057,30.4,20.1,3377.2,488.9,25.3,75,38,218.44,106.68,60.96,134.62,68.58,0,589.28,april 6- april 12,CenterEast
Marianna,2016,BH 8590VT2P,214,97,252,115,13.43278,30.4,20.1,3377.2,488.9,25.3,75,38,218.44,106.68,60.96,134.62,68.58,0,589.28,april 6- april 12,CenterEast
Marianna,2016,Mycogen X14677VH,213.4,97,252,113,13.395118,30.4,20.1,3377.2,488.9,25.3,75,38,218.44,106.68,60.96,134.62,68.58,0,589.28,april 6- april 12,CenterEast
Marianna,2016,Croplan 5390VT3P,213.1,97,252,113,13.376287,30.4,20.1,3377.2,488.9,25.3,75,38,218.44,106.68,60.96,134.62,68.58,0,589.28,april 6- april 12,CenterEast
Marianna,2016,REV¨ 25BHR26ª,212.9,97,252,115,13.363733,30.4,20.1,3377.2,488.9,25.3,75,38,218.44,106.68,60.96,134.62,68.58,0,589.28,april 6- april 12,CenterEast
Marianna,2016,LG5643VT2Pro,212.4,97,252,114,13.332348,30.4,20.1,3377.2,488.9,25.3,75,38,218.44,106.68,60.96,134.62,68.58,0,589.28,april 6- april 12,CenterEast
Marianna,2016,Progeny PGY 6110VT2P,211.8,97,252,110,13.294686,30.4,20.1,3377.2,488.9,25.3,75,38,218.44,106.68,60.96,134.62,68.58,0,589.28,april 6- april 12,CenterEast
Marianna,2016,Mycogen X14730VH,211.1,97,252,113,13.250747,30.4,20.1,3377.2,488.9,25.3,75,38,218.44,106.68,60.96,134.62,68.58,0,589.28,april 6- april 12,CenterEast
Marianna,2016,Mycogen X13823S3,211,97,252,113,13.24447,30.4,20.1,3377.2,488.9,25.3,75,38,218.44,106.68,60.96,134.62,68.58,0,589.28,april 6- april 12,CenterEast
Marianna,2016,MorCorn MCXP1617SS,210.3,97,252,116,13.200531,30.4,20.1,3377.2,488.9,25.3,75,38,218.44,106.68,60.96,134.62,68.58,0,589.28,april 6- april 12,CenterEast
Marianna,2016,LG5663VT2RIB,209.8,97,252,115,13.169146,30.4,20.1,3377.2,488.9,25.3,75,38,218.44,106.68,60.96,134.62,68.58,0,589.28,april 6- april 12,CenterEast
Marianna,2016,Mycogen 2Y744,209.2,97,252,113,13.131484,30.4,20.1,3377.2,488.9,25.3,75,38,218.44,106.68,60.96,134.62,68.58,0,589.28,april 6- april 12,CenterEast
Marianna,2016,Dyna-Gro D54VC52,208.8,97,252,114,13.106376,30.4,20.1,3377.2,488.9,25.3,75,38,218.44,106.68,60.96,134.62,68.58,0,589.28,april 6- april 12,CenterEast
Marianna,2016,MorCorn MC4319VT2PRIB,208.8,97,252,113,13.106376,30.4,20.1,3377.2,488.9,25.3,75,38,218.44,106.68,60.96,134.62,68.58,0,589.28,april 6- april 12,CenterEast
Marianna,2016,Armor 1100 PRO2,208.6,97,252,110,13.093822,30.4,20.1,3377.2,488.9,25.3,75,38,218.44,106.68,60.96,134.62,68.58,0,589.28,april 6- april 12,CenterEast
Marianna,2016,Pioneer P1311YHR,208.2,97,252,113,13.068714,30.4,20.1,3377.2,488.9,25.3,75,38,218.44,106.68,60.96,134.62,68.58,0,589.28,april 6- april 12,CenterEast
Marianna,2016,Mycogen X13813VH,207.7,97,252,113,13.037329,30.4,20.1,3377.2,488.9,25.3,75,38,218.44,106.68,60.96,134.62,68.58,0,589.28,april 6- april 12,CenterEast
Marianna,2016,AgriGold A6559VT2RIB,206.9,97,252,113,12.987113,30.4,20.1,3377.2,488.9,25.3,75,38,218.44,106.68,60.96,134.62,68.58,0,589.28,april 6- april 12,CenterEast
Marianna,2016,Augusta 5566 GTCBLL,206.1,97,252,116,12.936897,30.4,20.1,3377.2,488.9,25.3,75,38,218.44,106.68,60.96,134.62,68.58,0,589.28,april 6- april 12,CenterEast
Marianna,2016,DEKALB DKC 64-35,206,97,252,114,12.93062,30.4,20.1,3377.2,488.9,25.3,75,38,218.44,106.68,60.96,134.62,68.58,0,589.28,april 6- april 12,CenterEast
Marianna,2016,MorCorn MCXP1615VT2PRIB,204.9,97,252,116,12.861573,30.4,20.1,3377.2,488.9,25.3,75,38,218.44,106.68,60.96,134.62,68.58,0,589.28,april 6- april 12,CenterEast
Marianna,2016,Progeny PGY 6116VT2P,204.1,97,252,116,12.811357,30.4,20.1,3377.2,488.9,25.3,75,38,218.44,106.68,60.96,134.62,68.58,0,589.28,april 6- april 12,CenterEast
Marianna,2016,Augusta 7766 VT2PRO,200.1,97,252,116,12.560277,30.4,20.1,3377.2,488.9,25.3,75,38,218.44,106.68,60.96,134.62,68.58,0,589.28,april 6- april 12,CenterEast
Marianna,2016,Augusta 1564 GTCBLL,199.8,97,252,114,12.541446,30.4,20.1,3377.2,488.9,25.3,75,38,218.44,106.68,60.96,134.62,68.58,0,589.28,april 6- april 12,CenterEast
Marianna,2016,Armor AXC6116 PRO2,199.7,97,252,116,12.535169,30.4,20.1,3377.2,488.9,25.3,75,38,218.44,106.68,60.96,134.62,68.58,0,589.28,april 6- april 12,CenterEast
Marianna,2016,REV¨ 24BHR93ª,198.5,97,252,114,12.459845,30.4,20.1,3377.2,488.9,25.3,75,38,218.44,106.68,60.96,134.62,68.58,0,589.28,april 6- april 12,CenterEast
Marianna,2016,Delta Grow DG2888 GTCBLLVIP,197.2,97,252,115,12.378244,30.4,20.1,3377.2,488.9,25.3,75,38,218.44,106.68,60.96,134.62,68.58,0,589.28,april 6- april 12,CenterEast
Marianna,2016,Armor 1500 PRO2,191.5,97,252,115,12.020455,30.4,20.1,3377.2,488.9,25.3,75,38,218.44,106.68,60.96,134.62,68.58,0,589.28,april 6- april 12,CenterEast
Marianna,2016,MorCorn MCXP1616VT2PRIB,186.3,97,252,116,11.694051,30.4,20.1,3377.2,488.9,25.3,75,38,218.44,106.68,60.96,134.62,68.58,0,589.28,april 6- april 12,CenterEast
Marianna,2016,Armor AXG6112 3000GT,181.7,97,252,112,11.405309,30.4,20.1,3377.2,488.9,25.3,75,38,218.44,106.68,60.96,134.62,68.58,0,589.28,april 6- april 12,CenterEast
Marianna,2016,Progeny PGY EXP1615VT2P,180.6,97,252,115,11.336262,30.4,20.1,3377.2,488.9,25.3,75,38,218.44,106.68,60.96,134.62,68.58,0,589.28,april 6- april 12,CenterEast
Marianna,2016,Progeny PGY 4114VT2P,176.7,97,252,114,11.091459,30.4,20.1,3377.2,488.9,25.3,75,38,218.44,106.68,60.96,134.62,68.58,0,589.28,april 6- april 12,CenterEast
Marianna,2016,DEKALB DKC 67-44,224.1,97,252,117,14.066757,30.4,20.1,3377.2,488.9,25.3,75,38,218.44,106.68,60.96,134.62,68.58,0,589.28,april 6- april 12,CenterEast
Marianna,2016,Armor 1717 PRO2,221.3,97,252,117,13.891001,30.4,20.1,3377.2,488.9,25.3,75,38,218.44,106.68,60.96,134.62,68.58,0,589.28,april 6- april 12,CenterEast
Marianna,2016,DEKALB DKC 70-27,220.8,97,252,120,13.859616,30.4,20.1,3377.2,488.9,25.3,75,38,218.44,106.68,60.96,134.62,68.58,0,589.28,april 6- april 12,CenterEast
Marianna,2016,DEKALB DKC 67-72,219.8,97,252,117,13.796846,30.4,20.1,3377.2,488.9,25.3,75,38,218.44,106.68,60.96,134.62,68.58,0,589.28,april 6- april 12,CenterEast
Marianna,2016,Delta Grow DG3660 GTCBLLVIP,219,97,252,118,13.74663,30.4,20.1,3377.2,488.9,25.3,75,38,218.44,106.68,60.96,134.62,68.58,0,589.28,april 6- april 12,CenterEast
Marianna,2016,Dyna-Gro D57VP51,218.6,97,252,117,13.721522,30.4,20.1,3377.2,488.9,25.3,75,38,218.44,106.68,60.96,134.62,68.58,0,589.28,april 6- april 12,CenterEast
Marianna,2016,MorCorn MCXP1619GTCBLLRW,215.6,97,252,117,13.533212,30.4,20.1,3377.2,488.9,25.3,75,38,218.44,106.68,60.96,134.62,68.58,0,589.28,april 6- april 12,CenterEast
Marianna,2016,Pioneer P2160YHR,214.4,97,252,121,13.457888,30.4,20.1,3377.2,488.9,25.3,75,38,218.44,106.68,60.96,134.62,68.58,0,589.28,april 6- april 12,CenterEast
Marianna,2016,Dyna-Gro D58VC37,213.5,97,252,118,13.401395,30.4,20.1,3377.2,488.9,25.3,75,38,218.44,106.68,60.96,134.62,68.58,0,589.28,april 6- april 12,CenterEast
Marianna,2016,Progeny PGY 6119VT2P,213.3,97,252,119,13.388841,30.4,20.1,3377.2,488.9,25.3,75,38,218.44,106.68,60.96,134.62,68.58,0,589.28,april 6- april 12,CenterEast
Marianna,2016,DEKALB DKC 67-14,209.9,97,252,117,13.175423,30.4,20.1,3377.2,488.9,25.3,75,38,218.44,106.68,60.96,134.62,68.58,0,589.28,april 6- april 12,CenterEast
Marianna,2016,REV¨ 28HR20ª,206.9,97,252,118,12.987113,30.4,20.1,3377.2,488.9,25.3,75,38,218.44,106.68,60.96,134.62,68.58,0,589.28,april 6- april 12,CenterEast
Marianna,2016,MorCorn MC4725VT2PRIB,206.7,97,252,117,12.974559,30.4,20.1,3377.2,488.9,25.3,75,38,218.44,106.68,60.96,134.62,68.58,0,589.28,april 6- april 12,CenterEast
Marianna,2016,AgriGold A6719VT2PRO,204.6,97,252,118,12.842742,30.4,20.1,3377.2,488.9,25.3,75,38,218.44,106.68,60.96,134.62,68.58,0,589.28,april 6- april 12,CenterEast
Marianna,2016,Armor AXG6118 3000GT,204.2,97,252,118,12.817634,30.4,20.1,3377.2,488.9,25.3,75,38,218.44,106.68,60.96,134.62,68.58,0,589.28,april 6- april 12,CenterEast
Marianna,2016,Progeny PGY 4117VT3P,203.6,97,252,117,12.779972,30.4,20.1,3377.2,488.9,25.3,75,38,218.44,106.68,60.96,134.62,68.58,0,589.28,april 6- april 12,CenterEast
Marianna,2016,AgriGold A6711VT2PRO,198,97,252,118,12.42846,30.4,20.1,3377.2,488.9,25.3,75,38,218.44,106.68,60.96,134.62,68.58,0,589.28,april 6- april 12,CenterEast
Marianna,2016,Augusta 7768 3110,197.9,97,252,118,12.422183,30.4,20.1,3377.2,488.9,25.3,75,38,218.44,106.68,60.96,134.62,68.58,0,589.28,april 6- april 12,CenterEast
Marianna,2016,Dyna-Gro D58VC65,197.2,97,252,118,12.378244,30.4,20.1,3377.2,488.9,25.3,75,38,218.44,106.68,60.96,134.62,68.58,0,589.28,april 6- april 12,CenterEast
Marianna,2016,Pioneer P1916YHR,192.5,97,252,119,12.083225,30.4,20.1,3377.2,488.9,25.3,75,38,218.44,106.68,60.96,134.62,68.58,0,589.28,april 6- april 12,CenterEast
Marianna,2016,Delta Grow DG2688 GTCBLL,191.5,97,252,118,12.020455,30.4,20.1,3377.2,488.9,25.3,75,38,218.44,106.68,60.96,134.62,68.58,0,589.28,april 6- april 12,CenterEast
Marianna,2016,MorCorn MCXP1618VT3PRIB,190.8,97,252,117,11.976516,30.4,20.1,3377.2,488.9,25.3,75,38,218.44,106.68,60.96,134.62,68.58,0,589.28,april 6- april 12,CenterEast
Marianna,2016,DEKALB DKC 68-26,190.3,97,252,118,11.945131,30.4,20.1,3377.2,488.9,25.3,75,38,218.44,106.68,60.96,134.62,68.58,0,589.28,april 6- april 12,CenterEast
Marianna,2016,AgriGold A6687VT2PRO,188.7,97,252,117,11.844699,30.4,20.1,3377.2,488.9,25.3,75,38,218.44,106.68,60.96,134.62,68.58,0,589.28,april 6- april 12,CenterEast
Stuttgart,2016,BH 8721VT2P,240.7,96,255,117,15.108739,30.199875,19.90925,3435.86,521.58,25.0545625,70,31,60.96,175.26,60.96,88.9,116.84,0,500.38,april 6- april 12,SouthEast
Stuttgart,2016,Croplan 5678VT3P,239.1,96,255,116,15.008307,30.199875,19.90925,3435.86,521.58,25.0545625,70,31,60.96,175.26,60.96,88.9,116.84,0,500.38,april 6- april 12,SouthEast
Stuttgart,2016,AgriGold A6544VT2PRO,237.7,96,255,113,14.920429,30.199875,19.90925,3435.86,521.58,25.0545625,70,31,60.96,175.26,60.96,88.9,116.84,0,500.38,april 6- april 12,SouthEast
Stuttgart,2016,REV¨ 26BHR50ª,234.3,96,255,116,14.707011,30.199875,19.90925,3435.86,521.58,25.0545625,70,31,60.96,175.26,60.96,88.9,116.84,0,500.38,april 6- april 12,SouthEast
Stuttgart,2016,Pioneer P1637VYHR,233.9,96,255,116,14.681903,30.199875,19.90925,3435.86,521.58,25.0545625,70,31,60.96,175.26,60.96,88.9,116.84,0,500.38,april 6- april 12,SouthEast
Stuttgart,2016,AgriGold A6572VT2PRO,233.5,96,255,114,14.656795,30.199875,19.90925,3435.86,521.58,25.0545625,70,31,60.96,175.26,60.96,88.9,116.84,0,500.38,april 6- april 12,SouthEast
Stuttgart,2016,AgriGold A6652VT2PRO,232.5,96,255,116,14.594025,30.199875,19.90925,3435.86,521.58,25.0545625,70,31,60.96,175.26,60.96,88.9,116.84,0,500.38,april 6- april 12,SouthEast
Stuttgart,2016,DEKALB DKC 66-87,232.5,96,255,116,14.594025,30.199875,19.90925,3435.86,521.58,25.0545625,70,31,60.96,175.26,60.96,88.9,116.84,0,500.38,april 6- april 12,SouthEast
Stuttgart,2016,Pioneer P1197YHR,229.6,96,255,111,14.411992,30.199875,19.90925,3435.86,521.58,25.0545625,70,31,60.96,175.26,60.96,88.9,116.84,0,500.38,april 6- april 12,SouthEast
Stuttgart,2016,REV¨ 25BHR26ª,228.8,96,255,115,14.361776,30.199875,19.90925,3435.86,521.58,25.0545625,70,31,60.96,175.26,60.96,88.9,116.84,0,500.38,april 6- april 12,SouthEast
Stuttgart,2016,REV¨ 23BHR55ª,228.4,96,255,113,14.336668,30.199875,19.90925,3435.86,521.58,25.0545625,70,31,60.96,175.26,60.96,88.9,116.84,0,500.38,april 6- april 12,SouthEast
Stuttgart,2016,LG5643VT2Pro,228.1,96,255,114,14.317837,30.199875,19.90925,3435.86,521.58,25.0545625,70,31,60.96,175.26,60.96,88.9,116.84,0,500.38,april 6- april 12,SouthEast
Stuttgart,2016,BH 8688DG2P,225.9,96,255,114,14.179743,30.199875,19.90925,3435.86,521.58,25.0545625,70,31,60.96,175.26,60.96,88.9,116.84,0,500.38,april 6- april 12,SouthEast
Stuttgart,2016,Armor 1100 PRO2,225.7,96,255,110,14.167189,30.199875,19.90925,3435.86,521.58,25.0545625,70,31,60.96,175.26,60.96,88.9,116.84,0,500.38,april 6- april 12,SouthEast
Stuttgart,2016,Mycogen X14677VH,225.1,96,255,113,14.129527,30.199875,19.90925,3435.86,521.58,25.0545625,70,31,60.96,175.26,60.96,88.9,116.84,0,500.38,april 6- april 12,SouthEast
Stuttgart,2016,Armor 1340 PRO2,221.5,96,255,113,13.903555,30.199875,19.90925,3435.86,521.58,25.0545625,70,31,60.96,175.26,60.96,88.9,116.84,0,500.38,april 6- april 12,SouthEast
Stuttgart,2016,Progeny PGY 5115VT2P,220.4,96,255,115,13.834508,30.199875,19.90925,3435.86,521.58,25.0545625,70,31,60.96,175.26,60.96,88.9,116.84,0,500.38,april 6- april 12,SouthEast
Stuttgart,2016,Croplan 5390VT3P,219.9,96,255,113,13.803123,30.199875,19.90925,3435.86,521.58,25.0545625,70,31,60.96,175.26,60.96,88.9,116.84,0,500.38,april 6- april 12,SouthEast
Stuttgart,2016,LG5650VT2Pro,219.7,96,255,114,13.790569,30.199875,19.90925,3435.86,521.58,25.0545625,70,31,60.96,175.26,60.96,88.9,116.84,0,500.38,april 6- april 12,SouthEast
Stuttgart,2016,Mycogen X14730VH,219.3,96,255,113,13.765461,30.199875,19.90925,3435.86,521.58,25.0545625,70,31,60.96,175.26,60.96,88.9,116.84,0,500.38,april 6- april 12,SouthEast
Stuttgart,2016,Progeny PGY 6116VT2P,217.3,96,255,116,13.639921,30.199875,19.90925,3435.86,521.58,25.0545625,70,31,60.96,175.26,60.96,88.9,116.84,0,500.38,april 6- april 12,SouthEast
Stuttgart,2016,AgriGold A6499VT2RIB,216.7,96,255,112,13.602259,30.199875,19.90925,3435.86,521.58,25.0545625,70,31,60.96,175.26,60.96,88.9,116.84,0,500.38,april 6- april 12,SouthEast
Stuttgart,2016,Dyna-Gro D54DC94,215.8,96,255,114,13.545766,30.199875,19.90925,3435.86,521.58,25.0545625,70,31,60.96,175.26,60.96,88.9,116.84,0,500.38,april 6- april 12,SouthEast
Stuttgart,2016,DEKALB DKC 64-35,214.9,96,255,114,13.489273,30.199875,19.90925,3435.86,521.58,25.0545625,70,31,60.96,175.26,60.96,88.9,116.84,0,500.38,april 6- april 12,SouthEast
Stuttgart,2016,MorCorn MCXP1617SS,214.4,96,255,116,13.457888,30.199875,19.90925,3435.86,521.58,25.0545625,70,31,60.96,175.26,60.96,88.9,116.84,0,500.38,april 6- april 12,SouthEast
Stuttgart,2016,MorCorn MCXP1616VT2PRIB,214.4,96,255,116,13.457888,30.199875,19.90925,3435.86,521.58,25.0545625,70,31,60.96,175.26,60.96,88.9,116.84,0,500.38,april 6- april 12,SouthEast
Stuttgart,2016,Dyna-Gro D54VC52,212.5,96,255,114,13.338625,30.199875,19.90925,3435.86,521.58,25.0545625,70,31,60.96,175.26,60.96,88.9,116.84,0,500.38,april 6- april 12,SouthEast
Stuttgart,2016,AgriGold A6659VT2RIB,212,96,255,116,13.30724,30.199875,19.90925,3435.86,521.58,25.0545625,70,31,60.96,175.26,60.96,88.9,116.84,0,500.38,april 6- april 12,SouthEast
Stuttgart,2016,Mycogen X13813VH,210.5,96,255,113,13.213085,30.199875,19.90925,3435.86,521.58,25.0545625,70,31,60.96,175.26,60.96,88.9,116.84,0,500.38,april 6- april 12,SouthEast
Stuttgart,2016,LG5663VT2RIB,210.4,96,255,115,13.206808,30.199875,19.90925,3435.86,521.58,25.0545625,70,31,60.96,175.26,60.96,88.9,116.84,0,500.38,april 6- april 12,SouthEast
Stuttgart,2016,Armor 1414 PRO2,209.7,96,255,114,13.162869,30.199875,19.90925,3435.86,521.58,25.0545625,70,31,60.96,175.26,60.96,88.9,116.84,0,500.38,april 6- april 12,SouthEast
Stuttgart,2016,AgriGold A6559VT2RIB,208.6,96,255,113,13.093822,30.199875,19.90925,3435.86,521.58,25.0545625,70,31,60.96,175.26,60.96,88.9,116.84,0,500.38,april 6- april 12,SouthEast
Stuttgart,2016,Pioneer P1311YHR,208.3,96,255,113,13.074991,30.199875,19.90925,3435.86,521.58,25.0545625,70,31,60.96,175.26,60.96,88.9,116.84,0,500.38,april 6- april 12,SouthEast
Stuttgart,2016,MorCorn MC4319VT2PRIB,207.5,96,255,113,13.024775,30.199875,19.90925,3435.86,521.58,25.0545625,70,31,60.96,175.26,60.96,88.9,116.84,0,500.38,april 6- april 12,SouthEast
Stuttgart,2016,Mycogen 2J794,207.4,96,255,115,13.018498,30.199875,19.90925,3435.86,521.58,25.0545625,70,31,60.96,175.26,60.96,88.9,116.84,0,500.38,april 6- april 12,SouthEast
Stuttgart,2016,Augusta 1564 GTCBLL,207.3,96,255,114,13.012221,30.199875,19.90925,3435.86,521.58,25.0545625,70,31,60.96,175.26,60.96,88.9,116.84,0,500.38,april 6- april 12,SouthEast
Stuttgart,2016,Progeny PGY 6110VT2P,207.2,96,255,110,13.005944,30.199875,19.90925,3435.86,521.58,25.0545625,70,31,60.96,175.26,60.96,88.9,116.84,0,500.38,april 6- april 12,SouthEast
Stuttgart,2016,Armor AXC6116 PRO2,206.8,96,255,116,12.980836,30.199875,19.90925,3435.86,521.58,25.0545625,70,31,60.96,175.26,60.96,88.9,116.84,0,500.38,april 6- april 12,SouthEast
Stuttgart,2016,REV¨ 24BHR93ª,206.6,96,255,114,12.968282,30.199875,19.90925,3435.86,521.58,25.0545625,70,31,60.96,175.26,60.96,88.9,116.84,0,500.38,april 6- april 12,SouthEast
Stuttgart,2016,Armor AXG6112 3000GT,206.1,96,255,112,12.936897,30.199875,19.90925,3435.86,521.58,25.0545625,70,31,60.96,175.26,60.96,88.9,116.84,0,500.38,april 6- april 12,SouthEast
Stuttgart,2016,Armor 1500 PRO2,205.4,96,255,115,12.892958,30.199875,19.90925,3435.86,521.58,25.0545625,70,31,60.96,175.26,60.96,88.9,116.84,0,500.38,april 6- april 12,SouthEast
Stuttgart,2016,Mycogen X13823S3,203.5,96,255,113,12.773695,30.199875,19.90925,3435.86,521.58,25.0545625,70,31,60.96,175.26,60.96,88.9,116.84,0,500.38,april 6- april 12,SouthEast
Stuttgart,2016,BH 8590VT2P,201,96,255,115,12.61677,30.199875,19.90925,3435.86,521.58,25.0545625,70,31,60.96,175.26,60.96,88.9,116.84,0,500.38,april 6- april 12,SouthEast
Stuttgart,2016,MorCorn MCXP1615VT2PRIB,198,96,255,116,12.42846,30.199875,19.90925,3435.86,521.58,25.0545625,70,31,60.96,175.26,60.96,88.9,116.84,0,500.38,april 6- april 12,SouthEast
Stuttgart,2016,Augusta 7766 VT2PRO,196.8,96,255,116,12.353136,30.199875,19.90925,3435.86,521.58,25.0545625,70,31,60.96,175.26,60.96,88.9,116.84,0,500.38,april 6- april 12,SouthEast
Stuttgart,2016,Delta Grow DG2888 GTCBLLVIP,193.4,96,255,115,12.139718,30.199875,19.90925,3435.86,521.58,25.0545625,70,31,60.96,175.26,60.96,88.9,116.84,0,500.38,april 6- april 12,SouthEast
Stuttgart,2016,Progeny PGY EXP1615VT2P,190.8,96,255,115,11.976516,30.199875,19.90925,3435.86,521.58,25.0545625,70,31,60.96,175.26,60.96,88.9,116.84,0,500.38,april 6- april 12,SouthEast
Stuttgart,2016,Progeny PGY 4114VT2P,188.3,96,255,114,11.819591,30.199875,19.90925,3435.86,521.58,25.0545625,70,31,60.96,175.26,60.96,88.9,116.84,0,500.38,april 6- april 12,SouthEast
Stuttgart,2016,Mycogen 2Y744,186.6,96,255,113,11.712882,30.199875,19.90925,3435.86,521.58,25.0545625,70,31,60.96,175.26,60.96,88.9,116.84,0,500.38,april 6- april 12,SouthEast
Stuttgart,2016,Augusta 5566 GTCBLL,184.4,96,255,116,11.574788,30.199875,19.90925,3435.86,521.58,25.0545625,70,31,60.96,175.26,60.96,88.9,116.84,0,500.38,april 6- april 12,SouthEast
Stuttgart,2016,DEKALB DKC 67-44,244.5,96,255,117,15.347265,30.199875,19.90925,3435.86,521.58,25.0545625,70,31,60.96,175.26,60.96,88.9,116.84,0,500.38,april 6- april 12,SouthEast
Stuttgart,2016,Armor 1717 PRO2,237.7,96,255,117,14.920429,30.199875,19.90925,3435.86,521.58,25.0545625,70,31,60.96,175.26,60.96,88.9,116.84,0,500.38,april 6- april 12,SouthEast
Stuttgart,2016,DEKALB DKC 70-27,237.3,96,255,120,14.895321,30.199875,19.90925,3435.86,521.58,25.0545625,70,31,60.96,175.26,60.96,88.9,116.84,0,500.38,april 6- april 12,SouthEast
Stuttgart,2016,Augusta 7768 3110,234.2,96,255,118,14.700734,30.199875,19.90925,3435.86,521.58,25.0545625,70,31,60.96,175.26,60.96,88.9,116.84,0,500.38,april 6- april 12,SouthEast
Stuttgart,2016,Dyna-Gro D58VC37,232.4,96,255,118,14.587748,30.199875,19.90925,3435.86,521.58,25.0545625,70,31,60.96,175.26,60.96,88.9,116.84,0,500.38,april 6- april 12,SouthEast
Stuttgart,2016,AgriGold A6711VT2PRO,231.6,96,255,118,14.537532,30.199875,19.90925,3435.86,521.58,25.0545625,70,31,60.96,175.26,60.96,88.9,116.84,0,500.38,april 6- april 12,SouthEast
Stuttgart,2016,MorCorn MC4725VT2PRIB,228.1,96,255,117,14.317837,30.199875,19.90925,3435.86,521.58,25.0545625,70,31,60.96,175.26,60.96,88.9,116.84,0,500.38,april 6- april 12,SouthEast
Stuttgart,2016,DEKALB DKC 67-72,226.5,96,255,117,14.217405,30.199875,19.90925,3435.86,521.58,25.0545625,70,31,60.96,175.26,60.96,88.9,116.84,0,500.38,april 6- april 12,SouthEast
Stuttgart,2016,Dyna-Gro D58VC65,225,96,255,118,14.12325,30.199875,19.90925,3435.86,521.58,25.0545625,70,31,60.96,175.26,60.96,88.9,116.84,0,500.38,april 6- april 12,SouthEast
Stuttgart,2016,DEKALB DKC 68-26,223.5,96,255,118,14.029095,30.199875,19.90925,3435.86,521.58,25.0545625,70,31,60.96,175.26,60.96,88.9,116.84,0,500.38,april 6- april 12,SouthEast
Stuttgart,2016,DEKALB DKC 67-14,223.1,96,255,117,14.003987,30.199875,19.90925,3435.86,521.58,25.0545625,70,31,60.96,175.26,60.96,88.9,116.84,0,500.38,april 6- april 12,SouthEast
Stuttgart,2016,AgriGold A6719VT2PRO,221.1,96,255,118,13.878447,30.199875,19.90925,3435.86,521.58,25.0545625,70,31,60.96,175.26,60.96,88.9,116.84,0,500.38,april 6- april 12,SouthEast
Stuttgart,2016,Dyna-Gro D57VP51,220.8,96,255,117,13.859616,30.199875,19.90925,3435.86,521.58,25.0545625,70,31,60.96,175.26,60.96,88.9,116.84,0,500.38,april 6- april 12,SouthEast
Stuttgart,2016,Pioneer P2160YHR,219.8,96,255,121,13.796846,30.199875,19.90925,3435.86,521.58,25.0545625,70,31,60.96,175.26,60.96,88.9,116.84,0,500.38,april 6- april 12,SouthEast
Stuttgart,2016,REV¨ 28HR20ª,219,96,255,118,13.74663,30.199875,19.90925,3435.86,521.58,25.0545625,70,31,60.96,175.26,60.96,88.9,116.84,0,500.38,april 6- april 12,SouthEast
Stuttgart,2016,Progeny PGY 6119VT2P,218.2,96,255,119,13.696414,30.199875,19.90925,3435.86,521.58,25.0545625,70,31,60.96,175.26,60.96,88.9,116.84,0,500.38,april 6- april 12,SouthEast
Stuttgart,2016,AgriGold A6687VT2PRO,217.4,96,255,117,13.646198,30.199875,19.90925,3435.86,521.58,25.0545625,70,31,60.96,175.26,60.96,88.9,116.84,0,500.38,april 6- april 12,SouthEast
Stuttgart,2016,Armor AXG6118 3000GT,212.3,96,255,118,13.326071,30.199875,19.90925,3435.86,521.58,25.0545625,70,31,60.96,175.26,60.96,88.9,116.84,0,500.38,april 6- april 12,SouthEast
Stuttgart,2016,Delta Grow DG3660 GTCBLLVIP,209.7,96,255,118,13.162869,30.199875,19.90925,3435.86,521.58,25.0545625,70,31,60.96,175.26,60.96,88.9,116.84,0,500.38,april 6- april 12,SouthEast
Stuttgart,2016,MorCorn MCXP1619GTCBLLRW,205,96,255,117,12.86785,30.199875,19.90925,3435.86,521.58,25.0545625,70,31,60.96,175.26,60.96,88.9,116.84,0,500.38,april 6- april 12,SouthEast
Stuttgart,2016,Pioneer P1916YHR,203.8,96,255,119,12.792526,30.199875,19.90925,3435.86,521.58,25.0545625,70,31,60.96,175.26,60.96,88.9,116.84,0,500.38,april 6- april 12,SouthEast
Stuttgart,2016,Progeny PGY 4117VT3P,202.9,96,255,117,12.736033,30.199875,19.90925,3435.86,521.58,25.0545625,70,31,60.96,175.26,60.96,88.9,116.84,0,500.38,april 6- april 12,SouthEast
Stuttgart,2016,MorCorn MCXP1618VT3PRIB,200.9,96,255,117,12.610493,30.199875,19.90925,3435.86,521.58,25.0545625,70,31,60.96,175.26,60.96,88.9,116.84,0,500.38,april 6- april 12,SouthEast
Stuttgart,2016,Delta Grow DG2688 GTCBLL,188.9,96,255,118,11.857253,30.199875,19.90925,3435.86,521.58,25.0545625,70,31,60.96,175.26,60.96,88.9,116.84,0,500.38,april 6- april 12,SouthEast
Rohwer,2016,REV¨ 26BHR50ª,276.5,88,245,116,17.355905,30.02943038,19.43132911,3369.47,552.27,24.73037975,70,42,116.84,71.12,91.44,93.98,203.2,0,579.12,march 23- march 29,SouthEast
Rohwer,2016,DEKALB DKC 66-87,266.3,88,245,116,16.715651,30.02943038,19.43132911,3369.47,552.27,24.73037975,70,42,116.84,71.12,91.44,93.98,203.2,0,579.12,march 23- march 29,SouthEast
Rohwer,2016,LG5650VT2Pro,257.7,88,245,114,16.175829,30.02943038,19.43132911,3369.47,552.27,24.73037975,70,42,116.84,71.12,91.44,93.98,203.2,0,579.12,march 23- march 29,SouthEast
Rohwer,2016,Mycogen X14730VH,254.8,88,245,113,15.993796,30.02943038,19.43132911,3369.47,552.27,24.73037975,70,42,116.84,71.12,91.44,93.98,203.2,0,579.12,march 23- march 29,SouthEast
Rohwer,2016,Pioneer P1637VYHR,252.8,88,245,116,15.868256,30.02943038,19.43132911,3369.47,552.27,24.73037975,70,42,116.84,71.12,91.44,93.98,203.2,0,579.12,march 23- march 29,SouthEast
Rohwer,2016,Mycogen X13813VH,252,88,245,113,15.81804,30.02943038,19.43132911,3369.47,552.27,24.73037975,70,42,116.84,71.12,91.44,93.98,203.2,0,579.12,march 23- march 29,SouthEast
Rohwer,2016,Armor AXC6116 PRO2,249.5,88,245,116,15.661115,30.02943038,19.43132911,3369.47,552.27,24.73037975,70,42,116.84,71.12,91.44,93.98,203.2,0,579.12,march 23- march 29,SouthEast
Rohwer,2016,LG5643VT2Pro,245.4,88,245,114,15.403758,30.02943038,19.43132911,3369.47,552.27,24.73037975,70,42,116.84,71.12,91.44,93.98,203.2,0,579.12,march 23- march 29,SouthEast
Rohwer,2016,AgriGold A6652VT2PRO,244.1,88,245,116,15.322157,30.02943038,19.43132911,3369.47,552.27,24.73037975,70,42,116.84,71.12,91.44,93.98,203.2,0,579.12,march 23- march 29,SouthEast
Rohwer,2016,Dyna-Gro D54DC94,243.5,88,245,114,15.284495,30.02943038,19.43132911,3369.47,552.27,24.73037975,70,42,116.84,71.12,91.44,93.98,203.2,0,579.12,march 23- march 29,SouthEast
Rohwer,2016,Progeny PGY 5115VT2P,242.7,88,245,115,15.234279,30.02943038,19.43132911,3369.47,552.27,24.73037975,70,42,116.84,71.12,91.44,93.98,203.2,0,579.12,march 23- march 29,SouthEast
Rohwer,2016,Pioneer P1197YHR,241.5,88,245,111,15.158955,30.02943038,19.43132911,3369.47,552.27,24.73037975,70,42,116.84,71.12,91.44,93.98,203.2,0,579.12,march 23- march 29,SouthEast
Rohwer,2016,AgriGold A6659VT2RIB,241,88,245,116,15.12757,30.02943038,19.43132911,3369.47,552.27,24.73037975,70,42,116.84,71.12,91.44,93.98,203.2,0,579.12,march 23- march 29,SouthEast
Rohwer,2016,MorCorn MCXP1615VT2PRIB,240.6,88,245,116,15.102462,30.02943038,19.43132911,3369.47,552.27,24.73037975,70,42,116.84,71.12,91.44,93.98,203.2,0,579.12,march 23- march 29,SouthEast
Rohwer,2016,BH 8721VT2P,239.7,88,245,117,15.045969,30.02943038,19.43132911,3369.47,552.27,24.73037975,70,42,116.84,71.12,91.44,93.98,203.2,0,579.12,march 23- march 29,SouthEast
Rohwer,2016,AgriGold A6572VT2PRO,238.3,88,245,114,14.958091,30.02943038,19.43132911,3369.47,552.27,24.73037975,70,42,116.84,71.12,91.44,93.98,203.2,0,579.12,march 23- march 29,SouthEast
Rohwer,2016,DEKALB DKC 64-35,237,88,245,114,14.87649,30.02943038,19.43132911,3369.47,552.27,24.73037975,70,42,116.84,71.12,91.44,93.98,203.2,0,579.12,march 23- march 29,SouthEast
Rohwer,2016,Mycogen 2Y744,236.1,88,245,113,14.819997,30.02943038,19.43132911,3369.47,552.27,24.73037975,70,42,116.84,71.12,91.44,93.98,203.2,0,579.12,march 23- march 29,SouthEast
Rohwer,2016,BH 8688DG2P,235.6,88,245,114,14.788612,30.02943038,19.43132911,3369.47,552.27,24.73037975,70,42,116.84,71.12,91.44,93.98,203.2,0,579.12,march 23- march 29,SouthEast
Rohwer,2016,Armor 1414 PRO2,234.2,88,245,114,14.700734,30.02943038,19.43132911,3369.47,552.27,24.73037975,70,42,116.84,71.12,91.44,93.98,203.2,0,579.12,march 23- march 29,SouthEast
Rohwer,2016,AgriGold A6544VT2PRO,233.7,88,245,113,14.669349,30.02943038,19.43132911,3369.47,552.27,24.73037975,70,42,116.84,71.12,91.44,93.98,203.2,0,579.12,march 23- march 29,SouthEast
Rohwer,2016,BH 8590VT2P,233.5,88,245,115,14.656795,30.02943038,19.43132911,3369.47,552.27,24.73037975,70,42,116.84,71.12,91.44,93.98,203.2,0,579.12,march 23- march 29,SouthEast
Rohwer,2016,Mycogen X13823S3,233,88,245,113,14.62541,30.02943038,19.43132911,3369.47,552.27,24.73037975,70,42,116.84,71.12,91.44,93.98,203.2,0,579.12,march 23- march 29,SouthEast
Rohwer,2016,Augusta 5566 GTCBLL,232.2,88,245,116,14.575194,30.02943038,19.43132911,3369.47,552.27,24.73037975,70,42,116.84,71.12,91.44,93.98,203.2,0,579.12,march 23- march 29,SouthEast
Rohwer,2016,AgriGold A6499VT2RIB,232,88,245,112,14.56264,30.02943038,19.43132911,3369.47,552.27,24.73037975,70,42,116.84,71.12,91.44,93.98,203.2,0,579.12,march 23- march 29,SouthEast
Rohwer,2016,Mycogen 2J794,231.2,88,245,115,14.512424,30.02943038,19.43132911,3369.47,552.27,24.73037975,70,42,116.84,71.12,91.44,93.98,203.2,0,579.12,march 23- march 29,SouthEast
Rohwer,2016,AgriGold A6559VT2RIB,231,88,245,113,14.49987,30.02943038,19.43132911,3369.47,552.27,24.73037975,70,42,116.84,71.12,91.44,93.98,203.2,0,579.12,march 23- march 29,SouthEast
Rohwer,2016,Armor 1100 PRO2,230.6,88,245,110,14.474762,30.02943038,19.43132911,3369.47,552.27,24.73037975,70,42,116.84,71.12,91.44,93.98,203.2,0,579.12,march 23- march 29,SouthEast
Rohwer,2016,Armor AXG6112 3000GT,230.4,88,245,112,14.462208,30.02943038,19.43132911,3369.47,552.27,24.73037975,70,42,116.84,71.12,91.44,93.98,203.2,0,579.12,march 23- march 29,SouthEast
Rohwer,2016,REV¨ 23BHR55ª,228.4,88,245,113,14.336668,30.02943038,19.43132911,3369.47,552.27,24.73037975,70,42,116.84,71.12,91.44,93.98,203.2,0,579.12,march 23- march 29,SouthEast
Rohwer,2016,MorCorn MC4319VT2PRIB,227.4,88,245,113,14.273898,30.02943038,19.43132911,3369.47,552.27,24.73037975,70,42,116.84,71.12,91.44,93.98,203.2,0,579.12,march 23- march 29,SouthEast
Rohwer,2016,LG5663VT2RIB,225.3,88,245,115,14.142081,30.02943038,19.43132911,3369.47,552.27,24.73037975,70,42,116.84,71.12,91.44,93.98,203.2,0,579.12,march 23- march 29,SouthEast
Rohwer,2016,Croplan 5678VT3P,225.1,88,245,116,14.129527,30.02943038,19.43132911,3369.47,552.27,24.73037975,70,42,116.84,71.12,91.44,93.98,203.2,0,579.12,march 23- march 29,SouthEast
Rohwer,2016,Dyna-Gro D54VC52,224.3,88,245,114,14.079311,30.02943038,19.43132911,3369.47,552.27,24.73037975,70,42,116.84,71.12,91.44,93.98,203.2,0,579.12,march 23- march 29,SouthEast
Rohwer,2016,MorCorn MCXP1617SS,223.3,88,245,116,14.016541,30.02943038,19.43132911,3369.47,552.27,24.73037975,70,42,116.84,71.12,91.44,93.98,203.2,0,579.12,march 23- march 29,SouthEast
Rohwer,2016,Armor 1340 PRO2,221.2,88,245,113,13.884724,30.02943038,19.43132911,3369.47,552.27,24.73037975,70,42,116.84,71.12,91.44,93.98,203.2,0,579.12,march 23- march 29,SouthEast
Rohwer,2016,Mycogen X14677VH,219.8,88,245,113,13.796846,30.02943038,19.43132911,3369.47,552.27,24.73037975,70,42,116.84,71.12,91.44,93.98,203.2,0,579.12,march 23- march 29,SouthEast
Rohwer,2016,Progeny PGY 6116VT2P,219.3,88,245,116,13.765461,30.02943038,19.43132911,3369.47,552.27,24.73037975,70,42,116.84,71.12,91.44,93.98,203.2,0,579.12,march 23- march 29,SouthEast
Rohwer,2016,Delta Grow DG2888 GTCBLLVIP,215.9,88,245,115,13.552043,30.02943038,19.43132911,3369.47,552.27,24.73037975,70,42,116.84,71.12,91.44,93.98,203.2,0,579.12,march 23- march 29,SouthEast
Rohwer,2016,Augusta 7766 VT2PRO,215.1,88,245,116,13.501827,30.02943038,19.43132911,3369.47,552.27,24.73037975,70,42,116.84,71.12,91.44,93.98,203.2,0,579.12,march 23- march 29,SouthEast
Rohwer,2016,Progeny PGY 6110VT2P,214.6,88,245,110,13.470442,30.02943038,19.43132911,3369.47,552.27,24.73037975,70,42,116.84,71.12,91.44,93.98,203.2,0,579.12,march 23- march 29,SouthEast
Rohwer,2016,Armor 1500 PRO2,212.1,88,245,115,13.313517,30.02943038,19.43132911,3369.47,552.27,24.73037975,70,42,116.84,71.12,91.44,93.98,203.2,0,579.12,march 23- march 29,SouthEast
Rohwer,2016,Croplan 5390VT3P,210.8,88,245,113,13.231916,30.02943038,19.43132911,3369.47,552.27,24.73037975,70,42,116.84,71.12,91.44,93.98,203.2,0,579.12,march 23- march 29,SouthEast
Rohwer,2016,Progeny PGY 4114VT2P,210.3,88,245,114,13.200531,30.02943038,19.43132911,3369.47,552.27,24.73037975,70,42,116.84,71.12,91.44,93.98,203.2,0,579.12,march 23- march 29,SouthEast
Rohwer,2016,Progeny PGY EXP1615VT2P,209.3,88,245,115,13.137761,30.02943038,19.43132911,3369.47,552.27,24.73037975,70,42,116.84,71.12,91.44,93.98,203.2,0,579.12,march 23- march 29,SouthEast
Rohwer,2016,MorCorn MCXP1616VT2PRIB,209.2,88,245,116,13.131484,30.02943038,19.43132911,3369.47,552.27,24.73037975,70,42,116.84,71.12,91.44,93.98,203.2,0,579.12,march 23- march 29,SouthEast
Rohwer,2016,Augusta 1564 GTCBLL,209.1,88,245,114,13.125207,30.02943038,19.43132911,3369.47,552.27,24.73037975,70,42,116.84,71.12,91.44,93.98,203.2,0,579.12,march 23- march 29,SouthEast
Rohwer,2016,Pioneer P1311YHR,207.5,88,245,113,13.024775,30.02943038,19.43132911,3369.47,552.27,24.73037975,70,42,116.84,71.12,91.44,93.98,203.2,0,579.12,march 23- march 29,SouthEast
Rohwer,2016,REV¨ 25BHR26ª,206.1,88,245,115,12.936897,30.02943038,19.43132911,3369.47,552.27,24.73037975,70,42,116.84,71.12,91.44,93.98,203.2,0,579.12,march 23- march 29,SouthEast
Rohwer,2016,REV¨ 24BHR93ª,201.6,88,245,114,12.654432,30.02943038,19.43132911,3369.47,552.27,24.73037975,70,42,116.84,71.12,91.44,93.98,203.2,0,579.12,march 23- march 29,SouthEast
Rohwer,2016,DEKALB DKC 67-44,275.7,88,245,117,17.305689,30.02943038,19.43132911,3369.47,552.27,24.73037975,70,42,116.84,71.12,91.44,93.98,203.2,0,579.12,march 23- march 29,SouthEast
Rohwer,2016,Armor 1717 PRO2,268.5,88,245,117,16.853745,30.02943038,19.43132911,3369.47,552.27,24.73037975,70,42,116.84,71.12,91.44,93.98,203.2,0,579.12,march 23- march 29,SouthEast
Rohwer,2016,AgriGold A6711VT2PRO,265.9,88,245,118,16.690543,30.02943038,19.43132911,3369.47,552.27,24.73037975,70,42,116.84,71.12,91.44,93.98,203.2,0,579.12,march 23- march 29,SouthEast
Rohwer,2016,DEKALB DKC 67-14,262.7,88,245,117,16.489679,30.02943038,19.43132911,3369.47,552.27,24.73037975,70,42,116.84,71.12,91.44,93.98,203.2,0,579.12,march 23- march 29,SouthEast
Rohwer,2016,Dyna-Gro D58VC65,260,88,245,118,16.3202,30.02943038,19.43132911,3369.47,552.27,24.73037975,70,42,116.84,71.12,91.44,93.98,203.2,0,579.12,march 23- march 29,SouthEast
Rohwer,2016,DEKALB DKC 68-26,256.2,88,245,118,16.081674,30.02943038,19.43132911,3369.47,552.27,24.73037975,70,42,116.84,71.12,91.44,93.98,203.2,0,579.12,march 23- march 29,SouthEast
Rohwer,2016,DEKALB DKC 70-27,251.3,88,245,120,15.774101,30.02943038,19.43132911,3369.47,552.27,24.73037975,70,42,116.84,71.12,91.44,93.98,203.2,0,579.12,march 23- march 29,SouthEast
Rohwer,2016,AgriGold A6687VT2PRO,248.5,88,245,117,15.598345,30.02943038,19.43132911,3369.47,552.27,24.73037975,70,42,116.84,71.12,91.44,93.98,203.2,0,579.12,march 23- march 29,SouthEast
Rohwer,2016,Progeny PGY 4117VT3P,248.1,88,245,117,15.573237,30.02943038,19.43132911,3369.47,552.27,24.73037975,70,42,116.84,71.12,91.44,93.98,203.2,0,579.12,march 23- march 29,SouthEast
Rohwer,2016,Pioneer P2160YHR,247.2,88,245,121,15.516744,30.02943038,19.43132911,3369.47,552.27,24.73037975,70,42,116.84,71.12,91.44,93.98,203.2,0,579.12,march 23- march 29,SouthEast
Rohwer,2016,Dyna-Gro D57VP51,246.8,88,245,117,15.491636,30.02943038,19.43132911,3369.47,552.27,24.73037975,70,42,116.84,71.12,91.44,93.98,203.2,0,579.12,march 23- march 29,SouthEast
Rohwer,2016,MorCorn MC4725VT2PRIB,246.6,88,245,117,15.479082,30.02943038,19.43132911,3369.47,552.27,24.73037975,70,42,116.84,71.12,91.44,93.98,203.2,0,579.12,march 23- march 29,SouthEast
Rohwer,2016,AgriGold A6719VT2PRO,245.7,88,245,118,15.422589,30.02943038,19.43132911,3369.47,552.27,24.73037975,70,42,116.84,71.12,91.44,93.98,203.2,0,579.12,march 23- march 29,SouthEast
Rohwer,2016,Delta Grow DG3660 GTCBLLVIP,242.6,88,245,118,15.228002,30.02943038,19.43132911,3369.47,552.27,24.73037975,70,42,116.84,71.12,91.44,93.98,203.2,0,579.12,march 23- march 29,SouthEast
Rohwer,2016,DEKALB DKC 67-72,241.4,88,245,117,15.152678,30.02943038,19.43132911,3369.47,552.27,24.73037975,70,42,116.84,71.12,91.44,93.98,203.2,0,579.12,march 23- march 29,SouthEast
Rohwer,2016,Dyna-Gro D58VC37,238.4,88,245,118,14.964368,30.02943038,19.43132911,3369.47,552.27,24.73037975,70,42,116.84,71.12,91.44,93.98,203.2,0,579.12,march 23- march 29,SouthEast
Rohwer,2016,Armor AXG6118 3000GT,237.5,88,245,118,14.907875,30.02943038,19.43132911,3369.47,552.27,24.73037975,70,42,116.84,71.12,91.44,93.98,203.2,0,579.12,march 23- march 29,SouthEast
Rohwer,2016,REV¨ 28HR20ª,235.9,88,245,118,14.807443,30.02943038,19.43132911,3369.47,552.27,24.73037975,70,42,116.84,71.12,91.44,93.98,203.2,0,579.12,march 23- march 29,SouthEast
Rohwer,2016,Progeny PGY 6119VT2P,235.8,88,245,119,14.801166,30.02943038,19.43132911,3369.47,552.27,24.73037975,70,42,116.84,71.12,91.44,93.98,203.2,0,579.12,march 23- march 29,SouthEast
Rohwer,2016,MorCorn MCXP1618VT3PRIB,233.6,88,245,117,14.663072,30.02943038,19.43132911,3369.47,552.27,24.73037975,70,42,116.84,71.12,91.44,93.98,203.2,0,579.12,march 23- march 29,SouthEast
Rohwer,2016,Augusta 7768 3110,231.4,88,245,118,14.524978,30.02943038,19.43132911,3369.47,552.27,24.73037975,70,42,116.84,71.12,91.44,93.98,203.2,0,579.12,march 23- march 29,SouthEast
Rohwer,2016,MorCorn MCXP1619GTCBLLRW,230.3,88,245,117,14.455931,30.02943038,19.43132911,3369.47,552.27,24.73037975,70,42,116.84,71.12,91.44,93.98,203.2,0,579.12,march 23- march 29,SouthEast
Rohwer,2016,Delta Grow DG2688 GTCBLL,215.9,88,245,118,13.552043,30.02943038,19.43132911,3369.47,552.27,24.73037975,70,42,116.84,71.12,91.44,93.98,203.2,0,579.12,march 23- march 29,SouthEast
Rohwer,2016,Pioneer P1916YHR,205.7,88,245,119,12.911789,30.02943038,19.43132911,3369.47,552.27,24.73037975,70,42,116.84,71.12,91.44,93.98,203.2,0,579.12,march 23- march 29,SouthEast
Keiser,2017,Progeny PGY6116VT2P,237.3,96,254,116,14.895321,28.82427673,18.09100629,3403.6,648.02,23.45764151,39,9,109.22,144.78,114.3,60.96,162.56,30.48,617.22,april 6- april 12,NorthEast
Keiser,2017,Armor 1667S,237,96,254,116,14.87649,28.82427673,18.09100629,3403.6,648.02,23.45764151,39,9,109.22,144.78,114.3,60.96,162.56,30.48,617.22,april 6- april 12,NorthEast
Keiser,2017,LG5700VT2RIB,233.3,96,254,116,14.644241,28.82427673,18.09100629,3403.6,648.02,23.45764151,39,9,109.22,144.78,114.3,60.96,162.56,30.48,617.22,april 6- april 12,NorthEast
Keiser,2017,REV 25BHR26,232.4,96,254,115,14.587748,28.82427673,18.09100629,3403.6,648.02,23.45764151,39,9,109.22,144.78,114.3,60.96,162.56,30.48,617.22,april 6- april 12,NorthEast
Keiser,2017,BH 8590VT2P,231.5,96,254,115,14.531255,28.82427673,18.09100629,3403.6,648.02,23.45764151,39,9,109.22,144.78,114.3,60.96,162.56,30.48,617.22,april 6- april 12,NorthEast
Keiser,2017,LG5643VT2RIB,229.5,96,254,114,14.405715,28.82427673,18.09100629,3403.6,648.02,23.45764151,39,9,109.22,144.78,114.3,60.96,162.56,30.48,617.22,april 6- april 12,NorthEast
Keiser,2017,Pioneer P1197YHR,229.4,96,254,111,14.399438,28.82427673,18.09100629,3403.6,648.02,23.45764151,39,9,109.22,144.78,114.3,60.96,162.56,30.48,617.22,april 6- april 12,NorthEast
Keiser,2017,NK 83D 3111,229.1,96,254,116,14.380607,28.82427673,18.09100629,3403.6,648.02,23.45764151,39,9,109.22,144.78,114.3,60.96,162.56,30.48,617.22,april 6- april 12,NorthEast
Keiser,2017,AgriGold A6659VT2RIB,227.2,96,254,116,14.261344,28.82427673,18.09100629,3403.6,648.02,23.45764151,39,9,109.22,144.78,114.3,60.96,162.56,30.48,617.22,april 6- april 12,NorthEast
Keiser,2017,DEKALB DKC 64-35,221.2,96,254,114,13.884724,28.82427673,18.09100629,3403.6,648.02,23.45764151,39,9,109.22,144.78,114.3,60.96,162.56,30.48,617.22,april 6- april 12,NorthEast
Keiser,2017,NK 1573 3111,218.7,96,254,115,13.727799,28.82427673,18.09100629,3403.6,648.02,23.45764151,39,9,109.22,144.78,114.3,60.96,162.56,30.48,617.22,april 6- april 12,NorthEast
Keiser,2017,AgriGold A6652VT2RIB,218.2,96,254,116,13.696414,28.82427673,18.09100629,3403.6,648.02,23.45764151,39,9,109.22,144.78,114.3,60.96,162.56,30.48,617.22,april 6- april 12,NorthEast
Keiser,2017,REV 26BHR50,218,96,254,116,13.68386,28.82427673,18.09100629,3403.6,648.02,23.45764151,39,9,109.22,144.78,114.3,60.96,162.56,30.48,617.22,april 6- april 12,NorthEast
Keiser,2017,MorCorn MC XP1720 VT2P,217.9,96,254,116,13.677583,28.82427673,18.09100629,3403.6,648.02,23.45764151,39,9,109.22,144.78,114.3,60.96,162.56,30.48,617.22,april 6- april 12,NorthEast
Keiser,2017,Progeny PGY1715SS,217.7,96,254,115,13.665029,28.82427673,18.09100629,3403.6,648.02,23.45764151,39,9,109.22,144.78,114.3,60.96,162.56,30.48,617.22,april 6- april 12,NorthEast
Keiser,2017,Augusta 7766 VT2PRO,217,96,254,116,13.62109,28.82427673,18.09100629,3403.6,648.02,23.45764151,39,9,109.22,144.78,114.3,60.96,162.56,30.48,617.22,april 6- april 12,NorthEast
Keiser,2017,Pfister 71C1PCR,216.5,96,254,111,13.589705,28.82427673,18.09100629,3403.6,648.02,23.45764151,39,9,109.22,144.78,114.3,60.96,162.56,30.48,617.22,april 6- april 12,NorthEast
Keiser,2017,BH 8688DG2P,216.3,96,254,114,13.577151,28.82427673,18.09100629,3403.6,648.02,23.45764151,39,9,109.22,144.78,114.3,60.96,162.56,30.48,617.22,april 6- april 12,NorthEast
Keiser,2017,Armor AXT7116 PRO2,216.2,96,254,116,13.570874,28.82427673,18.09100629,3403.6,648.02,23.45764151,39,9,109.22,144.78,114.3,60.96,162.56,30.48,617.22,april 6- april 12,NorthEast
Keiser,2017,Augusta 5065 GTCBLL,215.4,96,254,115,13.520658,28.82427673,18.09100629,3403.6,648.02,23.45764151,39,9,109.22,144.78,114.3,60.96,162.56,30.48,617.22,april 6- april 12,NorthEast
Keiser,2017,MorCorn MC 4319 VT2P,215.4,96,254,113,13.520658,28.82427673,18.09100629,3403.6,648.02,23.45764151,39,9,109.22,144.78,114.3,60.96,162.56,30.48,617.22,april 6- april 12,NorthEast
Keiser,2017,REV 23BHR55,215.3,96,254,113,13.514381,28.82427673,18.09100629,3403.6,648.02,23.45764151,39,9,109.22,144.78,114.3,60.96,162.56,30.48,617.22,april 6- april 12,NorthEast
Keiser,2017,Augusta 1165 VT2Pro,214.6,96,254,115,13.470442,28.82427673,18.09100629,3403.6,648.02,23.45764151,39,9,109.22,144.78,114.3,60.96,162.56,30.48,617.22,april 6- april 12,NorthEast
Keiser,2017,MorCorn MC XP1722 VT2P,214.2,96,254,114,13.445334,28.82427673,18.09100629,3403.6,648.02,23.45764151,39,9,109.22,144.78,114.3,60.96,162.56,30.48,617.22,april 6- april 12,NorthEast
Keiser,2017,LG5650VT2RIB,213.9,96,254,115,13.426503,28.82427673,18.09100629,3403.6,648.02,23.45764151,39,9,109.22,144.78,114.3,60.96,162.56,30.48,617.22,april 6- april 12,NorthEast
Keiser,2017,Progeny PGY5115VT2P,213.1,96,254,115,13.376287,28.82427673,18.09100629,3403.6,648.02,23.45764151,39,9,109.22,144.78,114.3,60.96,162.56,30.48,617.22,april 6- april 12,NorthEast
Keiser,2017,AgriGold A645-10VT2RIB,212.8,96,254,115,13.357456,28.82427673,18.09100629,3403.6,648.02,23.45764151,39,9,109.22,144.78,114.3,60.96,162.56,30.48,617.22,april 6- april 12,NorthEast
Keiser,2017,Pioneer P1442YHR,212.8,96,254,114,13.357456,28.82427673,18.09100629,3403.6,648.02,23.45764151,39,9,109.22,144.78,114.3,60.96,162.56,30.48,617.22,april 6- april 12,NorthEast
Keiser,2017,NK 66V 3120,209.9,96,254,111,13.175423,28.82427673,18.09100629,3403.6,648.02,23.45764151,39,9,109.22,144.78,114.3,60.96,162.56,30.48,617.22,april 6- april 12,NorthEast
Keiser,2017,AgriGold A6544VT2RIB,209.8,96,254,113,13.169146,28.82427673,18.09100629,3403.6,648.02,23.45764151,39,9,109.22,144.78,114.3,60.96,162.56,30.48,617.22,april 6- april 12,NorthEast
Keiser,2017,DEKALB DKC 65-95,209.5,96,254,115,13.150315,28.82427673,18.09100629,3403.6,648.02,23.45764151,39,9,109.22,144.78,114.3,60.96,162.56,30.48,617.22,april 6- april 12,NorthEast
Keiser,2017,MorCorn MC XP1715 VT2P,209.3,96,254,112,13.137761,28.82427673,18.09100629,3403.6,648.02,23.45764151,39,9,109.22,144.78,114.3,60.96,162.56,30.48,617.22,april 6- april 12,NorthEast
Keiser,2017,Armor 1227P,207.7,96,254,112,13.037329,28.82427673,18.09100629,3403.6,648.02,23.45764151,39,9,109.22,144.78,114.3,60.96,162.56,30.48,617.22,april 6- april 12,NorthEast
Keiser,2017,Progeny PGY7111VT2P,207.4,96,254,111,13.018498,28.82427673,18.09100629,3403.6,648.02,23.45764151,39,9,109.22,144.78,114.3,60.96,162.56,30.48,617.22,april 6- april 12,NorthEast
Keiser,2017,Delta Grow DG2888GTCBLLVIP,207.1,96,254,115,12.999667,28.82427673,18.09100629,3403.6,648.02,23.45764151,39,9,109.22,144.78,114.3,60.96,162.56,30.48,617.22,april 6- april 12,NorthEast
Keiser,2017,LG5663VT2RIB,206.9,96,254,115,12.987113,28.82427673,18.09100629,3403.6,648.02,23.45764151,39,9,109.22,144.78,114.3,60.96,162.56,30.48,617.22,april 6- april 12,NorthEast
Keiser,2017,MorCorn MC XP1717 VT2P,206.6,96,254,114,12.968282,28.82427673,18.09100629,3403.6,648.02,23.45764151,39,9,109.22,144.78,114.3,60.96,162.56,30.48,617.22,april 6- april 12,NorthEast
Keiser,2017,Dyna-Gro D55VC45,204.5,96,254,115,12.836465,28.82427673,18.09100629,3403.6,648.02,23.45764151,39,9,109.22,144.78,114.3,60.96,162.56,30.48,617.22,april 6- april 12,NorthEast
Keiser,2017,Dyna-Gro D54VC52,202.1,96,254,114,12.685817,28.82427673,18.09100629,3403.6,648.02,23.45764151,39,9,109.22,144.78,114.3,60.96,162.56,30.48,617.22,april 6- april 12,NorthEast
Keiser,2017,Dyna-Gro D52VC63,201.1,96,254,112,12.623047,28.82427673,18.09100629,3403.6,648.02,23.45764151,39,9,109.22,144.78,114.3,60.96,162.56,30.48,617.22,april 6- april 12,NorthEast
Keiser,2017,Armor 1447P,199,96,254,114,12.49123,28.82427673,18.09100629,3403.6,648.02,23.45764151,39,9,109.22,144.78,114.3,60.96,162.56,30.48,617.22,april 6- april 12,NorthEast
Keiser,2017,AgriGold A6572VT2RIB,197.7,96,254,114,12.409629,28.82427673,18.09100629,3403.6,648.02,23.45764151,39,9,109.22,144.78,114.3,60.96,162.56,30.48,617.22,april 6- april 12,NorthEast
Keiser,2017,MorCorn MC XP1724 VT2P,196.9,96,254,116,12.359413,28.82427673,18.09100629,3403.6,648.02,23.45764151,39,9,109.22,144.78,114.3,60.96,162.56,30.48,617.22,april 6- april 12,NorthEast
Keiser,2017,Croplan 5678 VT3P,196.7,96,254,116,12.346859,28.82427673,18.09100629,3403.6,648.02,23.45764151,39,9,109.22,144.78,114.3,60.96,162.56,30.48,617.22,april 6- april 12,NorthEast
Keiser,2017,DEKALB DKC 62-20,196.4,96,254,112,12.328028,28.82427673,18.09100629,3403.6,648.02,23.45764151,39,9,109.22,144.78,114.3,60.96,162.56,30.48,617.22,april 6- april 12,NorthEast
Keiser,2017,Progeny PGY7215VT2P,195.9,96,254,115,12.296643,28.82427673,18.09100629,3403.6,648.02,23.45764151,39,9,109.22,144.78,114.3,60.96,162.56,30.48,617.22,april 6- april 12,NorthEast
Keiser,2017,MorCorn MC XP1714 VT2P,195.6,96,254,113,12.277812,28.82427673,18.09100629,3403.6,648.02,23.45764151,39,9,109.22,144.78,114.3,60.96,162.56,30.48,617.22,april 6- april 12,NorthEast
Keiser,2017,AgriGold A6499VT2RIB,192.3,96,254,112,12.070671,28.82427673,18.09100629,3403.6,648.02,23.45764151,39,9,109.22,144.78,114.3,60.96,162.56,30.48,617.22,april 6- april 12,NorthEast
Keiser,2017,MorCorn MC XP1716 VT2P,190.1,96,254,114,11.932577,28.82427673,18.09100629,3403.6,648.02,23.45764151,39,9,109.22,144.78,114.3,60.96,162.56,30.48,617.22,april 6- april 12,NorthEast
Keiser,2017,Progeny PGY6110VT2P,176.1,96,254,110,11.053797,28.82427673,18.09100629,3403.6,648.02,23.45764151,39,9,109.22,144.78,114.3,60.96,162.56,30.48,617.22,april 6- april 12,NorthEast
Keiser,2017,Pioneer P2089VYHR,239.7,96,254,117,15.045969,28.82427673,18.09100629,3403.6,648.02,23.45764151,39,9,109.22,144.78,114.3,60.96,162.56,30.48,617.22,april 6- april 12,NorthEast
Keiser,2017,Dyna-Gro D57VP51,234.4,96,254,117,14.713288,28.82427673,18.09100629,3403.6,648.02,23.45764151,39,9,109.22,144.78,114.3,60.96,162.56,30.48,617.22,april 6- april 12,NorthEast
Keiser,2017,Pioneer P1870YHR,232.2,96,254,118,14.575194,28.82427673,18.09100629,3403.6,648.02,23.45764151,39,9,109.22,144.78,114.3,60.96,162.56,30.48,617.22,april 6- april 12,NorthEast
Keiser,2017,Progeny PGY6119VT2P,221.6,96,254,119,13.909832,28.82427673,18.09100629,3403.6,648.02,23.45764151,39,9,109.22,144.78,114.3,60.96,162.56,30.48,617.22,april 6- april 12,NorthEast
Keiser,2017,MorCorn MC 4725 VT2P,219.9,96,254,117,13.803123,28.82427673,18.09100629,3403.6,648.02,23.45764151,39,9,109.22,144.78,114.3,60.96,162.56,30.48,617.22,april 6- april 12,NorthEast
Keiser,2017,DEKALB DKC 67-44,219.8,96,254,117,13.796846,28.82427673,18.09100629,3403.6,648.02,23.45764151,39,9,109.22,144.78,114.3,60.96,162.56,30.48,617.22,april 6- april 12,NorthEast
Keiser,2017,Armor 1717 PRO2,219.2,96,254,117,13.759184,28.82427673,18.09100629,3403.6,648.02,23.45764151,39,9,109.22,144.78,114.3,60.96,162.56,30.48,617.22,april 6- april 12,NorthEast
Keiser,2017,AgriGold A6711VT2PRO,219,96,254,118,13.74663,28.82427673,18.09100629,3403.6,648.02,23.45764151,39,9,109.22,144.78,114.3,60.96,162.56,30.48,617.22,april 6- april 12,NorthEast
Keiser,2017,MorCorn MC XP1718 VT2P,219,96,254,117,13.74663,28.82427673,18.09100629,3403.6,648.02,23.45764151,39,9,109.22,144.78,114.3,60.96,162.56,30.48,617.22,april 6- april 12,NorthEast
Keiser,2017,REV 28BHR18,218.7,96,254,118,13.727799,28.82427673,18.09100629,3403.6,648.02,23.45764151,39,9,109.22,144.78,114.3,60.96,162.56,30.48,617.22,april 6- april 12,NorthEast
Keiser,2017,Pfister 3497SS,217.7,96,254,118,13.665029,28.82427673,18.09100629,3403.6,648.02,23.45764151,39,9,109.22,144.78,114.3,60.96,162.56,30.48,617.22,april 6- april 12,NorthEast
Keiser,2017,DEKALB DKC 70-27,215.5,96,254,120,13.526935,28.82427673,18.09100629,3403.6,648.02,23.45764151,39,9,109.22,144.78,114.3,60.96,162.56,30.48,617.22,april 6- april 12,NorthEast
Keiser,2017,Dyna-Gro D58VC65,214,96,254,118,13.43278,28.82427673,18.09100629,3403.6,648.02,23.45764151,39,9,109.22,144.78,114.3,60.96,162.56,30.48,617.22,april 6- april 12,NorthEast
Keiser,2017,DEKALB DKC 68-26,213.5,96,254,118,13.401395,28.82427673,18.09100629,3403.6,648.02,23.45764151,39,9,109.22,144.78,114.3,60.96,162.56,30.48,617.22,april 6- april 12,NorthEast
Keiser,2017,Dyna-Gro D58VC37,210.5,96,254,118,13.213085,28.82427673,18.09100629,3403.6,648.02,23.45764151,39,9,109.22,144.78,114.3,60.96,162.56,30.48,617.22,april 6- april 12,NorthEast
Keiser,2017,Croplan 5290 VT3P,205.3,96,254,117,12.886681,28.82427673,18.09100629,3403.6,648.02,23.45764151,39,9,109.22,144.78,114.3,60.96,162.56,30.48,617.22,april 6- april 12,NorthEast
Keiser,2017,Armor 1887P,204.3,96,254,118,12.823911,28.82427673,18.09100629,3403.6,648.02,23.45764151,39,9,109.22,144.78,114.3,60.96,162.56,30.48,617.22,april 6- april 12,NorthEast
Keiser,2017,Delta Grow DG3660GTCBLLVIP,202.7,96,254,118,12.723479,28.82427673,18.09100629,3403.6,648.02,23.45764151,39,9,109.22,144.78,114.3,60.96,162.56,30.48,617.22,april 6- april 12,NorthEast
Keiser,2017,DEKALB DKC 67-72,196.7,96,254,117,12.346859,28.82427673,18.09100629,3403.6,648.02,23.45764151,39,9,109.22,144.78,114.3,60.96,162.56,30.48,617.22,april 6- april 12,NorthEast
Stuttgart,2017,Armor 1447P,260.2,95,249,114,16.332754,29.68632258,18.82980645,3283.3,662.31,24.25806452,51,14,185.42,149.86,55.88,86.36,205.74,0,680.72,march 30- april 5,SouthEast
Stuttgart,2017,Pioneer P1197YHR,253,95,249,111,15.88081,29.68632258,18.82980645,3283.3,662.31,24.25806452,51,14,185.42,149.86,55.88,86.36,205.74,0,680.72,march 30- april 5,SouthEast
Stuttgart,2017,Progeny PGY1715SS,252.7,95,249,115,15.861979,29.68632258,18.82980645,3283.3,662.31,24.25806452,51,14,185.42,149.86,55.88,86.36,205.74,0,680.72,march 30- april 5,SouthEast
Stuttgart,2017,LG5643VT2RIB,252.3,95,249,114,15.836871,29.68632258,18.82980645,3283.3,662.31,24.25806452,51,14,185.42,149.86,55.88,86.36,205.74,0,680.72,march 30- april 5,SouthEast
Stuttgart,2017,REV 25BHR26,249.8,95,249,115,15.679946,29.68632258,18.82980645,3283.3,662.31,24.25806452,51,14,185.42,149.86,55.88,86.36,205.74,0,680.72,march 30- april 5,SouthEast
Stuttgart,2017,LG5650VT2RIB,247.4,95,249,115,15.529298,29.68632258,18.82980645,3283.3,662.31,24.25806452,51,14,185.42,149.86,55.88,86.36,205.74,0,680.72,march 30- april 5,SouthEast
Stuttgart,2017,AgriGold A6652VT2RIB,247.2,95,249,116,15.516744,29.68632258,18.82980645,3283.3,662.31,24.25806452,51,14,185.42,149.86,55.88,86.36,205.74,0,680.72,march 30- april 5,SouthEast
Stuttgart,2017,DEKALB DKC 64-35,246.2,95,249,114,15.453974,29.68632258,18.82980645,3283.3,662.31,24.25806452,51,14,185.42,149.86,55.88,86.36,205.74,0,680.72,march 30- april 5,SouthEast
Stuttgart,2017,AgriGold A6659VT2RIB,245.4,95,249,116,15.403758,29.68632258,18.82980645,3283.3,662.31,24.25806452,51,14,185.42,149.86,55.88,86.36,205.74,0,680.72,march 30- april 5,SouthEast
Stuttgart,2017,AgriGold A6544VT2RIB,245.3,95,249,113,15.397481,29.68632258,18.82980645,3283.3,662.31,24.25806452,51,14,185.42,149.86,55.88,86.36,205.74,0,680.72,march 30- april 5,SouthEast
Stuttgart,2017,LG5700VT2RIB,244.7,95,249,116,15.359819,29.68632258,18.82980645,3283.3,662.31,24.25806452,51,14,185.42,149.86,55.88,86.36,205.74,0,680.72,march 30- april 5,SouthEast
Stuttgart,2017,MorCorn MC XP1720 VT2P,244.6,95,249,116,15.353542,29.68632258,18.82980645,3283.3,662.31,24.25806452,51,14,185.42,149.86,55.88,86.36,205.74,0,680.72,march 30- april 5,SouthEast
Stuttgart,2017,REV 23BHR55,244,95,249,113,15.31588,29.68632258,18.82980645,3283.3,662.31,24.25806452,51,14,185.42,149.86,55.88,86.36,205.74,0,680.72,march 30- april 5,SouthEast
Stuttgart,2017,MorCorn MC XP1724 VT2P,243.7,95,249,116,15.297049,29.68632258,18.82980645,3283.3,662.31,24.25806452,51,14,185.42,149.86,55.88,86.36,205.74,0,680.72,march 30- april 5,SouthEast
Stuttgart,2017,REV 26BHR50,241.9,95,249,116,15.184063,29.68632258,18.82980645,3283.3,662.31,24.25806452,51,14,185.42,149.86,55.88,86.36,205.74,0,680.72,march 30- april 5,SouthEast
Stuttgart,2017,Croplan 5678 VT3P,241.4,95,249,116,15.152678,29.68632258,18.82980645,3283.3,662.31,24.25806452,51,14,185.42,149.86,55.88,86.36,205.74,0,680.72,march 30- april 5,SouthEast
Stuttgart,2017,DEKALB DKC 65-95,240.1,95,249,115,15.071077,29.68632258,18.82980645,3283.3,662.31,24.25806452,51,14,185.42,149.86,55.88,86.36,205.74,0,680.72,march 30- april 5,SouthEast
Stuttgart,2017,Armor AXT7116 PRO2,239.5,95,249,116,15.033415,29.68632258,18.82980645,3283.3,662.31,24.25806452,51,14,185.42,149.86,55.88,86.36,205.74,0,680.72,march 30- april 5,SouthEast
Stuttgart,2017,BH 8590VT2P,238.8,95,249,115,14.989476,29.68632258,18.82980645,3283.3,662.31,24.25806452,51,14,185.42,149.86,55.88,86.36,205.74,0,680.72,march 30- april 5,SouthEast
Stuttgart,2017,Armor 1667S,237.8,95,249,116,14.926706,29.68632258,18.82980645,3283.3,662.31,24.25806452,51,14,185.42,149.86,55.88,86.36,205.74,0,680.72,march 30- april 5,SouthEast
Stuttgart,2017,MorCorn MC XP1717 VT2P,237.2,95,249,114,14.889044,29.68632258,18.82980645,3283.3,662.31,24.25806452,51,14,185.42,149.86,55.88,86.36,205.74,0,680.72,march 30- april 5,SouthEast
Stuttgart,2017,NK 1573 3111,235.3,95,249,115,14.769781,29.68632258,18.82980645,3283.3,662.31,24.25806452,51,14,185.42,149.86,55.88,86.36,205.74,0,680.72,march 30- april 5,SouthEast
Stuttgart,2017,LG5663VT2RIB,235.1,95,249,115,14.757227,29.68632258,18.82980645,3283.3,662.31,24.25806452,51,14,185.42,149.86,55.88,86.36,205.74,0,680.72,march 30- april 5,SouthEast
Stuttgart,2017,AgriGold A6572VT2RIB,234.7,95,249,114,14.732119,29.68632258,18.82980645,3283.3,662.31,24.25806452,51,14,185.42,149.86,55.88,86.36,205.74,0,680.72,march 30- april 5,SouthEast
Stuttgart,2017,Augusta 1165 VT2Pro,234.3,95,249,115,14.707011,29.68632258,18.82980645,3283.3,662.31,24.25806452,51,14,185.42,149.86,55.88,86.36,205.74,0,680.72,march 30- april 5,SouthEast
Stuttgart,2017,Pfister 71C1PCR,234,95,249,111,14.68818,29.68632258,18.82980645,3283.3,662.31,24.25806452,51,14,185.42,149.86,55.88,86.36,205.74,0,680.72,march 30- april 5,SouthEast
Stuttgart,2017,NK 83D 3111,233,95,249,116,14.62541,29.68632258,18.82980645,3283.3,662.31,24.25806452,51,14,185.42,149.86,55.88,86.36,205.74,0,680.72,march 30- april 5,SouthEast
Stuttgart,2017,MorCorn MC 4319 VT2P,231.7,95,249,113,14.543809,29.68632258,18.82980645,3283.3,662.31,24.25806452,51,14,185.42,149.86,55.88,86.36,205.74,0,680.72,march 30- april 5,SouthEast
Stuttgart,2017,MorCorn MC XP1716 VT2P,229.8,95,249,114,14.424546,29.68632258,18.82980645,3283.3,662.31,24.25806452,51,14,185.42,149.86,55.88,86.36,205.74,0,680.72,march 30- april 5,SouthEast
Stuttgart,2017,Augusta 5065 GTCBLL,229.6,95,249,115,14.411992,29.68632258,18.82980645,3283.3,662.31,24.25806452,51,14,185.42,149.86,55.88,86.36,205.74,0,680.72,march 30- april 5,SouthEast
Stuttgart,2017,Progeny PGY6116VT2P,229.5,95,249,116,14.405715,29.68632258,18.82980645,3283.3,662.31,24.25806452,51,14,185.42,149.86,55.88,86.36,205.74,0,680.72,march 30- april 5,SouthEast
Stuttgart,2017,Dyna-Gro D55VC45,228.6,95,249,115,14.349222,29.68632258,18.82980645,3283.3,662.31,24.25806452,51,14,185.42,149.86,55.88,86.36,205.74,0,680.72,march 30- april 5,SouthEast
Stuttgart,2017,AgriGold A645-10VT2RIB,226.7,95,249,115,14.229959,29.68632258,18.82980645,3283.3,662.31,24.25806452,51,14,185.42,149.86,55.88,86.36,205.74,0,680.72,march 30- april 5,SouthEast
Stuttgart,2017,Pioneer P1442YHR,226.2,95,249,114,14.198574,29.68632258,18.82980645,3283.3,662.31,24.25806452,51,14,185.42,149.86,55.88,86.36,205.74,0,680.72,march 30- april 5,SouthEast
Stuttgart,2017,Armor 1227P,226.2,95,249,112,14.198574,29.68632258,18.82980645,3283.3,662.31,24.25806452,51,14,185.42,149.86,55.88,86.36,205.74,0,680.72,march 30- april 5,SouthEast
Stuttgart,2017,MorCorn MC XP1715 VT2P,225.8,95,249,112,14.173466,29.68632258,18.82980645,3283.3,662.31,24.25806452,51,14,185.42,149.86,55.88,86.36,205.74,0,680.72,march 30- april 5,SouthEast
Stuttgart,2017,Progeny PGY7215VT2P,225,95,249,115,14.12325,29.68632258,18.82980645,3283.3,662.31,24.25806452,51,14,185.42,149.86,55.88,86.36,205.74,0,680.72,march 30- april 5,SouthEast
Stuttgart,2017,NK 66V 3120,224.5,95,249,111,14.091865,29.68632258,18.82980645,3283.3,662.31,24.25806452,51,14,185.42,149.86,55.88,86.36,205.74,0,680.72,march 30- april 5,SouthEast
Stuttgart,2017,Progeny PGY5115VT2P,224.3,95,249,115,14.079311,29.68632258,18.82980645,3283.3,662.31,24.25806452,51,14,185.42,149.86,55.88,86.36,205.74,0,680.72,march 30- april 5,SouthEast
Stuttgart,2017,MorCorn MC XP1714 VT2P,223,95,249,113,13.99771,29.68632258,18.82980645,3283.3,662.31,24.25806452,51,14,185.42,149.86,55.88,86.36,205.74,0,680.72,march 30- april 5,SouthEast
Stuttgart,2017,Dyna-Gro D54VC52,222.7,95,249,114,13.978879,29.68632258,18.82980645,3283.3,662.31,24.25806452,51,14,185.42,149.86,55.88,86.36,205.74,0,680.72,march 30- april 5,SouthEast
Stuttgart,2017,Delta Grow DG2888GTCBLLVIP,221.8,95,249,115,13.922386,29.68632258,18.82980645,3283.3,662.31,24.25806452,51,14,185.42,149.86,55.88,86.36,205.74,0,680.72,march 30- april 5,SouthEast
Stuttgart,2017,DEKALB DKC 62-20,221.7,95,249,112,13.916109,29.68632258,18.82980645,3283.3,662.31,24.25806452,51,14,185.42,149.86,55.88,86.36,205.74,0,680.72,march 30- april 5,SouthEast
Stuttgart,2017,AgriGold A6499VT2RIB,217.3,95,249,112,13.639921,29.68632258,18.82980645,3283.3,662.31,24.25806452,51,14,185.42,149.86,55.88,86.36,205.74,0,680.72,march 30- april 5,SouthEast
Stuttgart,2017,Augusta 7766 VT2PRO,212.8,95,249,116,13.357456,29.68632258,18.82980645,3283.3,662.31,24.25806452,51,14,185.42,149.86,55.88,86.36,205.74,0,680.72,march 30- april 5,SouthEast
Stuttgart,2017,Dyna-Gro D52VC63,212.4,95,249,112,13.332348,29.68632258,18.82980645,3283.3,662.31,24.25806452,51,14,185.42,149.86,55.88,86.36,205.74,0,680.72,march 30- april 5,SouthEast
Stuttgart,2017,MorCorn MC XP1722 VT2P,202.6,95,249,114,12.717202,29.68632258,18.82980645,3283.3,662.31,24.25806452,51,14,185.42,149.86,55.88,86.36,205.74,0,680.72,march 30- april 5,SouthEast
Stuttgart,2017,Progeny PGY7111VT2P,200.1,95,249,111,12.560277,29.68632258,18.82980645,3283.3,662.31,24.25806452,51,14,185.42,149.86,55.88,86.36,205.74,0,680.72,march 30- april 5,SouthEast
Stuttgart,2017,BH 8688DG2P,195.3,95,249,114,12.258981,29.68632258,18.82980645,3283.3,662.31,24.25806452,51,14,185.42,149.86,55.88,86.36,205.74,0,680.72,march 30- april 5,SouthEast
Stuttgart,2017,Progeny PGY6110VT2P,193.3,95,249,110,12.133441,29.68632258,18.82980645,3283.3,662.31,24.25806452,51,14,185.42,149.86,55.88,86.36,205.74,0,680.72,march 30- april 5,SouthEast
Stuttgart,2017,DEKALB DKC 70-27,247.4,95,249,120,15.529298,29.68632258,18.82980645,3283.3,662.31,24.25806452,51,14,185.42,149.86,55.88,86.36,205.74,0,680.72,march 30- april 5,SouthEast
Stuttgart,2017,DEKALB DKC 67-44,247.3,95,249,117,15.523021,29.68632258,18.82980645,3283.3,662.31,24.25806452,51,14,185.42,149.86,55.88,86.36,205.74,0,680.72,march 30- april 5,SouthEast
Stuttgart,2017,Pioneer P1870YHR,244.7,95,249,118,15.359819,29.68632258,18.82980645,3283.3,662.31,24.25806452,51,14,185.42,149.86,55.88,86.36,205.74,0,680.72,march 30- april 5,SouthEast
Stuttgart,2017,Dyna-Gro D57VP51,242,95,249,117,15.19034,29.68632258,18.82980645,3283.3,662.31,24.25806452,51,14,185.42,149.86,55.88,86.36,205.74,0,680.72,march 30- april 5,SouthEast
Stuttgart,2017,Dyna-Gro D58VC65,241.9,95,249,118,15.184063,29.68632258,18.82980645,3283.3,662.31,24.25806452,51,14,185.42,149.86,55.88,86.36,205.74,0,680.72,march 30- april 5,SouthEast
Stuttgart,2017,MorCorn MC 4725 VT2P,239.7,95,249,117,15.045969,29.68632258,18.82980645,3283.3,662.31,24.25806452,51,14,185.42,149.86,55.88,86.36,205.74,0,680.72,march 30- april 5,SouthEast
Stuttgart,2017,DEKALB DKC 67-72,238.2,95,249,117,14.951814,29.68632258,18.82980645,3283.3,662.31,24.25806452,51,14,185.42,149.86,55.88,86.36,205.74,0,680.72,march 30- april 5,SouthEast
Stuttgart,2017,AgriGold A6711VT2PRO,237.1,95,249,118,14.882767,29.68632258,18.82980645,3283.3,662.31,24.25806452,51,14,185.42,149.86,55.88,86.36,205.74,0,680.72,march 30- april 5,SouthEast
Stuttgart,2017,Pioneer P2089VYHR,234.3,95,249,117,14.707011,29.68632258,18.82980645,3283.3,662.31,24.25806452,51,14,185.42,149.86,55.88,86.36,205.74,0,680.72,march 30- april 5,SouthEast
Stuttgart,2017,Progeny PGY6119VT2P,226.5,95,249,119,14.217405,29.68632258,18.82980645,3283.3,662.31,24.25806452,51,14,185.42,149.86,55.88,86.36,205.74,0,680.72,march 30- april 5,SouthEast
Stuttgart,2017,Dyna-Gro D58VC37,226.3,95,249,118,14.204851,29.68632258,18.82980645,3283.3,662.31,24.25806452,51,14,185.42,149.86,55.88,86.36,205.74,0,680.72,march 30- april 5,SouthEast
Stuttgart,2017,DEKALB DKC 68-26,226.2,95,249,118,14.198574,29.68632258,18.82980645,3283.3,662.31,24.25806452,51,14,185.42,149.86,55.88,86.36,205.74,0,680.72,march 30- april 5,SouthEast
Stuttgart,2017,REV 28BHR18,224.4,95,249,118,14.085588,29.68632258,18.82980645,3283.3,662.31,24.25806452,51,14,185.42,149.86,55.88,86.36,205.74,0,680.72,march 30- april 5,SouthEast
Stuttgart,2017,Armor 1887P,219,95,249,118,13.74663,29.68632258,18.82980645,3283.3,662.31,24.25806452,51,14,185.42,149.86,55.88,86.36,205.74,0,680.72,march 30- april 5,SouthEast
Stuttgart,2017,Armor 1717 PRO2,217.1,95,249,117,13.627367,29.68632258,18.82980645,3283.3,662.31,24.25806452,51,14,185.42,149.86,55.88,86.36,205.74,0,680.72,march 30- april 5,SouthEast
Stuttgart,2017,Delta Grow DG3660GTCBLLVIP,214.2,95,249,118,13.445334,29.68632258,18.82980645,3283.3,662.31,24.25806452,51,14,185.42,149.86,55.88,86.36,205.74,0,680.72,march 30- april 5,SouthEast
Stuttgart,2017,MorCorn MC XP1718 VT2P,212.5,95,249,117,13.338625,29.68632258,18.82980645,3283.3,662.31,24.25806452,51,14,185.42,149.86,55.88,86.36,205.74,0,680.72,march 30- april 5,SouthEast
Stuttgart,2017,Pfister 3497SS,211.9,95,249,118,13.300963,29.68632258,18.82980645,3283.3,662.31,24.25806452,51,14,185.42,149.86,55.88,86.36,205.74,0,680.72,march 30- april 5,SouthEast
Stuttgart,2017,Croplan 5290 VT3P,206.3,95,249,117,12.949451,29.68632258,18.82980645,3283.3,662.31,24.25806452,51,14,185.42,149.86,55.88,86.36,205.74,0,680.72,march 30- april 5,SouthEast
Rohwer,2017,LG5650VT2RIB,278.7,87,244,115,17.493999,29.96335443,18.90936709,3270.11,678.64,24.43636076,55,18,172.72,175.26,119.38,78.74,205.74,0,749.3,march 23- march 29,SouthEast
Rohwer,2017,AgriGold A6659VT2RIB,270,87,244,116,16.9479,29.96335443,18.90936709,3270.11,678.64,24.43636076,55,18,172.72,175.26,119.38,78.74,205.74,0,749.3,march 23- march 29,SouthEast
Rohwer,2017,Armor 1447P,266,87,244,114,16.69682,29.96335443,18.90936709,3270.11,678.64,24.43636076,55,18,172.72,175.26,119.38,78.74,205.74,0,749.3,march 23- march 29,SouthEast
Rohwer,2017,Pioneer P1197YHR,264.6,87,244,111,16.608942,29.96335443,18.90936709,3270.11,678.64,24.43636076,55,18,172.72,175.26,119.38,78.74,205.74,0,749.3,march 23- march 29,SouthEast
Rohwer,2017,Progeny PGY1715SS,264.2,87,244,115,16.583834,29.96335443,18.90936709,3270.11,678.64,24.43636076,55,18,172.72,175.26,119.38,78.74,205.74,0,749.3,march 23- march 29,SouthEast
Rohwer,2017,NK 83D 3111,262.5,87,244,116,16.477125,29.96335443,18.90936709,3270.11,678.64,24.43636076,55,18,172.72,175.26,119.38,78.74,205.74,0,749.3,march 23- march 29,SouthEast
Rohwer,2017,Croplan 5678 VT3P,261.5,87,244,116,16.414355,29.96335443,18.90936709,3270.11,678.64,24.43636076,55,18,172.72,175.26,119.38,78.74,205.74,0,749.3,march 23- march 29,SouthEast
Rohwer,2017,MorCorn MC XP1720 VT2P,260.5,87,244,116,16.351585,29.96335443,18.90936709,3270.11,678.64,24.43636076,55,18,172.72,175.26,119.38,78.74,205.74,0,749.3,march 23- march 29,SouthEast
Rohwer,2017,BH 8590VT2P,260.2,87,244,115,16.332754,29.96335443,18.90936709,3270.11,678.64,24.43636076,55,18,172.72,175.26,119.38,78.74,205.74,0,749.3,march 23- march 29,SouthEast
Rohwer,2017,AgriGold A6499VT2RIB,259.1,87,244,112,16.263707,29.96335443,18.90936709,3270.11,678.64,24.43636076,55,18,172.72,175.26,119.38,78.74,205.74,0,749.3,march 23- march 29,SouthEast
Rohwer,2017,MorCorn MC XP1717 VT2P,258.6,87,244,114,16.232322,29.96335443,18.90936709,3270.11,678.64,24.43636076,55,18,172.72,175.26,119.38,78.74,205.74,0,749.3,march 23- march 29,SouthEast
Rohwer,2017,AgriGold A6652VT2RIB,258.4,87,244,116,16.219768,29.96335443,18.90936709,3270.11,678.64,24.43636076,55,18,172.72,175.26,119.38,78.74,205.74,0,749.3,march 23- march 29,SouthEast
Rohwer,2017,REV 26BHR50,256.3,87,244,116,16.087951,29.96335443,18.90936709,3270.11,678.64,24.43636076,55,18,172.72,175.26,119.38,78.74,205.74,0,749.3,march 23- march 29,SouthEast
Rohwer,2017,MorCorn MC 4319 VT2P,256,87,244,113,16.06912,29.96335443,18.90936709,3270.11,678.64,24.43636076,55,18,172.72,175.26,119.38,78.74,205.74,0,749.3,march 23- march 29,SouthEast
Rohwer,2017,Armor AXT7116 PRO2,255.5,87,244,116,16.037735,29.96335443,18.90936709,3270.11,678.64,24.43636076,55,18,172.72,175.26,119.38,78.74,205.74,0,749.3,march 23- march 29,SouthEast
Rohwer,2017,Dyna-Gro D55VC45,255.2,87,244,115,16.018904,29.96335443,18.90936709,3270.11,678.64,24.43636076,55,18,172.72,175.26,119.38,78.74,205.74,0,749.3,march 23- march 29,SouthEast
Rohwer,2017,REV 25BHR26,255,87,244,115,16.00635,29.96335443,18.90936709,3270.11,678.64,24.43636076,55,18,172.72,175.26,119.38,78.74,205.74,0,749.3,march 23- march 29,SouthEast
Rohwer,2017,LG5663VT2RIB,254.9,87,244,115,16.000073,29.96335443,18.90936709,3270.11,678.64,24.43636076,55,18,172.72,175.26,119.38,78.74,205.74,0,749.3,march 23- march 29,SouthEast
Rohwer,2017,Armor 1667S,254.8,87,244,116,15.993796,29.96335443,18.90936709,3270.11,678.64,24.43636076,55,18,172.72,175.26,119.38,78.74,205.74,0,749.3,march 23- march 29,SouthEast
Rohwer,2017,LG5643VT2RIB,254.3,87,244,114,15.962411,29.96335443,18.90936709,3270.11,678.64,24.43636076,55,18,172.72,175.26,119.38,78.74,205.74,0,749.3,march 23- march 29,SouthEast
Rohwer,2017,DEKALB DKC 65-95,253.9,87,244,115,15.937303,29.96335443,18.90936709,3270.11,678.64,24.43636076,55,18,172.72,175.26,119.38,78.74,205.74,0,749.3,march 23- march 29,SouthEast
Rohwer,2017,DEKALB DKC 64-35,253.9,87,244,114,15.937303,29.96335443,18.90936709,3270.11,678.64,24.43636076,55,18,172.72,175.26,119.38,78.74,205.74,0,749.3,march 23- march 29,SouthEast
Rohwer,2017,REV 23BHR55,253.8,87,244,113,15.931026,29.96335443,18.90936709,3270.11,678.64,24.43636076,55,18,172.72,175.26,119.38,78.74,205.74,0,749.3,march 23- march 29,SouthEast
Rohwer,2017,AgriGold A645-10VT2RIB,253.8,87,244,115,15.931026,29.96335443,18.90936709,3270.11,678.64,24.43636076,55,18,172.72,175.26,119.38,78.74,205.74,0,749.3,march 23- march 29,SouthEast
Rohwer,2017,AgriGold A6572VT2RIB,253.2,87,244,114,15.893364,29.96335443,18.90936709,3270.11,678.64,24.43636076,55,18,172.72,175.26,119.38,78.74,205.74,0,749.3,march 23- march 29,SouthEast
Rohwer,2017,Augusta 1165 VT2Pro,251.6,87,244,115,15.792932,29.96335443,18.90936709,3270.11,678.64,24.43636076,55,18,172.72,175.26,119.38,78.74,205.74,0,749.3,march 23- march 29,SouthEast
Rohwer,2017,AgriGold A6544VT2RIB,249.3,87,244,113,15.648561,29.96335443,18.90936709,3270.11,678.64,24.43636076,55,18,172.72,175.26,119.38,78.74,205.74,0,749.3,march 23- march 29,SouthEast
Rohwer,2017,BH 8688DG2P,248.1,87,244,114,15.573237,29.96335443,18.90936709,3270.11,678.64,24.43636076,55,18,172.72,175.26,119.38,78.74,205.74,0,749.3,march 23- march 29,SouthEast
Rohwer,2017,Pfister 71C1PCR,247.3,87,244,111,15.523021,29.96335443,18.90936709,3270.11,678.64,24.43636076,55,18,172.72,175.26,119.38,78.74,205.74,0,749.3,march 23- march 29,SouthEast
Rohwer,2017,MorCorn MC XP1722 VT2P,247,87,244,114,15.50419,29.96335443,18.90936709,3270.11,678.64,24.43636076,55,18,172.72,175.26,119.38,78.74,205.74,0,749.3,march 23- march 29,SouthEast
Rohwer,2017,Armor 1227P,246.5,87,244,112,15.472805,29.96335443,18.90936709,3270.11,678.64,24.43636076,55,18,172.72,175.26,119.38,78.74,205.74,0,749.3,march 23- march 29,SouthEast
Rohwer,2017,Progeny PGY6116VT2P,245.2,87,244,116,15.391204,29.96335443,18.90936709,3270.11,678.64,24.43636076,55,18,172.72,175.26,119.38,78.74,205.74,0,749.3,march 23- march 29,SouthEast
Rohwer,2017,MorCorn MC XP1715 VT2P,245.1,87,244,112,15.384927,29.96335443,18.90936709,3270.11,678.64,24.43636076,55,18,172.72,175.26,119.38,78.74,205.74,0,749.3,march 23- march 29,SouthEast
Rohwer,2017,LG5700VT2RIB,244.6,87,244,116,15.353542,29.96335443,18.90936709,3270.11,678.64,24.43636076,55,18,172.72,175.26,119.38,78.74,205.74,0,749.3,march 23- march 29,SouthEast
Rohwer,2017,Augusta 5065 GTCBLL,244.2,87,244,115,15.328434,29.96335443,18.90936709,3270.11,678.64,24.43636076,55,18,172.72,175.26,119.38,78.74,205.74,0,749.3,march 23- march 29,SouthEast
Rohwer,2017,Progeny PGY7215VT2P,243.9,87,244,115,15.309603,29.96335443,18.90936709,3270.11,678.64,24.43636076,55,18,172.72,175.26,119.38,78.74,205.74,0,749.3,march 23- march 29,SouthEast
Rohwer,2017,MorCorn MC XP1724 VT2P,243.2,87,244,116,15.265664,29.96335443,18.90936709,3270.11,678.64,24.43636076,55,18,172.72,175.26,119.38,78.74,205.74,0,749.3,march 23- march 29,SouthEast
Rohwer,2017,Dyna-Gro D52VC63,242.1,87,244,112,15.196617,29.96335443,18.90936709,3270.11,678.64,24.43636076,55,18,172.72,175.26,119.38,78.74,205.74,0,749.3,march 23- march 29,SouthEast
Rohwer,2017,Dyna-Gro D54VC52,242,87,244,114,15.19034,29.96335443,18.90936709,3270.11,678.64,24.43636076,55,18,172.72,175.26,119.38,78.74,205.74,0,749.3,march 23- march 29,SouthEast
Rohwer,2017,MorCorn MC XP1716 VT2P,241.1,87,244,114,15.133847,29.96335443,18.90936709,3270.11,678.64,24.43636076,55,18,172.72,175.26,119.38,78.74,205.74,0,749.3,march 23- march 29,SouthEast
Rohwer,2017,DEKALB DKC 62-20,238.2,87,244,112,14.951814,29.96335443,18.90936709,3270.11,678.64,24.43636076,55,18,172.72,175.26,119.38,78.74,205.74,0,749.3,march 23- march 29,SouthEast
Rohwer,2017,Progeny PGY5115VT2P,236.8,87,244,115,14.863936,29.96335443,18.90936709,3270.11,678.64,24.43636076,55,18,172.72,175.26,119.38,78.74,205.74,0,749.3,march 23- march 29,SouthEast
Rohwer,2017,Delta Grow DG2888GTCBLLVIP,232.4,87,244,115,14.587748,29.96335443,18.90936709,3270.11,678.64,24.43636076,55,18,172.72,175.26,119.38,78.74,205.74,0,749.3,march 23- march 29,SouthEast
Rohwer,2017,Progeny PGY7111VT2P,230,87,244,111,14.4371,29.96335443,18.90936709,3270.11,678.64,24.43636076,55,18,172.72,175.26,119.38,78.74,205.74,0,749.3,march 23- march 29,SouthEast
Rohwer,2017,NK 1573 3111,228.6,87,244,115,14.349222,29.96335443,18.90936709,3270.11,678.64,24.43636076,55,18,172.72,175.26,119.38,78.74,205.74,0,749.3,march 23- march 29,SouthEast
Rohwer,2017,Augusta 7766 VT2PRO,228.5,87,244,116,14.342945,29.96335443,18.90936709,3270.11,678.64,24.43636076,55,18,172.72,175.26,119.38,78.74,205.74,0,749.3,march 23- march 29,SouthEast
Rohwer,2017,Pioneer P1442YHR,226.5,87,244,114,14.217405,29.96335443,18.90936709,3270.11,678.64,24.43636076,55,18,172.72,175.26,119.38,78.74,205.74,0,749.3,march 23- march 29,SouthEast
Rohwer,2017,NK 66V 3120,220.6,87,244,111,13.847062,29.96335443,18.90936709,3270.11,678.64,24.43636076,55,18,172.72,175.26,119.38,78.74,205.74,0,749.3,march 23- march 29,SouthEast
Rohwer,2017,Progeny PGY6110VT2P,217.9,87,244,110,13.677583,29.96335443,18.90936709,3270.11,678.64,24.43636076,55,18,172.72,175.26,119.38,78.74,205.74,0,749.3,march 23- march 29,SouthEast
Rohwer,2017,MorCorn MC XP1714 VT2P,216.6,87,244,113,13.595982,29.96335443,18.90936709,3270.11,678.64,24.43636076,55,18,172.72,175.26,119.38,78.74,205.74,0,749.3,march 23- march 29,SouthEast
Rohwer,2017,Dyna-Gro D57VP51,280.8,87,244,117,17.625816,29.96335443,18.90936709,3270.11,678.64,24.43636076,55,18,172.72,175.26,119.38,78.74,205.74,0,749.3,march 23- march 29,SouthEast
Rohwer,2017,Progeny PGY6119VT2P,279.7,87,244,119,17.556769,29.96335443,18.90936709,3270.11,678.64,24.43636076,55,18,172.72,175.26,119.38,78.74,205.74,0,749.3,march 23- march 29,SouthEast
Rohwer,2017,DEKALB DKC 70-27,273.6,87,244,120,17.173872,29.96335443,18.90936709,3270.11,678.64,24.43636076,55,18,172.72,175.26,119.38,78.74,205.74,0,749.3,march 23- march 29,SouthEast
Rohwer,2017,DEKALB DKC 67-44,271.1,87,244,117,17.016947,29.96335443,18.90936709,3270.11,678.64,24.43636076,55,18,172.72,175.26,119.38,78.74,205.74,0,749.3,march 23- march 29,SouthEast
Rohwer,2017,MorCorn MC 4725 VT2P,267,87,244,117,16.75959,29.96335443,18.90936709,3270.11,678.64,24.43636076,55,18,172.72,175.26,119.38,78.74,205.74,0,749.3,march 23- march 29,SouthEast
Rohwer,2017,Pioneer P1870YHR,264.5,87,244,118,16.602665,29.96335443,18.90936709,3270.11,678.64,24.43636076,55,18,172.72,175.26,119.38,78.74,205.74,0,749.3,march 23- march 29,SouthEast
Rohwer,2017,Dyna-Gro D58VC65,264.1,87,244,118,16.577557,29.96335443,18.90936709,3270.11,678.64,24.43636076,55,18,172.72,175.26,119.38,78.74,205.74,0,749.3,march 23- march 29,SouthEast
Rohwer,2017,Pioneer P2089VYHR,263.2,87,244,117,16.521064,29.96335443,18.90936709,3270.11,678.64,24.43636076,55,18,172.72,175.26,119.38,78.74,205.74,0,749.3,march 23- march 29,SouthEast
Rohwer,2017,Dyna-Gro D58VC37,262.3,87,244,118,16.464571,29.96335443,18.90936709,3270.11,678.64,24.43636076,55,18,172.72,175.26,119.38,78.74,205.74,0,749.3,march 23- march 29,SouthEast
Rohwer,2017,AgriGold A6711VT2PRO,261.1,87,244,118,16.389247,29.96335443,18.90936709,3270.11,678.64,24.43636076,55,18,172.72,175.26,119.38,78.74,205.74,0,749.3,march 23- march 29,SouthEast
Rohwer,2017,REV 28BHR18,258.6,87,244,118,16.232322,29.96335443,18.90936709,3270.11,678.64,24.43636076,55,18,172.72,175.26,119.38,78.74,205.74,0,749.3,march 23- march 29,SouthEast
Rohwer,2017,Armor 1717 PRO2,254.7,87,244,117,15.987519,29.96335443,18.90936709,3270.11,678.64,24.43636076,55,18,172.72,175.26,119.38,78.74,205.74,0,749.3,march 23- march 29,SouthEast
Rohwer,2017,Armor 1887P,251.7,87,244,118,15.799209,29.96335443,18.90936709,3270.11,678.64,24.43636076,55,18,172.72,175.26,119.38,78.74,205.74,0,749.3,march 23- march 29,SouthEast
Rohwer,2017,Delta Grow DG3660GTCBLLVIP,250.9,87,244,118,15.748993,29.96335443,18.90936709,3270.11,678.64,24.43636076,55,18,172.72,175.26,119.38,78.74,205.74,0,749.3,march 23- march 29,SouthEast
Rohwer,2017,Croplan 5290 VT3P,249.5,87,244,117,15.661115,29.96335443,18.90936709,3270.11,678.64,24.43636076,55,18,172.72,175.26,119.38,78.74,205.74,0,749.3,march 23- march 29,SouthEast
Rohwer,2017,DEKALB DKC 68-26,248.6,87,244,118,15.604622,29.96335443,18.90936709,3270.11,678.64,24.43636076,55,18,172.72,175.26,119.38,78.74,205.74,0,749.3,march 23- march 29,SouthEast
Rohwer,2017,Pfister 3497SS,243.7,87,244,118,15.297049,29.96335443,18.90936709,3270.11,678.64,24.43636076,55,18,172.72,175.26,119.38,78.74,205.74,0,749.3,march 23- march 29,SouthEast
Rohwer,2017,DEKALB DKC 67-72,240.9,87,244,117,15.121293,29.96335443,18.90936709,3270.11,678.64,24.43636076,55,18,172.72,175.26,119.38,78.74,205.74,0,749.3,march 23- march 29,SouthEast
Rohwer,2017,MorCorn MC XP1718 VT2P,237.3,87,244,117,14.895321,29.96335443,18.90936709,3270.11,678.64,24.43636076,55,18,172.72,175.26,119.38,78.74,205.74,0,749.3,march 23- march 29,SouthEast
Bellfarm,2017,REV 25BHR26,268.6,96,248,115,16.860022,29.25320261,18.55666667,3249.45,667.95,23.90493464,37,8,246.38,218.44,149.86,154.94,116.84,2.032,886.46,april 6- april 12,CenterEast
Bellfarm,2017,REV 26BHR50,259.1,96,248,116,16.263707,29.25320261,18.55666667,3249.45,667.95,23.90493464,37,8,246.38,218.44,149.86,154.94,116.84,2.032,886.46,april 6- april 12,CenterEast
Bellfarm,2017,Armor 1447P,257.4,96,248,114,16.156998,29.25320261,18.55666667,3249.45,667.95,23.90493464,37,8,246.38,218.44,149.86,154.94,116.84,2.032,886.46,april 6- april 12,CenterEast
Bellfarm,2017,REV 23BHR55,256.3,96,248,113,16.087951,29.25320261,18.55666667,3249.45,667.95,23.90493464,37,8,246.38,218.44,149.86,154.94,116.84,2.032,886.46,april 6- april 12,CenterEast
Bellfarm,2017,AgriGold A6659VT2RIB,254,96,248,116,15.94358,29.25320261,18.55666667,3249.45,667.95,23.90493464,37,8,246.38,218.44,149.86,154.94,116.84,2.032,886.46,april 6- april 12,CenterEast
Bellfarm,2017,DEKALB DKC 65-95,251.7,96,248,115,15.799209,29.25320261,18.55666667,3249.45,667.95,23.90493464,37,8,246.38,218.44,149.86,154.94,116.84,2.032,886.46,april 6- april 12,CenterEast
Bellfarm,2017,BH 8688DG2P,251,96,248,114,15.75527,29.25320261,18.55666667,3249.45,667.95,23.90493464,37,8,246.38,218.44,149.86,154.94,116.84,2.032,886.46,april 6- april 12,CenterEast
Bellfarm,2017,Croplan 5678 VT3P,249,96,248,116,15.62973,29.25320261,18.55666667,3249.45,667.95,23.90493464,37,8,246.38,218.44,149.86,154.94,116.84,2.032,886.46,april 6- april 12,CenterEast
Bellfarm,2017,LG5700VT2RIB,247.6,96,248,116,15.541852,29.25320261,18.55666667,3249.45,667.95,23.90493464,37,8,246.38,218.44,149.86,154.94,116.84,2.032,886.46,april 6- april 12,CenterEast
Bellfarm,2017,MorCorn MC XP1722 VT2P,244,96,248,114,15.31588,29.25320261,18.55666667,3249.45,667.95,23.90493464,37,8,246.38,218.44,149.86,154.94,116.84,2.032,886.46,april 6- april 12,CenterEast
Bellfarm,2017,AgriGold A6652VT2RIB,244,96,248,116,15.31588,29.25320261,18.55666667,3249.45,667.95,23.90493464,37,8,246.38,218.44,149.86,154.94,116.84,2.032,886.46,april 6- april 12,CenterEast
Bellfarm,2017,Pioneer P1197YHR,243.9,96,248,111,15.309603,29.25320261,18.55666667,3249.45,667.95,23.90493464,37,8,246.38,218.44,149.86,154.94,116.84,2.032,886.46,april 6- april 12,CenterEast
Bellfarm,2017,DEKALB DKC 64-35,243.1,96,248,114,15.259387,29.25320261,18.55666667,3249.45,667.95,23.90493464,37,8,246.38,218.44,149.86,154.94,116.84,2.032,886.46,april 6- april 12,CenterEast
Bellfarm,2017,LG5650VT2RIB,242.2,96,248,115,15.202894,29.25320261,18.55666667,3249.45,667.95,23.90493464,37,8,246.38,218.44,149.86,154.94,116.84,2.032,886.46,april 6- april 12,CenterEast
Bellfarm,2017,Progeny PGY6116VT2P,242,96,248,116,15.19034,29.25320261,18.55666667,3249.45,667.95,23.90493464,37,8,246.38,218.44,149.86,154.94,116.84,2.032,886.46,april 6- april 12,CenterEast
Bellfarm,2017,AgriGold A6544VT2RIB,241.4,96,248,113,15.152678,29.25320261,18.55666667,3249.45,667.95,23.90493464,37,8,246.38,218.44,149.86,154.94,116.84,2.032,886.46,april 6- april 12,CenterEast
Bellfarm,2017,NK 1573 3111,241.3,96,248,115,15.146401,29.25320261,18.55666667,3249.45,667.95,23.90493464,37,8,246.38,218.44,149.86,154.94,116.84,2.032,886.46,april 6- april 12,CenterEast
Bellfarm,2017,MorCorn MC XP1720 VT2P,240.3,96,248,116,15.083631,29.25320261,18.55666667,3249.45,667.95,23.90493464,37,8,246.38,218.44,149.86,154.94,116.84,2.032,886.46,april 6- april 12,CenterEast
Bellfarm,2017,MorCorn MC XP1717 VT2P,239.5,96,248,114,15.033415,29.25320261,18.55666667,3249.45,667.95,23.90493464,37,8,246.38,218.44,149.86,154.94,116.84,2.032,886.46,april 6- april 12,CenterEast
Bellfarm,2017,LG5643VT2RIB,237.7,96,248,114,14.920429,29.25320261,18.55666667,3249.45,667.95,23.90493464,37,8,246.38,218.44,149.86,154.94,116.84,2.032,886.46,april 6- april 12,CenterEast
Bellfarm,2017,NK 83D 3111,237.7,96,248,116,14.920429,29.25320261,18.55666667,3249.45,667.95,23.90493464,37,8,246.38,218.44,149.86,154.94,116.84,2.032,886.46,april 6- april 12,CenterEast
Bellfarm,2017,Armor 1227P,237.1,96,248,112,14.882767,29.25320261,18.55666667,3249.45,667.95,23.90493464,37,8,246.38,218.44,149.86,154.94,116.84,2.032,886.46,april 6- april 12,CenterEast
Bellfarm,2017,MorCorn MC XP1724 VT2P,237,96,248,116,14.87649,29.25320261,18.55666667,3249.45,667.95,23.90493464,37,8,246.38,218.44,149.86,154.94,116.84,2.032,886.46,april 6- april 12,CenterEast
Bellfarm,2017,Augusta 7766 VT2PRO,236.8,96,248,116,14.863936,29.25320261,18.55666667,3249.45,667.95,23.90493464,37,8,246.38,218.44,149.86,154.94,116.84,2.032,886.46,april 6- april 12,CenterEast
Bellfarm,2017,Armor AXT7116 PRO2,236.7,96,248,116,14.857659,29.25320261,18.55666667,3249.45,667.95,23.90493464,37,8,246.38,218.44,149.86,154.94,116.84,2.032,886.46,april 6- april 12,CenterEast
Bellfarm,2017,Augusta 5065 GTCBLL,235.5,96,248,115,14.782335,29.25320261,18.55666667,3249.45,667.95,23.90493464,37,8,246.38,218.44,149.86,154.94,116.84,2.032,886.46,april 6- april 12,CenterEast
Bellfarm,2017,Dyna-Gro D55VC45,233.4,96,248,115,14.650518,29.25320261,18.55666667,3249.45,667.95,23.90493464,37,8,246.38,218.44,149.86,154.94,116.84,2.032,886.46,april 6- april 12,CenterEast
Bellfarm,2017,Dyna-Gro D52VC63,233.2,96,248,112,14.637964,29.25320261,18.55666667,3249.45,667.95,23.90493464,37,8,246.38,218.44,149.86,154.94,116.84,2.032,886.46,april 6- april 12,CenterEast
Bellfarm,2017,MorCorn MC XP1715 VT2P,232.3,96,248,112,14.581471,29.25320261,18.55666667,3249.45,667.95,23.90493464,37,8,246.38,218.44,149.86,154.94,116.84,2.032,886.46,april 6- april 12,CenterEast
Bellfarm,2017,NK 66V 3120,231.8,96,248,111,14.550086,29.25320261,18.55666667,3249.45,667.95,23.90493464,37,8,246.38,218.44,149.86,154.94,116.84,2.032,886.46,april 6- april 12,CenterEast
Bellfarm,2017,Progeny PGY5115VT2P,231.4,96,248,115,14.524978,29.25320261,18.55666667,3249.45,667.95,23.90493464,37,8,246.38,218.44,149.86,154.94,116.84,2.032,886.46,april 6- april 12,CenterEast
Bellfarm,2017,Armor 1667S,231.4,96,248,116,14.524978,29.25320261,18.55666667,3249.45,667.95,23.90493464,37,8,246.38,218.44,149.86,154.94,116.84,2.032,886.46,april 6- april 12,CenterEast
Bellfarm,2017,Pioneer P1442YHR,228.7,96,248,114,14.355499,29.25320261,18.55666667,3249.45,667.95,23.90493464,37,8,246.38,218.44,149.86,154.94,116.84,2.032,886.46,april 6- april 12,CenterEast
Bellfarm,2017,Dyna-Gro D54VC52,228.1,96,248,114,14.317837,29.25320261,18.55666667,3249.45,667.95,23.90493464,37,8,246.38,218.44,149.86,154.94,116.84,2.032,886.46,april 6- april 12,CenterEast
Bellfarm,2017,AgriGold A6572VT2RIB,225.1,96,248,114,14.129527,29.25320261,18.55666667,3249.45,667.95,23.90493464,37,8,246.38,218.44,149.86,154.94,116.84,2.032,886.46,april 6- april 12,CenterEast
Bellfarm,2017,Progeny PGY7111VT2P,224.4,96,248,111,14.085588,29.25320261,18.55666667,3249.45,667.95,23.90493464,37,8,246.38,218.44,149.86,154.94,116.84,2.032,886.46,april 6- april 12,CenterEast
Bellfarm,2017,Delta Grow DG2888GTCBLLVIP,223.8,96,248,115,14.047926,29.25320261,18.55666667,3249.45,667.95,23.90493464,37,8,246.38,218.44,149.86,154.94,116.84,2.032,886.46,april 6- april 12,CenterEast
Bellfarm,2017,Progeny PGY1715SS,223.2,96,248,115,14.010264,29.25320261,18.55666667,3249.45,667.95,23.90493464,37,8,246.38,218.44,149.86,154.94,116.84,2.032,886.46,april 6- april 12,CenterEast
Bellfarm,2017,AgriGold A6499VT2RIB,222.8,96,248,112,13.985156,29.25320261,18.55666667,3249.45,667.95,23.90493464,37,8,246.38,218.44,149.86,154.94,116.84,2.032,886.46,april 6- april 12,CenterEast
Bellfarm,2017,Augusta 1165 VT2Pro,221.7,96,248,115,13.916109,29.25320261,18.55666667,3249.45,667.95,23.90493464,37,8,246.38,218.44,149.86,154.94,116.84,2.032,886.46,april 6- april 12,CenterEast
Bellfarm,2017,LG5663VT2RIB,218.9,96,248,115,13.740353,29.25320261,18.55666667,3249.45,667.95,23.90493464,37,8,246.38,218.44,149.86,154.94,116.84,2.032,886.46,april 6- april 12,CenterEast
Bellfarm,2017,AgriGold A645-10VT2RIB,218.5,96,248,115,13.715245,29.25320261,18.55666667,3249.45,667.95,23.90493464,37,8,246.38,218.44,149.86,154.94,116.84,2.032,886.46,april 6- april 12,CenterEast
Bellfarm,2017,MorCorn MC 4319 VT2P,217.9,96,248,113,13.677583,29.25320261,18.55666667,3249.45,667.95,23.90493464,37,8,246.38,218.44,149.86,154.94,116.84,2.032,886.46,april 6- april 12,CenterEast
Bellfarm,2017,BH 8590VT2P,217.6,96,248,115,13.658752,29.25320261,18.55666667,3249.45,667.95,23.90493464,37,8,246.38,218.44,149.86,154.94,116.84,2.032,886.46,april 6- april 12,CenterEast
Bellfarm,2017,Pfister 71C1PCR,217,96,248,111,13.62109,29.25320261,18.55666667,3249.45,667.95,23.90493464,37,8,246.38,218.44,149.86,154.94,116.84,2.032,886.46,april 6- april 12,CenterEast
Bellfarm,2017,MorCorn MC XP1714 VT2P,215.2,96,248,113,13.508104,29.25320261,18.55666667,3249.45,667.95,23.90493464,37,8,246.38,218.44,149.86,154.94,116.84,2.032,886.46,april 6- april 12,CenterEast
Bellfarm,2017,MorCorn MC XP1716 VT2P,214,96,248,114,13.43278,29.25320261,18.55666667,3249.45,667.95,23.90493464,37,8,246.38,218.44,149.86,154.94,116.84,2.032,886.46,april 6- april 12,CenterEast
Bellfarm,2017,DEKALB DKC 62-20,213.9,96,248,112,13.426503,29.25320261,18.55666667,3249.45,667.95,23.90493464,37,8,246.38,218.44,149.86,154.94,116.84,2.032,886.46,april 6- april 12,CenterEast
Bellfarm,2017,Progeny PGY7215VT2P,213.9,96,248,115,13.426503,29.25320261,18.55666667,3249.45,667.95,23.90493464,37,8,246.38,218.44,149.86,154.94,116.84,2.032,886.46,april 6- april 12,CenterEast
Bellfarm,2017,Progeny PGY6110VT2P,187.5,96,248,110,11.769375,29.25320261,18.55666667,3249.45,667.95,23.90493464,37,8,246.38,218.44,149.86,154.94,116.84,2.032,886.46,april 6- april 12,CenterEast
Bellfarm,2017,Pioneer P1870YHR,267.1,96,248,118,16.765867,29.25320261,18.55666667,3249.45,667.95,23.90493464,37,8,246.38,218.44,149.86,154.94,116.84,2.032,886.46,april 6- april 12,CenterEast
Bellfarm,2017,Pioneer P2089VYHR,263.4,96,248,117,16.533618,29.25320261,18.55666667,3249.45,667.95,23.90493464,37,8,246.38,218.44,149.86,154.94,116.84,2.032,886.46,april 6- april 12,CenterEast
Bellfarm,2017,Dyna-Gro D58VC65,254.2,96,248,118,15.956134,29.25320261,18.55666667,3249.45,667.95,23.90493464,37,8,246.38,218.44,149.86,154.94,116.84,2.032,886.46,april 6- april 12,CenterEast
Bellfarm,2017,DEKALB DKC 70-27,254.1,96,248,120,15.949857,29.25320261,18.55666667,3249.45,667.95,23.90493464,37,8,246.38,218.44,149.86,154.94,116.84,2.032,886.46,april 6- april 12,CenterEast
Bellfarm,2017,DEKALB DKC 67-44,251.5,96,248,117,15.786655,29.25320261,18.55666667,3249.45,667.95,23.90493464,37,8,246.38,218.44,149.86,154.94,116.84,2.032,886.46,april 6- april 12,CenterEast
Bellfarm,2017,Dyna-Gro D57VP51,249.2,96,248,117,15.642284,29.25320261,18.55666667,3249.45,667.95,23.90493464,37,8,246.38,218.44,149.86,154.94,116.84,2.032,886.46,april 6- april 12,CenterEast
Bellfarm,2017,AgriGold A6711VT2PRO,248.9,96,248,118,15.623453,29.25320261,18.55666667,3249.45,667.95,23.90493464,37,8,246.38,218.44,149.86,154.94,116.84,2.032,886.46,april 6- april 12,CenterEast
Bellfarm,2017,Dyna-Gro D58VC37,247,96,248,118,15.50419,29.25320261,18.55666667,3249.45,667.95,23.90493464,37,8,246.38,218.44,149.86,154.94,116.84,2.032,886.46,april 6- april 12,CenterEast
Bellfarm,2017,MorCorn MC 4725 VT2P,245.2,96,248,117,15.391204,29.25320261,18.55666667,3249.45,667.95,23.90493464,37,8,246.38,218.44,149.86,154.94,116.84,2.032,886.46,april 6- april 12,CenterEast
Bellfarm,2017,Armor 1717 PRO2,242.7,96,248,117,15.234279,29.25320261,18.55666667,3249.45,667.95,23.90493464,37,8,246.38,218.44,149.86,154.94,116.84,2.032,886.46,april 6- april 12,CenterEast
Bellfarm,2017,Armor 1887P,240.6,96,248,118,15.102462,29.25320261,18.55666667,3249.45,667.95,23.90493464,37,8,246.38,218.44,149.86,154.94,116.84,2.032,886.46,april 6- april 12,CenterEast
Bellfarm,2017,Progeny PGY6119VT2P,238.9,96,248,119,14.995753,29.25320261,18.55666667,3249.45,667.95,23.90493464,37,8,246.38,218.44,149.86,154.94,116.84,2.032,886.46,april 6- april 12,CenterEast
Bellfarm,2017,DEKALB DKC 68-26,234.3,96,248,118,14.707011,29.25320261,18.55666667,3249.45,667.95,23.90493464,37,8,246.38,218.44,149.86,154.94,116.84,2.032,886.46,april 6- april 12,CenterEast
Bellfarm,2017,REV 28BHR18,230.9,96,248,118,14.493593,29.25320261,18.55666667,3249.45,667.95,23.90493464,37,8,246.38,218.44,149.86,154.94,116.84,2.032,886.46,april 6- april 12,CenterEast
Bellfarm,2017,Croplan 5290 VT3P,229.8,96,248,117,14.424546,29.25320261,18.55666667,3249.45,667.95,23.90493464,37,8,246.38,218.44,149.86,154.94,116.84,2.032,886.46,april 6- april 12,CenterEast
Bellfarm,2017,DEKALB DKC 67-72,222.6,96,248,117,13.972602,29.25320261,18.55666667,3249.45,667.95,23.90493464,37,8,246.38,218.44,149.86,154.94,116.84,2.032,886.46,april 6- april 12,CenterEast
Bellfarm,2017,Delta Grow DG3660GTCBLLVIP,219.9,96,248,118,13.803123,29.25320261,18.55666667,3249.45,667.95,23.90493464,37,8,246.38,218.44,149.86,154.94,116.84,2.032,886.46,april 6- april 12,CenterEast
Bellfarm,2017,Pfister 3497SS,218.7,96,248,118,13.727799,29.25320261,18.55666667,3249.45,667.95,23.90493464,37,8,246.38,218.44,149.86,154.94,116.84,2.032,886.46,april 6- april 12,CenterEast
Bellfarm,2017,MorCorn MC XP1718 VT2P,210.7,96,248,117,13.225639,29.25320261,18.55666667,3249.45,667.95,23.90493464,37,8,246.38,218.44,149.86,154.94,116.84,2.032,886.46,april 6- april 12,CenterEast
Keiser,2018,Mission Mex1548DGVT2P,270.5,120,256,115,16.979285,30.92868613,21.30927007,3071.86,445.8,26.1189781,51,12,205.74,167.64,104.14,40.64,114.3,43.18,678.18,april 27- may 3,NorthEast
Keiser,2018,Progeny PGY 6116VT2P,269.9,120,256,116,16.941623,30.92868613,21.30927007,3071.86,445.8,26.1189781,51,12,205.74,167.64,104.14,40.64,114.3,43.18,678.18,april 27- may 3,NorthEast
Keiser,2018,DEKALB DKC 66-75,268.3,120,256,116,16.841191,30.92868613,21.30927007,3071.86,445.8,26.1189781,51,12,205.74,167.64,104.14,40.64,114.3,43.18,678.18,april 27- may 3,NorthEast
Keiser,2018,AgriGold A6659VT2RIB,264.8,120,256,116,16.621496,30.92868613,21.30927007,3071.86,445.8,26.1189781,51,12,205.74,167.64,104.14,40.64,114.3,43.18,678.18,april 27- may 3,NorthEast
Keiser,2018,REV 24BHR99,261.6,120,256,114,16.420632,30.92868613,21.30927007,3071.86,445.8,26.1189781,51,12,205.74,167.64,104.14,40.64,114.3,43.18,678.18,april 27- may 3,NorthEast
Keiser,2018,Local AV8614VYHR,261.2,120,256,114,16.395524,30.92868613,21.30927007,3071.86,445.8,26.1189781,51,12,205.74,167.64,104.14,40.64,114.3,43.18,678.18,april 27- may 3,NorthEast
Keiser,2018,BH 8721VT2P,259.5,120,256,117,16.288815,30.92868613,21.30927007,3071.86,445.8,26.1189781,51,12,205.74,167.64,104.14,40.64,114.3,43.18,678.18,april 27- may 3,NorthEast
Keiser,2018,Hefty H6413 RIB,258.1,120,256,114,16.200937,30.92868613,21.30927007,3071.86,445.8,26.1189781,51,12,205.74,167.64,104.14,40.64,114.3,43.18,678.18,april 27- may 3,NorthEast
Keiser,2018,Progeny PGY 5115VT2P,257.6,120,256,115,16.169552,30.92868613,21.30927007,3071.86,445.8,26.1189781,51,12,205.74,167.64,104.14,40.64,114.3,43.18,678.18,april 27- may 3,NorthEast
Keiser,2018,Dyna-Gro D54VC14,256.8,120,256,114,16.119336,30.92868613,21.30927007,3071.86,445.8,26.1189781,51,12,205.74,167.64,104.14,40.64,114.3,43.18,678.18,april 27- may 3,NorthEast
Keiser,2018,AgriGold A6544VT2RIB,256.6,120,256,113,16.106782,30.92868613,21.30927007,3071.86,445.8,26.1189781,51,12,205.74,167.64,104.14,40.64,114.3,43.18,678.18,april 27- may 3,NorthEast
Keiser,2018,LG 5643VT2RIB,254.9,120,256,114,16.000073,30.92868613,21.30927007,3071.86,445.8,26.1189781,51,12,205.74,167.64,104.14,40.64,114.3,43.18,678.18,april 27- may 3,NorthEast
Keiser,2018,Pfister 74D2PCR,254.3,120,256,114,15.962411,30.92868613,21.30927007,3071.86,445.8,26.1189781,51,12,205.74,167.64,104.14,40.64,114.3,43.18,678.18,april 27- may 3,NorthEast
Keiser,2018,Armor 0887,252.9,120,256,108,15.874533,30.92868613,21.30927007,3071.86,445.8,26.1189781,51,12,205.74,167.64,104.14,40.64,114.3,43.18,678.18,april 27- may 3,NorthEast
Keiser,2018,Pioneer P1442YHR,252.6,120,256,114,15.855702,30.92868613,21.30927007,3071.86,445.8,26.1189781,51,12,205.74,167.64,104.14,40.64,114.3,43.18,678.18,april 27- may 3,NorthEast
Keiser,2018,DEKALB DKC 65-95,251.9,120,256,115,15.811763,30.92868613,21.30927007,3071.86,445.8,26.1189781,51,12,205.74,167.64,104.14,40.64,114.3,43.18,678.18,april 27- may 3,NorthEast
Keiser,2018,LG 5650VT2RIB,251.4,120,256,115,15.780378,30.92868613,21.30927007,3071.86,445.8,26.1189781,51,12,205.74,167.64,104.14,40.64,114.3,43.18,678.18,april 27- may 3,NorthEast
Keiser,2018,Pfister 75Y1PCR,251.1,120,256,115,15.761547,30.92868613,21.30927007,3071.86,445.8,26.1189781,51,12,205.74,167.64,104.14,40.64,114.3,43.18,678.18,april 27- may 3,NorthEast
Keiser,2018,Armor X8111,251,120,256,111,15.75527,30.92868613,21.30927007,3071.86,445.8,26.1189781,51,12,205.74,167.64,104.14,40.64,114.3,43.18,678.18,april 27- may 3,NorthEast
Keiser,2018,Pfister 71C1PCR,251,120,256,111,15.75527,30.92868613,21.30927007,3071.86,445.8,26.1189781,51,12,205.74,167.64,104.14,40.64,114.3,43.18,678.18,april 27- may 3,NorthEast
Keiser,2018,BH 8735VTTP,248.2,120,256,116,15.579514,30.92868613,21.30927007,3071.86,445.8,26.1189781,51,12,205.74,167.64,104.14,40.64,114.3,43.18,678.18,april 27- may 3,NorthEast
Keiser,2018,DEKALB DKC 62-53,247.1,120,256,112,15.510467,30.92868613,21.30927007,3071.86,445.8,26.1189781,51,12,205.74,167.64,104.14,40.64,114.3,43.18,678.18,april 27- may 3,NorthEast
Keiser,2018,Dyna-Gro D52VC63,246.5,120,256,112,15.472805,30.92868613,21.30927007,3071.86,445.8,26.1189781,51,12,205.74,167.64,104.14,40.64,114.3,43.18,678.18,april 27- may 3,NorthEast
Keiser,2018,Local LC1577VT2P,245.1,120,256,115,15.384927,30.92868613,21.30927007,3071.86,445.8,26.1189781,51,12,205.74,167.64,104.14,40.64,114.3,43.18,678.18,april 27- may 3,NorthEast
Keiser,2018,Progeny PGY 8116SS,244.9,120,256,116,15.372373,30.92868613,21.30927007,3071.86,445.8,26.1189781,51,12,205.74,167.64,104.14,40.64,114.3,43.18,678.18,april 27- may 3,NorthEast
Keiser,2018,Hefty H6324 RIB,243.5,120,256,113,15.284495,30.92868613,21.30927007,3071.86,445.8,26.1189781,51,12,205.74,167.64,104.14,40.64,114.3,43.18,678.18,april 27- may 3,NorthEast
Keiser,2018,AgriGold A645-10VT2RIB,242.9,120,256,115,15.246833,30.92868613,21.30927007,3071.86,445.8,26.1189781,51,12,205.74,167.64,104.14,40.64,114.3,43.18,678.18,april 27- may 3,NorthEast
Keiser,2018,Progeny PGY EXP1814,242.7,120,256,114,15.234279,30.92868613,21.30927007,3071.86,445.8,26.1189781,51,12,205.74,167.64,104.14,40.64,114.3,43.18,678.18,april 27- may 3,NorthEast
Keiser,2018,Croplan 5678SS,242.6,120,256,116,15.228002,30.92868613,21.30927007,3071.86,445.8,26.1189781,51,12,205.74,167.64,104.14,40.64,114.3,43.18,678.18,april 27- may 3,NorthEast
Keiser,2018,BH 8737VT2P,242.5,120,256,116,15.221725,30.92868613,21.30927007,3071.86,445.8,26.1189781,51,12,205.74,167.64,104.14,40.64,114.3,43.18,678.18,april 27- may 3,NorthEast
Keiser,2018,NK1573 3110,242.4,120,256,115,15.215448,30.92868613,21.30927007,3071.86,445.8,26.1189781,51,12,205.74,167.64,104.14,40.64,114.3,43.18,678.18,april 27- may 3,NorthEast
Keiser,2018,Hefty H6524 RIB,241.9,120,256,115,15.184063,30.92868613,21.30927007,3071.86,445.8,26.1189781,51,12,205.74,167.64,104.14,40.64,114.3,43.18,678.18,april 27- may 3,NorthEast
Keiser,2018,LG 5663VT2RIB,241,120,256,115,15.12757,30.92868613,21.30927007,3071.86,445.8,26.1189781,51,12,205.74,167.64,104.14,40.64,114.3,43.18,678.18,april 27- may 3,NorthEast
Keiser,2018,DEKALB DKC 64-35,239,120,256,114,15.00203,30.92868613,21.30927007,3071.86,445.8,26.1189781,51,12,205.74,167.64,104.14,40.64,114.3,43.18,678.18,april 27- may 3,NorthEast
Keiser,2018,Armor 1667,236.9,120,256,116,14.870213,30.92868613,21.30927007,3071.86,445.8,26.1189781,51,12,205.74,167.64,104.14,40.64,114.3,43.18,678.18,april 27- may 3,NorthEast
Keiser,2018,Armor 1447,236.6,120,256,114,14.851382,30.92868613,21.30927007,3071.86,445.8,26.1189781,51,12,205.74,167.64,104.14,40.64,114.3,43.18,678.18,april 27- may 3,NorthEast
Keiser,2018,AgriGold A6572VT2RIB,236.5,120,256,114,14.845105,30.92868613,21.30927007,3071.86,445.8,26.1189781,51,12,205.74,167.64,104.14,40.64,114.3,43.18,678.18,april 27- may 3,NorthEast
Keiser,2018,Hefty H6502 RIB,233.6,120,256,115,14.663072,30.92868613,21.30927007,3071.86,445.8,26.1189781,51,12,205.74,167.64,104.14,40.64,114.3,43.18,678.18,april 27- may 3,NorthEast
Keiser,2018,REV 25BHR26,232.3,120,256,115,14.581471,30.92868613,21.30927007,3071.86,445.8,26.1189781,51,12,205.74,167.64,104.14,40.64,114.3,43.18,678.18,april 27- may 3,NorthEast
Keiser,2018,Local RL8430VYHR,229.9,120,256,113,14.430823,30.92868613,21.30927007,3071.86,445.8,26.1189781,51,12,205.74,167.64,104.14,40.64,114.3,43.18,678.18,april 27- may 3,NorthEast
Keiser,2018,REV 25BHR89,215.2,120,256,115,13.508104,30.92868613,21.30927007,3071.86,445.8,26.1189781,51,12,205.74,167.64,104.14,40.64,114.3,43.18,678.18,april 27- may 3,NorthEast
Keiser,2018,Hefty H6424 RIB,214.4,120,256,114,13.457888,30.92868613,21.30927007,3071.86,445.8,26.1189781,51,12,205.74,167.64,104.14,40.64,114.3,43.18,678.18,april 27- may 3,NorthEast
Keiser,2018,REV 23BHR55,211.4,120,256,113,13.269578,30.92868613,21.30927007,3071.86,445.8,26.1189781,51,12,205.74,167.64,104.14,40.64,114.3,43.18,678.18,april 27- may 3,NorthEast
Keiser,2018,Armor X8113,206.9,120,256,113,12.987113,30.92868613,21.30927007,3071.86,445.8,26.1189781,51,12,205.74,167.64,104.14,40.64,114.3,43.18,678.18,april 27- may 3,NorthEast
Keiser,2018,NK1694 3111,200.4,120,256,116,12.579108,30.92868613,21.30927007,3071.86,445.8,26.1189781,51,12,205.74,167.64,104.14,40.64,114.3,43.18,678.18,april 27- may 3,NorthEast
Keiser,2018,Mission Mex1308VT2P,197.8,120,256,113,12.415906,30.92868613,21.30927007,3071.86,445.8,26.1189781,51,12,205.74,167.64,104.14,40.64,114.3,43.18,678.18,april 27- may 3,NorthEast
Keiser,2018,Augusta A1367 3220GT,269.5,120,256,117,16.916515,30.92868613,21.30927007,3071.86,445.8,26.1189781,51,12,205.74,167.64,104.14,40.64,114.3,43.18,678.18,april 27- may 3,NorthEast
Keiser,2018,Pioneer P1870YHR,260.5,120,256,118,16.351585,30.92868613,21.30927007,3071.86,445.8,26.1189781,51,12,205.74,167.64,104.14,40.64,114.3,43.18,678.18,april 27- may 3,NorthEast
Keiser,2018,Pioneer P1847VYHR,259.7,120,256,118,16.301369,30.92868613,21.30927007,3071.86,445.8,26.1189781,51,12,205.74,167.64,104.14,40.64,114.3,43.18,678.18,april 27- may 3,NorthEast
Keiser,2018,DEKALB DKC 67-44,258.3,120,256,117,16.213491,30.92868613,21.30927007,3071.86,445.8,26.1189781,51,12,205.74,167.64,104.14,40.64,114.3,43.18,678.18,april 27- may 3,NorthEast
Keiser,2018,REV 28BHR18,256.8,120,256,118,16.119336,30.92868613,21.30927007,3071.86,445.8,26.1189781,51,12,205.74,167.64,104.14,40.64,114.3,43.18,678.18,april 27- may 3,NorthEast
Keiser,2018,Progeny PGY EXP1817,255.7,120,256,117,16.050289,30.92868613,21.30927007,3071.86,445.8,26.1189781,51,12,205.74,167.64,104.14,40.64,114.3,43.18,678.18,april 27- may 3,NorthEast
Keiser,2018,Dyna-Gro D58VC65,254.6,120,256,118,15.981242,30.92868613,21.30927007,3071.86,445.8,26.1189781,51,12,205.74,167.64,104.14,40.64,114.3,43.18,678.18,april 27- may 3,NorthEast
Keiser,2018,DEKALB DKC 68-26,252.9,120,256,118,15.874533,30.92868613,21.30927007,3071.86,445.8,26.1189781,51,12,205.74,167.64,104.14,40.64,114.3,43.18,678.18,april 27- may 3,NorthEast
Keiser,2018,DEKALB DKC 70-27,252.4,120,256,120,15.843148,30.92868613,21.30927007,3071.86,445.8,26.1189781,51,12,205.74,167.64,104.14,40.64,114.3,43.18,678.18,april 27- may 3,NorthEast
Keiser,2018,DEKALB DKC 67-72,252.4,120,256,117,15.843148,30.92868613,21.30927007,3071.86,445.8,26.1189781,51,12,205.74,167.64,104.14,40.64,114.3,43.18,678.18,april 27- may 3,NorthEast
Keiser,2018,AgriGold A6711VT2PRO,251.4,120,256,118,15.780378,30.92868613,21.30927007,3071.86,445.8,26.1189781,51,12,205.74,167.64,104.14,40.64,114.3,43.18,678.18,april 27- may 3,NorthEast
Keiser,2018,Armor X8118,246.1,120,256,118,15.447697,30.92868613,21.30927007,3071.86,445.8,26.1189781,51,12,205.74,167.64,104.14,40.64,114.3,43.18,678.18,april 27- may 3,NorthEast
Keiser,2018,Pioneer P2089VYHR,245.6,120,256,117,15.416312,30.92868613,21.30927007,3071.86,445.8,26.1189781,51,12,205.74,167.64,104.14,40.64,114.3,43.18,678.18,april 27- may 3,NorthEast
Keiser,2018,Dyna-Gro D57VP51,243.3,120,256,117,15.271941,30.92868613,21.30927007,3071.86,445.8,26.1189781,51,12,205.74,167.64,104.14,40.64,114.3,43.18,678.18,april 27- may 3,NorthEast
Keiser,2018,DEKALB DKC 68-69,242.5,120,256,118,15.221725,30.92868613,21.30927007,3071.86,445.8,26.1189781,51,12,205.74,167.64,104.14,40.64,114.3,43.18,678.18,april 27- may 3,NorthEast
Keiser,2018,Dyna-Gro CX17117,241.3,120,256,117,15.146401,30.92868613,21.30927007,3071.86,445.8,26.1189781,51,12,205.74,167.64,104.14,40.64,114.3,43.18,678.18,april 27- may 3,NorthEast
Keiser,2018,Local LC1776VT2P,238.4,120,256,117,14.964368,30.92868613,21.30927007,3071.86,445.8,26.1189781,51,12,205.74,167.64,104.14,40.64,114.3,43.18,678.18,april 27- may 3,NorthEast
Keiser,2018,Mission A1857SS,237.6,120,256,118,14.914152,30.92868613,21.30927007,3071.86,445.8,26.1189781,51,12,205.74,167.64,104.14,40.64,114.3,43.18,678.18,april 27- may 3,NorthEast
Keiser,2018,Progeny PGY 6119VT2P,237.5,120,256,119,14.907875,30.92868613,21.30927007,3071.86,445.8,26.1189781,51,12,205.74,167.64,104.14,40.64,114.3,43.18,678.18,april 27- may 3,NorthEast
Keiser,2018,Local LC1878VT2P,237.3,120,256,118,14.895321,30.92868613,21.30927007,3071.86,445.8,26.1189781,51,12,205.74,167.64,104.14,40.64,114.3,43.18,678.18,april 27- may 3,NorthEast
Keiser,2018,Armor X8117,236,120,256,117,14.81372,30.92868613,21.30927007,3071.86,445.8,26.1189781,51,12,205.74,167.64,104.14,40.64,114.3,43.18,678.18,april 27- may 3,NorthEast
Keiser,2018,AgriGold A647-90VT2RIB,234.5,120,256,117,14.719565,30.92868613,21.30927007,3071.86,445.8,26.1189781,51,12,205.74,167.64,104.14,40.64,114.3,43.18,678.18,april 27- may 3,NorthEast
Keiser,2018,Armor 1887,228.2,120,256,118,14.324114,30.92868613,21.30927007,3071.86,445.8,26.1189781,51,12,205.74,167.64,104.14,40.64,114.3,43.18,678.18,april 27- may 3,NorthEast
Keiser,2018,REV 27BHR79,224,120,256,117,14.06048,30.92868613,21.30927007,3071.86,445.8,26.1189781,51,12,205.74,167.64,104.14,40.64,114.3,43.18,678.18,april 27- may 3,NorthEast
Keiser,2018,Local LC1987VT2P,223.6,120,256,119,14.035372,30.92868613,21.30927007,3071.86,445.8,26.1189781,51,12,205.74,167.64,104.14,40.64,114.3,43.18,678.18,april 27- may 3,NorthEast
Keiser,2018,Pfister 77C1SE,222.1,120,256,117,13.941217,30.92868613,21.30927007,3071.86,445.8,26.1189781,51,12,205.74,167.64,104.14,40.64,114.3,43.18,678.18,april 27- may 3,NorthEast
Keiser,2018,Croplan 6027VT2,198.5,120,256,120,12.459845,30.92868613,21.30927007,3071.86,445.8,26.1189781,51,12,205.74,167.64,104.14,40.64,114.3,43.18,678.18,april 27- may 3,NorthEast
Marianna,2018,NK1573 3110,235.3,107,246,115,14.769781,31.6,20.7,3161.2,400.8,26.1,79,29,177.8,35.56,73.66,43.18,121.92,0,449.58,april 13- april 19,CenterEast
Marianna,2018,LG 5650VT2RIB,234.6,107,246,115,14.725842,31.6,20.7,3161.2,400.8,26.1,79,29,177.8,35.56,73.66,43.18,121.92,0,449.58,april 13- april 19,CenterEast
Marianna,2018,AgriGold A6572VT2RIB,233.1,107,246,114,14.631687,31.6,20.7,3161.2,400.8,26.1,79,29,177.8,35.56,73.66,43.18,121.92,0,449.58,april 13- april 19,CenterEast
Marianna,2018,Dyna-Gro D54VC14,232.9,107,246,114,14.619133,31.6,20.7,3161.2,400.8,26.1,79,29,177.8,35.56,73.66,43.18,121.92,0,449.58,april 13- april 19,CenterEast
Marianna,2018,NK1694 3111,228.9,107,246,116,14.368053,31.6,20.7,3161.2,400.8,26.1,79,29,177.8,35.56,73.66,43.18,121.92,0,449.58,april 13- april 19,CenterEast
Marianna,2018,Local AV8614VYHR,226.6,107,246,114,14.223682,31.6,20.7,3161.2,400.8,26.1,79,29,177.8,35.56,73.66,43.18,121.92,0,449.58,april 13- april 19,CenterEast
Marianna,2018,BH 8721VT2P,225.5,107,246,117,14.154635,31.6,20.7,3161.2,400.8,26.1,79,29,177.8,35.56,73.66,43.18,121.92,0,449.58,april 13- april 19,CenterEast
Marianna,2018,AgriGold A6544VT2RIB,223.6,107,246,113,14.035372,31.6,20.7,3161.2,400.8,26.1,79,29,177.8,35.56,73.66,43.18,121.92,0,449.58,april 13- april 19,CenterEast
Marianna,2018,Pfister 75Y1PCR,220.4,107,246,115,13.834508,31.6,20.7,3161.2,400.8,26.1,79,29,177.8,35.56,73.66,43.18,121.92,0,449.58,april 13- april 19,CenterEast
Marianna,2018,Croplan 5678SS,218.3,107,246,116,13.702691,31.6,20.7,3161.2,400.8,26.1,79,29,177.8,35.56,73.66,43.18,121.92,0,449.58,april 13- april 19,CenterEast
Marianna,2018,DEKALB DKC 66-75,218.2,107,246,116,13.696414,31.6,20.7,3161.2,400.8,26.1,79,29,177.8,35.56,73.66,43.18,121.92,0,449.58,april 13- april 19,CenterEast
Marianna,2018,DEKALB DKC 65-95,218,107,246,115,13.68386,31.6,20.7,3161.2,400.8,26.1,79,29,177.8,35.56,73.66,43.18,121.92,0,449.58,april 13- april 19,CenterEast
Marianna,2018,Mission Mex1548DGVT2P,216.5,107,246,115,13.589705,31.6,20.7,3161.2,400.8,26.1,79,29,177.8,35.56,73.66,43.18,121.92,0,449.58,april 13- april 19,CenterEast
Marianna,2018,Progeny PGY EXP1814,216,107,246,114,13.55832,31.6,20.7,3161.2,400.8,26.1,79,29,177.8,35.56,73.66,43.18,121.92,0,449.58,april 13- april 19,CenterEast
Marianna,2018,REV 24BHR99,215,107,246,114,13.49555,31.6,20.7,3161.2,400.8,26.1,79,29,177.8,35.56,73.66,43.18,121.92,0,449.58,april 13- april 19,CenterEast
Marianna,2018,AgriGold A6659VT2RIB,214.8,107,246,116,13.482996,31.6,20.7,3161.2,400.8,26.1,79,29,177.8,35.56,73.66,43.18,121.92,0,449.58,april 13- april 19,CenterEast
Marianna,2018,Pioneer P1442YHR,213.7,107,246,114,13.413949,31.6,20.7,3161.2,400.8,26.1,79,29,177.8,35.56,73.66,43.18,121.92,0,449.58,april 13- april 19,CenterEast
Marianna,2018,Progeny PGY 6116VT2P,213.2,107,246,116,13.382564,31.6,20.7,3161.2,400.8,26.1,79,29,177.8,35.56,73.66,43.18,121.92,0,449.58,april 13- april 19,CenterEast
Marianna,2018,DEKALB DKC 62-53,212.3,107,246,112,13.326071,31.6,20.7,3161.2,400.8,26.1,79,29,177.8,35.56,73.66,43.18,121.92,0,449.58,april 13- april 19,CenterEast
Marianna,2018,Armor 1447,211.9,107,246,114,13.300963,31.6,20.7,3161.2,400.8,26.1,79,29,177.8,35.56,73.66,43.18,121.92,0,449.58,april 13- april 19,CenterEast
Marianna,2018,Progeny PGY 5115VT2P,211.6,107,246,115,13.282132,31.6,20.7,3161.2,400.8,26.1,79,29,177.8,35.56,73.66,43.18,121.92,0,449.58,april 13- april 19,CenterEast
Marianna,2018,BH 8737VT2P,210.4,107,246,116,13.206808,31.6,20.7,3161.2,400.8,26.1,79,29,177.8,35.56,73.66,43.18,121.92,0,449.58,april 13- april 19,CenterEast
Marianna,2018,LG 5643VT2RIB,208.3,107,246,114,13.074991,31.6,20.7,3161.2,400.8,26.1,79,29,177.8,35.56,73.66,43.18,121.92,0,449.58,april 13- april 19,CenterEast
Marianna,2018,Pfister 74D2PCR,207.2,107,246,114,13.005944,31.6,20.7,3161.2,400.8,26.1,79,29,177.8,35.56,73.66,43.18,121.92,0,449.58,april 13- april 19,CenterEast
Marianna,2018,Hefty H6413 RIB,206.6,107,246,114,12.968282,31.6,20.7,3161.2,400.8,26.1,79,29,177.8,35.56,73.66,43.18,121.92,0,449.58,april 13- april 19,CenterEast
Marianna,2018,BH 8735VTTP,204.8,107,246,116,12.855296,31.6,20.7,3161.2,400.8,26.1,79,29,177.8,35.56,73.66,43.18,121.92,0,449.58,april 13- april 19,CenterEast
Marianna,2018,Local LC1577VT2P,204.2,107,246,115,12.817634,31.6,20.7,3161.2,400.8,26.1,79,29,177.8,35.56,73.66,43.18,121.92,0,449.58,april 13- april 19,CenterEast
Marianna,2018,Hefty H6524 RIB,203.2,107,246,115,12.754864,31.6,20.7,3161.2,400.8,26.1,79,29,177.8,35.56,73.66,43.18,121.92,0,449.58,april 13- april 19,CenterEast
Marianna,2018,Progeny PGY 8116SS,202.9,107,246,116,12.736033,31.6,20.7,3161.2,400.8,26.1,79,29,177.8,35.56,73.66,43.18,121.92,0,449.58,april 13- april 19,CenterEast
Marianna,2018,Local RL8430VYHR,202.5,107,246,113,12.710925,31.6,20.7,3161.2,400.8,26.1,79,29,177.8,35.56,73.66,43.18,121.92,0,449.58,april 13- april 19,CenterEast
Marianna,2018,Armor X8111,200.5,107,246,111,12.585385,31.6,20.7,3161.2,400.8,26.1,79,29,177.8,35.56,73.66,43.18,121.92,0,449.58,april 13- april 19,CenterEast
Marianna,2018,Pfister 71C1PCR,194.2,107,246,111,12.189934,31.6,20.7,3161.2,400.8,26.1,79,29,177.8,35.56,73.66,43.18,121.92,0,449.58,april 13- april 19,CenterEast
Marianna,2018,Hefty H6424 RIB,193.9,107,246,114,12.171103,31.6,20.7,3161.2,400.8,26.1,79,29,177.8,35.56,73.66,43.18,121.92,0,449.58,april 13- april 19,CenterEast
Marianna,2018,DEKALB DKC 64-35,191.2,107,246,114,12.001624,31.6,20.7,3161.2,400.8,26.1,79,29,177.8,35.56,73.66,43.18,121.92,0,449.58,april 13- april 19,CenterEast
Marianna,2018,Hefty H6502 RIB,190.8,107,246,115,11.976516,31.6,20.7,3161.2,400.8,26.1,79,29,177.8,35.56,73.66,43.18,121.92,0,449.58,april 13- april 19,CenterEast
Marianna,2018,Hefty H6324 RIB,189.4,107,246,113,11.888638,31.6,20.7,3161.2,400.8,26.1,79,29,177.8,35.56,73.66,43.18,121.92,0,449.58,april 13- april 19,CenterEast
Marianna,2018,Armor 1667,188.5,107,246,116,11.832145,31.6,20.7,3161.2,400.8,26.1,79,29,177.8,35.56,73.66,43.18,121.92,0,449.58,april 13- april 19,CenterEast
Marianna,2018,Dyna-Gro D52VC63,188,107,246,112,11.80076,31.6,20.7,3161.2,400.8,26.1,79,29,177.8,35.56,73.66,43.18,121.92,0,449.58,april 13- april 19,CenterEast
Marianna,2018,Armor 0887,187.4,107,246,108,11.763098,31.6,20.7,3161.2,400.8,26.1,79,29,177.8,35.56,73.66,43.18,121.92,0,449.58,april 13- april 19,CenterEast
Marianna,2018,LG 5663VT2RIB,181,107,246,115,11.36137,31.6,20.7,3161.2,400.8,26.1,79,29,177.8,35.56,73.66,43.18,121.92,0,449.58,april 13- april 19,CenterEast
Marianna,2018,Mission Mex1308VT2P,180.3,107,246,113,11.317431,31.6,20.7,3161.2,400.8,26.1,79,29,177.8,35.56,73.66,43.18,121.92,0,449.58,april 13- april 19,CenterEast
Marianna,2018,AgriGold A645-10VT2RIB,178.2,107,246,115,11.185614,31.6,20.7,3161.2,400.8,26.1,79,29,177.8,35.56,73.66,43.18,121.92,0,449.58,april 13- april 19,CenterEast
Marianna,2018,Armor X8113,176.5,107,246,113,11.078905,31.6,20.7,3161.2,400.8,26.1,79,29,177.8,35.56,73.66,43.18,121.92,0,449.58,april 13- april 19,CenterEast
Marianna,2018,REV 25BHR26,170.1,107,246,115,10.677177,31.6,20.7,3161.2,400.8,26.1,79,29,177.8,35.56,73.66,43.18,121.92,0,449.58,april 13- april 19,CenterEast
Marianna,2018,REV 25BHR89,155.7,107,246,115,9.773289,31.6,20.7,3161.2,400.8,26.1,79,29,177.8,35.56,73.66,43.18,121.92,0,449.58,april 13- april 19,CenterEast
Marianna,2018,REV 23BHR55,155.2,107,246,113,9.741904,31.6,20.7,3161.2,400.8,26.1,79,29,177.8,35.56,73.66,43.18,121.92,0,449.58,april 13- april 19,CenterEast
Marianna,2018,Pioneer P2089VYHR,241.6,107,246,117,15.165232,31.6,20.7,3161.2,400.8,26.1,79,29,177.8,35.56,73.66,43.18,121.92,0,449.58,april 13- april 19,CenterEast
Marianna,2018,Pioneer P1847VYHR,231.7,107,246,118,14.543809,31.6,20.7,3161.2,400.8,26.1,79,29,177.8,35.56,73.66,43.18,121.92,0,449.58,april 13- april 19,CenterEast
Marianna,2018,AgriGold A6711VT2PRO,213.4,107,246,118,13.395118,31.6,20.7,3161.2,400.8,26.1,79,29,177.8,35.56,73.66,43.18,121.92,0,449.58,april 13- april 19,CenterEast
Marianna,2018,Augusta A1367 3220GT,213.3,107,246,117,13.388841,31.6,20.7,3161.2,400.8,26.1,79,29,177.8,35.56,73.66,43.18,121.92,0,449.58,april 13- april 19,CenterEast
Marianna,2018,Armor X8117,213.2,107,246,117,13.382564,31.6,20.7,3161.2,400.8,26.1,79,29,177.8,35.56,73.66,43.18,121.92,0,449.58,april 13- april 19,CenterEast
Marianna,2018,Pioneer P1870YHR,211.4,107,246,118,13.269578,31.6,20.7,3161.2,400.8,26.1,79,29,177.8,35.56,73.66,43.18,121.92,0,449.58,april 13- april 19,CenterEast
Marianna,2018,DEKALB DKC 67-44,207.4,107,246,117,13.018498,31.6,20.7,3161.2,400.8,26.1,79,29,177.8,35.56,73.66,43.18,121.92,0,449.58,april 13- april 19,CenterEast
Marianna,2018,Pfister 77C1SE,206.5,107,246,117,12.962005,31.6,20.7,3161.2,400.8,26.1,79,29,177.8,35.56,73.66,43.18,121.92,0,449.58,april 13- april 19,CenterEast
Marianna,2018,Local LC1776VT2P,204.5,107,246,117,12.836465,31.6,20.7,3161.2,400.8,26.1,79,29,177.8,35.56,73.66,43.18,121.92,0,449.58,april 13- april 19,CenterEast
Marianna,2018,Armor X8118,202.3,107,246,118,12.698371,31.6,20.7,3161.2,400.8,26.1,79,29,177.8,35.56,73.66,43.18,121.92,0,449.58,april 13- april 19,CenterEast
Marianna,2018,Local LC1878VT2P,201,107,246,118,12.61677,31.6,20.7,3161.2,400.8,26.1,79,29,177.8,35.56,73.66,43.18,121.92,0,449.58,april 13- april 19,CenterEast
Marianna,2018,Dyna-Gro CX17117,200.8,107,246,117,12.604216,31.6,20.7,3161.2,400.8,26.1,79,29,177.8,35.56,73.66,43.18,121.92,0,449.58,april 13- april 19,CenterEast
Marianna,2018,Dyna-Gro D57VP51,197.7,107,246,117,12.409629,31.6,20.7,3161.2,400.8,26.1,79,29,177.8,35.56,73.66,43.18,121.92,0,449.58,april 13- april 19,CenterEast
Marianna,2018,Progeny PGY EXP1817,194.7,107,246,117,12.221319,31.6,20.7,3161.2,400.8,26.1,79,29,177.8,35.56,73.66,43.18,121.92,0,449.58,april 13- april 19,CenterEast
Marianna,2018,AgriGold A647-90VT2RIB,194.3,107,246,117,12.196211,31.6,20.7,3161.2,400.8,26.1,79,29,177.8,35.56,73.66,43.18,121.92,0,449.58,april 13- april 19,CenterEast
Marianna,2018,REV 28BHR18,192.9,107,246,118,12.108333,31.6,20.7,3161.2,400.8,26.1,79,29,177.8,35.56,73.66,43.18,121.92,0,449.58,april 13- april 19,CenterEast
Marianna,2018,DEKALB DKC 68-26,192.2,107,246,118,12.064394,31.6,20.7,3161.2,400.8,26.1,79,29,177.8,35.56,73.66,43.18,121.92,0,449.58,april 13- april 19,CenterEast
Marianna,2018,Croplan 6027VT2,191.9,107,246,120,12.045563,31.6,20.7,3161.2,400.8,26.1,79,29,177.8,35.56,73.66,43.18,121.92,0,449.58,april 13- april 19,CenterEast
Marianna,2018,Local LC1987VT2P,190.5,107,246,119,11.957685,31.6,20.7,3161.2,400.8,26.1,79,29,177.8,35.56,73.66,43.18,121.92,0,449.58,april 13- april 19,CenterEast
Marianna,2018,DEKALB DKC 70-27,190.3,107,246,120,11.945131,31.6,20.7,3161.2,400.8,26.1,79,29,177.8,35.56,73.66,43.18,121.92,0,449.58,april 13- april 19,CenterEast
Marianna,2018,Mission A1857SS,190,107,246,118,11.9263,31.6,20.7,3161.2,400.8,26.1,79,29,177.8,35.56,73.66,43.18,121.92,0,449.58,april 13- april 19,CenterEast
Marianna,2018,Progeny PGY 6119VT2P,188.8,107,246,119,11.850976,31.6,20.7,3161.2,400.8,26.1,79,29,177.8,35.56,73.66,43.18,121.92,0,449.58,april 13- april 19,CenterEast
Marianna,2018,DEKALB DKC 68-69,184.8,107,246,118,11.599896,31.6,20.7,3161.2,400.8,26.1,79,29,177.8,35.56,73.66,43.18,121.92,0,449.58,april 13- april 19,CenterEast
Marianna,2018,Armor 1887,184.2,107,246,118,11.562234,31.6,20.7,3161.2,400.8,26.1,79,29,177.8,35.56,73.66,43.18,121.92,0,449.58,april 13- april 19,CenterEast
Marianna,2018,Dyna-Gro D58VC65,182.1,107,246,118,11.430417,31.6,20.7,3161.2,400.8,26.1,79,29,177.8,35.56,73.66,43.18,121.92,0,449.58,april 13- april 19,CenterEast
Marianna,2018,REV 27BHR79,179.8,107,246,117,11.286046,31.6,20.7,3161.2,400.8,26.1,79,29,177.8,35.56,73.66,43.18,121.92,0,449.58,april 13- april 19,CenterEast
Marianna,2018,DEKALB DKC 67-72,173,107,246,117,10.85921,31.6,20.7,3161.2,400.8,26.1,79,29,177.8,35.56,73.66,43.18,121.92,0,449.58,april 13- april 19,CenterEast
Stuttgart,2018,LG 5650VT2RIB,215.8,108,261,115,13.545766,31.70883117,20.89545455,3424.09,447.79,26.30214286,88,33,167.64,12.7,22.86,63.5,93.98,0,360.68,april 13- april 19,SouthEast
Stuttgart,2018,Armor X8111,215.4,108,261,111,13.520658,31.70883117,20.89545455,3424.09,447.79,26.30214286,88,33,167.64,12.7,22.86,63.5,93.98,0,360.68,april 13- april 19,SouthEast
Stuttgart,2018,Local AV8614VYHR,215.1,108,261,114,13.501827,31.70883117,20.89545455,3424.09,447.79,26.30214286,88,33,167.64,12.7,22.86,63.5,93.98,0,360.68,april 13- april 19,SouthEast
Stuttgart,2018,AgriGold A6572VT2RIB,215,108,261,114,13.49555,31.70883117,20.89545455,3424.09,447.79,26.30214286,88,33,167.64,12.7,22.86,63.5,93.98,0,360.68,april 13- april 19,SouthEast
Stuttgart,2018,Pfister 74D2PCR,213.9,108,261,114,13.426503,31.70883117,20.89545455,3424.09,447.79,26.30214286,88,33,167.64,12.7,22.86,63.5,93.98,0,360.68,april 13- april 19,SouthEast
Stuttgart,2018,Pfister 75Y1PCR,211.6,108,261,115,13.282132,31.70883117,20.89545455,3424.09,447.79,26.30214286,88,33,167.64,12.7,22.86,63.5,93.98,0,360.68,april 13- april 19,SouthEast
Stuttgart,2018,Croplan 5678SS,210.2,108,261,116,13.194254,31.70883117,20.89545455,3424.09,447.79,26.30214286,88,33,167.64,12.7,22.86,63.5,93.98,0,360.68,april 13- april 19,SouthEast
Stuttgart,2018,DEKALB DKC 64-35,210,108,261,114,13.1817,31.70883117,20.89545455,3424.09,447.79,26.30214286,88,33,167.64,12.7,22.86,63.5,93.98,0,360.68,april 13- april 19,SouthEast
Stuttgart,2018,REV 24BHR99,206.7,108,261,114,12.974559,31.70883117,20.89545455,3424.09,447.79,26.30214286,88,33,167.64,12.7,22.86,63.5,93.98,0,360.68,april 13- april 19,SouthEast
Stuttgart,2018,Local RL8430VYHR,206.1,108,261,113,12.936897,31.70883117,20.89545455,3424.09,447.79,26.30214286,88,33,167.64,12.7,22.86,63.5,93.98,0,360.68,april 13- april 19,SouthEast
Stuttgart,2018,BH 8721VT2P,205.6,108,261,117,12.905512,31.70883117,20.89545455,3424.09,447.79,26.30214286,88,33,167.64,12.7,22.86,63.5,93.98,0,360.68,april 13- april 19,SouthEast
Stuttgart,2018,BH 8737VT2P,204.2,108,261,116,12.817634,31.70883117,20.89545455,3424.09,447.79,26.30214286,88,33,167.64,12.7,22.86,63.5,93.98,0,360.68,april 13- april 19,SouthEast
Stuttgart,2018,Hefty H6524 RIB,203.7,108,261,115,12.786249,31.70883117,20.89545455,3424.09,447.79,26.30214286,88,33,167.64,12.7,22.86,63.5,93.98,0,360.68,april 13- april 19,SouthEast
Stuttgart,2018,DEKALB DKC 65-95,203.4,108,261,115,12.767418,31.70883117,20.89545455,3424.09,447.79,26.30214286,88,33,167.64,12.7,22.86,63.5,93.98,0,360.68,april 13- april 19,SouthEast
Stuttgart,2018,Dyna-Gro D54VC14,202.1,108,261,114,12.685817,31.70883117,20.89545455,3424.09,447.79,26.30214286,88,33,167.64,12.7,22.86,63.5,93.98,0,360.68,april 13- april 19,SouthEast
Stuttgart,2018,DEKALB DKC 62-53,200.6,108,261,112,12.591662,31.70883117,20.89545455,3424.09,447.79,26.30214286,88,33,167.64,12.7,22.86,63.5,93.98,0,360.68,april 13- april 19,SouthEast
Stuttgart,2018,Local LC1577VT2P,200.4,108,261,115,12.579108,31.70883117,20.89545455,3424.09,447.79,26.30214286,88,33,167.64,12.7,22.86,63.5,93.98,0,360.68,april 13- april 19,SouthEast
Stuttgart,2018,Pfister 71C1PCR,199.8,108,261,111,12.541446,31.70883117,20.89545455,3424.09,447.79,26.30214286,88,33,167.64,12.7,22.86,63.5,93.98,0,360.68,april 13- april 19,SouthEast
Stuttgart,2018,Progeny PGY 6116VT2P,199.8,108,261,116,12.541446,31.70883117,20.89545455,3424.09,447.79,26.30214286,88,33,167.64,12.7,22.86,63.5,93.98,0,360.68,april 13- april 19,SouthEast
Stuttgart,2018,Progeny PGY 5115VT2P,198.5,108,261,115,12.459845,31.70883117,20.89545455,3424.09,447.79,26.30214286,88,33,167.64,12.7,22.86,63.5,93.98,0,360.68,april 13- april 19,SouthEast
Stuttgart,2018,AgriGold A6544VT2RIB,198.2,108,261,113,12.441014,31.70883117,20.89545455,3424.09,447.79,26.30214286,88,33,167.64,12.7,22.86,63.5,93.98,0,360.68,april 13- april 19,SouthEast
Stuttgart,2018,REV 25BHR26,197.8,108,261,115,12.415906,31.70883117,20.89545455,3424.09,447.79,26.30214286,88,33,167.64,12.7,22.86,63.5,93.98,0,360.68,april 13- april 19,SouthEast
Stuttgart,2018,Hefty H6502 RIB,197.7,108,261,115,12.409629,31.70883117,20.89545455,3424.09,447.79,26.30214286,88,33,167.64,12.7,22.86,63.5,93.98,0,360.68,april 13- april 19,SouthEast
Stuttgart,2018,LG 5643VT2RIB,197.5,108,261,114,12.397075,31.70883117,20.89545455,3424.09,447.79,26.30214286,88,33,167.64,12.7,22.86,63.5,93.98,0,360.68,april 13- april 19,SouthEast
Stuttgart,2018,Armor 0887,196.2,108,261,108,12.315474,31.70883117,20.89545455,3424.09,447.79,26.30214286,88,33,167.64,12.7,22.86,63.5,93.98,0,360.68,april 13- april 19,SouthEast
Stuttgart,2018,AgriGold A6659VT2RIB,196,108,261,116,12.30292,31.70883117,20.89545455,3424.09,447.79,26.30214286,88,33,167.64,12.7,22.86,63.5,93.98,0,360.68,april 13- april 19,SouthEast
Stuttgart,2018,Hefty H6413 RIB,195.5,108,261,114,12.271535,31.70883117,20.89545455,3424.09,447.79,26.30214286,88,33,167.64,12.7,22.86,63.5,93.98,0,360.68,april 13- april 19,SouthEast
Stuttgart,2018,Mission Mex1548DGVT2P,195.3,108,261,115,12.258981,31.70883117,20.89545455,3424.09,447.79,26.30214286,88,33,167.64,12.7,22.86,63.5,93.98,0,360.68,april 13- april 19,SouthEast
Stuttgart,2018,DEKALB DKC 66-75,195.1,108,261,116,12.246427,31.70883117,20.89545455,3424.09,447.79,26.30214286,88,33,167.64,12.7,22.86,63.5,93.98,0,360.68,april 13- april 19,SouthEast
Stuttgart,2018,REV 23BHR55,192.7,108,261,113,12.095779,31.70883117,20.89545455,3424.09,447.79,26.30214286,88,33,167.64,12.7,22.86,63.5,93.98,0,360.68,april 13- april 19,SouthEast
Stuttgart,2018,AgriGold A645-10VT2RIB,192.4,108,261,115,12.076948,31.70883117,20.89545455,3424.09,447.79,26.30214286,88,33,167.64,12.7,22.86,63.5,93.98,0,360.68,april 13- april 19,SouthEast
Stuttgart,2018,Dyna-Gro D52VC63,192,108,261,112,12.05184,31.70883117,20.89545455,3424.09,447.79,26.30214286,88,33,167.64,12.7,22.86,63.5,93.98,0,360.68,april 13- april 19,SouthEast
Stuttgart,2018,Armor 1447,191.8,108,261,114,12.039286,31.70883117,20.89545455,3424.09,447.79,26.30214286,88,33,167.64,12.7,22.86,63.5,93.98,0,360.68,april 13- april 19,SouthEast
Stuttgart,2018,REV 25BHR89,191.1,108,261,115,11.995347,31.70883117,20.89545455,3424.09,447.79,26.30214286,88,33,167.64,12.7,22.86,63.5,93.98,0,360.68,april 13- april 19,SouthEast
Stuttgart,2018,Armor 1667,189.8,108,261,116,11.913746,31.70883117,20.89545455,3424.09,447.79,26.30214286,88,33,167.64,12.7,22.86,63.5,93.98,0,360.68,april 13- april 19,SouthEast
Stuttgart,2018,Hefty H6324 RIB,188.8,108,261,113,11.850976,31.70883117,20.89545455,3424.09,447.79,26.30214286,88,33,167.64,12.7,22.86,63.5,93.98,0,360.68,april 13- april 19,SouthEast
Stuttgart,2018,Progeny PGY EXP1814,188.2,108,261,114,11.813314,31.70883117,20.89545455,3424.09,447.79,26.30214286,88,33,167.64,12.7,22.86,63.5,93.98,0,360.68,april 13- april 19,SouthEast
Stuttgart,2018,NK1694 3111,187.9,108,261,116,11.794483,31.70883117,20.89545455,3424.09,447.79,26.30214286,88,33,167.64,12.7,22.86,63.5,93.98,0,360.68,april 13- april 19,SouthEast
Stuttgart,2018,Hefty H6424 RIB,187.1,108,261,114,11.744267,31.70883117,20.89545455,3424.09,447.79,26.30214286,88,33,167.64,12.7,22.86,63.5,93.98,0,360.68,april 13- april 19,SouthEast
Stuttgart,2018,Progeny PGY 8116SS,184.7,108,261,116,11.593619,31.70883117,20.89545455,3424.09,447.79,26.30214286,88,33,167.64,12.7,22.86,63.5,93.98,0,360.68,april 13- april 19,SouthEast
Stuttgart,2018,BH 8735VTTP,182.5,108,261,116,11.455525,31.70883117,20.89545455,3424.09,447.79,26.30214286,88,33,167.64,12.7,22.86,63.5,93.98,0,360.68,april 13- april 19,SouthEast
Stuttgart,2018,Pioneer P1442YHR,181.6,108,261,114,11.399032,31.70883117,20.89545455,3424.09,447.79,26.30214286,88,33,167.64,12.7,22.86,63.5,93.98,0,360.68,april 13- april 19,SouthEast
Stuttgart,2018,NK1573 3110,181.5,108,261,115,11.392755,31.70883117,20.89545455,3424.09,447.79,26.30214286,88,33,167.64,12.7,22.86,63.5,93.98,0,360.68,april 13- april 19,SouthEast
Stuttgart,2018,LG 5663VT2RIB,179.5,108,261,115,11.267215,31.70883117,20.89545455,3424.09,447.79,26.30214286,88,33,167.64,12.7,22.86,63.5,93.98,0,360.68,april 13- april 19,SouthEast
Stuttgart,2018,Armor X8113,172.5,108,261,113,10.827825,31.70883117,20.89545455,3424.09,447.79,26.30214286,88,33,167.64,12.7,22.86,63.5,93.98,0,360.68,april 13- april 19,SouthEast
Stuttgart,2018,Mission Mex1308VT2P,171.4,108,261,113,10.758778,31.70883117,20.89545455,3424.09,447.79,26.30214286,88,33,167.64,12.7,22.86,63.5,93.98,0,360.68,april 13- april 19,SouthEast
Stuttgart,2018,Pioneer P1847VYHR,228.3,108,261,118,14.330391,31.70883117,20.89545455,3424.09,447.79,26.30214286,88,33,167.64,12.7,22.86,63.5,93.98,0,360.68,april 13- april 19,SouthEast
Stuttgart,2018,DEKALB DKC 67-72,215.1,108,261,117,13.501827,31.70883117,20.89545455,3424.09,447.79,26.30214286,88,33,167.64,12.7,22.86,63.5,93.98,0,360.68,april 13- april 19,SouthEast
Stuttgart,2018,Dyna-Gro D58VC65,210.8,108,261,118,13.231916,31.70883117,20.89545455,3424.09,447.79,26.30214286,88,33,167.64,12.7,22.86,63.5,93.98,0,360.68,april 13- april 19,SouthEast
Stuttgart,2018,Local LC1776VT2P,210.8,108,261,117,13.231916,31.70883117,20.89545455,3424.09,447.79,26.30214286,88,33,167.64,12.7,22.86,63.5,93.98,0,360.68,april 13- april 19,SouthEast
Stuttgart,2018,Progeny PGY EXP1817,205.3,108,261,117,12.886681,31.70883117,20.89545455,3424.09,447.79,26.30214286,88,33,167.64,12.7,22.86,63.5,93.98,0,360.68,april 13- april 19,SouthEast
Stuttgart,2018,Augusta A1367 3220GT,205.1,108,261,117,12.874127,31.70883117,20.89545455,3424.09,447.79,26.30214286,88,33,167.64,12.7,22.86,63.5,93.98,0,360.68,april 13- april 19,SouthEast
Stuttgart,2018,DEKALB DKC 68-26,205.1,108,261,118,12.874127,31.70883117,20.89545455,3424.09,447.79,26.30214286,88,33,167.64,12.7,22.86,63.5,93.98,0,360.68,april 13- april 19,SouthEast
Stuttgart,2018,Armor X8117,204.2,108,261,117,12.817634,31.70883117,20.89545455,3424.09,447.79,26.30214286,88,33,167.64,12.7,22.86,63.5,93.98,0,360.68,april 13- april 19,SouthEast
Stuttgart,2018,Pioneer P1870YHR,204,108,261,118,12.80508,31.70883117,20.89545455,3424.09,447.79,26.30214286,88,33,167.64,12.7,22.86,63.5,93.98,0,360.68,april 13- april 19,SouthEast
Stuttgart,2018,DEKALB DKC 67-44,203.1,108,261,117,12.748587,31.70883117,20.89545455,3424.09,447.79,26.30214286,88,33,167.64,12.7,22.86,63.5,93.98,0,360.68,april 13- april 19,SouthEast
Stuttgart,2018,DEKALB DKC 70-27,203,108,261,120,12.74231,31.70883117,20.89545455,3424.09,447.79,26.30214286,88,33,167.64,12.7,22.86,63.5,93.98,0,360.68,april 13- april 19,SouthEast
Stuttgart,2018,AgriGold A6711VT2PRO,201.8,108,261,118,12.666986,31.70883117,20.89545455,3424.09,447.79,26.30214286,88,33,167.64,12.7,22.86,63.5,93.98,0,360.68,april 13- april 19,SouthEast
Stuttgart,2018,Armor 1887,201.7,108,261,118,12.660709,31.70883117,20.89545455,3424.09,447.79,26.30214286,88,33,167.64,12.7,22.86,63.5,93.98,0,360.68,april 13- april 19,SouthEast
Stuttgart,2018,Dyna-Gro D57VP51,201.4,108,261,117,12.641878,31.70883117,20.89545455,3424.09,447.79,26.30214286,88,33,167.64,12.7,22.86,63.5,93.98,0,360.68,april 13- april 19,SouthEast
Stuttgart,2018,Dyna-Gro CX17117,200,108,261,117,12.554,31.70883117,20.89545455,3424.09,447.79,26.30214286,88,33,167.64,12.7,22.86,63.5,93.98,0,360.68,april 13- april 19,SouthEast
Stuttgart,2018,Croplan 6027VT2,198.9,108,261,120,12.484953,31.70883117,20.89545455,3424.09,447.79,26.30214286,88,33,167.64,12.7,22.86,63.5,93.98,0,360.68,april 13- april 19,SouthEast
Stuttgart,2018,Progeny PGY 6119VT2P,198.2,108,261,119,12.441014,31.70883117,20.89545455,3424.09,447.79,26.30214286,88,33,167.64,12.7,22.86,63.5,93.98,0,360.68,april 13- april 19,SouthEast
Stuttgart,2018,REV 28BHR18,197,108,261,118,12.36569,31.70883117,20.89545455,3424.09,447.79,26.30214286,88,33,167.64,12.7,22.86,63.5,93.98,0,360.68,april 13- april 19,SouthEast
Stuttgart,2018,Local LC1878VT2P,196.2,108,261,118,12.315474,31.70883117,20.89545455,3424.09,447.79,26.30214286,88,33,167.64,12.7,22.86,63.5,93.98,0,360.68,april 13- april 19,SouthEast
Stuttgart,2018,Pioneer P2089VYHR,194.5,108,261,117,12.208765,31.70883117,20.89545455,3424.09,447.79,26.30214286,88,33,167.64,12.7,22.86,63.5,93.98,0,360.68,april 13- april 19,SouthEast
Stuttgart,2018,Armor X8118,193,108,261,118,12.11461,31.70883117,20.89545455,3424.09,447.79,26.30214286,88,33,167.64,12.7,22.86,63.5,93.98,0,360.68,april 13- april 19,SouthEast
Stuttgart,2018,REV 27BHR79,192.3,108,261,117,12.070671,31.70883117,20.89545455,3424.09,447.79,26.30214286,88,33,167.64,12.7,22.86,63.5,93.98,0,360.68,april 13- april 19,SouthEast
Stuttgart,2018,Mission A1857SS,192.2,108,261,118,12.064394,31.70883117,20.89545455,3424.09,447.79,26.30214286,88,33,167.64,12.7,22.86,63.5,93.98,0,360.68,april 13- april 19,SouthEast
Stuttgart,2018,AgriGold A647-90VT2RIB,191.7,108,261,117,12.033009,31.70883117,20.89545455,3424.09,447.79,26.30214286,88,33,167.64,12.7,22.86,63.5,93.98,0,360.68,april 13- april 19,SouthEast
Stuttgart,2018,Local LC1987VT2P,190.1,108,261,119,11.932577,31.70883117,20.89545455,3424.09,447.79,26.30214286,88,33,167.64,12.7,22.86,63.5,93.98,0,360.68,april 13- april 19,SouthEast
Stuttgart,2018,Pfister 77C1SE,186.2,108,261,117,11.687774,31.70883117,20.89545455,3424.09,447.79,26.30214286,88,33,167.64,12.7,22.86,63.5,93.98,0,360.68,april 13- april 19,SouthEast
Stuttgart,2018,DEKALB DKC 68-69,179.8,108,261,118,11.286046,31.70883117,20.89545455,3424.09,447.79,26.30214286,88,33,167.64,12.7,22.86,63.5,93.98,0,360.68,april 13- april 19,SouthEast
Rohwer,2018,DEKALB DKC 65-95,228.3,99,240,115,14.330391,31.54338028,20.02359155,3234.2,410.44,25.78348592,83,44,203.2,91.44,63.5,58.42,208.28,0,624.84,april 6- april 12,SouthEast
Rohwer,2018,Progeny PGY EXP1814,214.2,99,240,114,13.445334,31.54338028,20.02359155,3234.2,410.44,25.78348592,83,44,203.2,91.44,63.5,58.42,208.28,0,624.84,april 6- april 12,SouthEast
Rohwer,2018,Mission Mex1548DGVT2P,213.9,99,240,115,13.426503,31.54338028,20.02359155,3234.2,410.44,25.78348592,83,44,203.2,91.44,63.5,58.42,208.28,0,624.84,april 6- april 12,SouthEast
Rohwer,2018,Dyna-Gro D54VC14,213.5,99,240,114,13.401395,31.54338028,20.02359155,3234.2,410.44,25.78348592,83,44,203.2,91.44,63.5,58.42,208.28,0,624.84,april 6- april 12,SouthEast
Rohwer,2018,DEKALB DKC 66-75,213.4,99,240,116,13.395118,31.54338028,20.02359155,3234.2,410.44,25.78348592,83,44,203.2,91.44,63.5,58.42,208.28,0,624.84,april 6- april 12,SouthEast
Rohwer,2018,LG 5650VT2RIB,212.7,99,240,115,13.351179,31.54338028,20.02359155,3234.2,410.44,25.78348592,83,44,203.2,91.44,63.5,58.42,208.28,0,624.84,april 6- april 12,SouthEast
Rohwer,2018,Pfister 71C1PCR,211.9,99,240,111,13.300963,31.54338028,20.02359155,3234.2,410.44,25.78348592,83,44,203.2,91.44,63.5,58.42,208.28,0,624.84,april 6- april 12,SouthEast
Rohwer,2018,Armor 1447,211.5,99,240,114,13.275855,31.54338028,20.02359155,3234.2,410.44,25.78348592,83,44,203.2,91.44,63.5,58.42,208.28,0,624.84,april 6- april 12,SouthEast
Rohwer,2018,NK1694 3111,211.3,99,240,116,13.263301,31.54338028,20.02359155,3234.2,410.44,25.78348592,83,44,203.2,91.44,63.5,58.42,208.28,0,624.84,april 6- april 12,SouthEast
Rohwer,2018,Local AV8614VYHR,209.8,99,240,114,13.169146,31.54338028,20.02359155,3234.2,410.44,25.78348592,83,44,203.2,91.44,63.5,58.42,208.28,0,624.84,april 6- april 12,SouthEast
Rohwer,2018,AgriGold A6572VT2RIB,209.6,99,240,114,13.156592,31.54338028,20.02359155,3234.2,410.44,25.78348592,83,44,203.2,91.44,63.5,58.42,208.28,0,624.84,april 6- april 12,SouthEast
Rohwer,2018,REV 24BHR99,208.3,99,240,114,13.074991,31.54338028,20.02359155,3234.2,410.44,25.78348592,83,44,203.2,91.44,63.5,58.42,208.28,0,624.84,april 6- april 12,SouthEast
Rohwer,2018,Progeny PGY 5115VT2P,207.4,99,240,115,13.018498,31.54338028,20.02359155,3234.2,410.44,25.78348592,83,44,203.2,91.44,63.5,58.42,208.28,0,624.84,april 6- april 12,SouthEast
Rohwer,2018,REV 25BHR26,206.4,99,240,115,12.955728,31.54338028,20.02359155,3234.2,410.44,25.78348592,83,44,203.2,91.44,63.5,58.42,208.28,0,624.84,april 6- april 12,SouthEast
Rohwer,2018,Hefty H6413 RIB,205.3,99,240,114,12.886681,31.54338028,20.02359155,3234.2,410.44,25.78348592,83,44,203.2,91.44,63.5,58.42,208.28,0,624.84,april 6- april 12,SouthEast
Rohwer,2018,AgriGold A6659VT2RIB,204.5,99,240,116,12.836465,31.54338028,20.02359155,3234.2,410.44,25.78348592,83,44,203.2,91.44,63.5,58.42,208.28,0,624.84,april 6- april 12,SouthEast
Rohwer,2018,AgriGold A6544VT2RIB,204.3,99,240,113,12.823911,31.54338028,20.02359155,3234.2,410.44,25.78348592,83,44,203.2,91.44,63.5,58.42,208.28,0,624.84,april 6- april 12,SouthEast
Rohwer,2018,Pfister 75Y1PCR,203.5,99,240,115,12.773695,31.54338028,20.02359155,3234.2,410.44,25.78348592,83,44,203.2,91.44,63.5,58.42,208.28,0,624.84,april 6- april 12,SouthEast
Rohwer,2018,Hefty H6324 RIB,203.3,99,240,113,12.761141,31.54338028,20.02359155,3234.2,410.44,25.78348592,83,44,203.2,91.44,63.5,58.42,208.28,0,624.84,april 6- april 12,SouthEast
Rohwer,2018,LG 5663VT2RIB,203.2,99,240,115,12.754864,31.54338028,20.02359155,3234.2,410.44,25.78348592,83,44,203.2,91.44,63.5,58.42,208.28,0,624.84,april 6- april 12,SouthEast
Rohwer,2018,Croplan 5678SS,202.8,99,240,116,12.729756,31.54338028,20.02359155,3234.2,410.44,25.78348592,83,44,203.2,91.44,63.5,58.42,208.28,0,624.84,april 6- april 12,SouthEast
Rohwer,2018,Hefty H6524 RIB,202.8,99,240,115,12.729756,31.54338028,20.02359155,3234.2,410.44,25.78348592,83,44,203.2,91.44,63.5,58.42,208.28,0,624.84,april 6- april 12,SouthEast
Rohwer,2018,BH 8721VT2P,201.4,99,240,117,12.641878,31.54338028,20.02359155,3234.2,410.44,25.78348592,83,44,203.2,91.44,63.5,58.42,208.28,0,624.84,april 6- april 12,SouthEast
Rohwer,2018,Pfister 74D2PCR,201.2,99,240,114,12.629324,31.54338028,20.02359155,3234.2,410.44,25.78348592,83,44,203.2,91.44,63.5,58.42,208.28,0,624.84,april 6- april 12,SouthEast
Rohwer,2018,Progeny PGY 8116SS,200.2,99,240,116,12.566554,31.54338028,20.02359155,3234.2,410.44,25.78348592,83,44,203.2,91.44,63.5,58.42,208.28,0,624.84,april 6- april 12,SouthEast
Rohwer,2018,Dyna-Gro D52VC63,199.8,99,240,112,12.541446,31.54338028,20.02359155,3234.2,410.44,25.78348592,83,44,203.2,91.44,63.5,58.42,208.28,0,624.84,april 6- april 12,SouthEast
Rohwer,2018,DEKALB DKC 62-53,199.1,99,240,112,12.497507,31.54338028,20.02359155,3234.2,410.44,25.78348592,83,44,203.2,91.44,63.5,58.42,208.28,0,624.84,april 6- april 12,SouthEast
Rohwer,2018,Armor 1667,198.8,99,240,116,12.478676,31.54338028,20.02359155,3234.2,410.44,25.78348592,83,44,203.2,91.44,63.5,58.42,208.28,0,624.84,april 6- april 12,SouthEast
Rohwer,2018,DEKALB DKC 64-35,198.4,99,240,114,12.453568,31.54338028,20.02359155,3234.2,410.44,25.78348592,83,44,203.2,91.44,63.5,58.42,208.28,0,624.84,april 6- april 12,SouthEast
Rohwer,2018,LG 5643VT2RIB,198,99,240,114,12.42846,31.54338028,20.02359155,3234.2,410.44,25.78348592,83,44,203.2,91.44,63.5,58.42,208.28,0,624.84,april 6- april 12,SouthEast
Rohwer,2018,Armor 0887,196.8,99,240,108,12.353136,31.54338028,20.02359155,3234.2,410.44,25.78348592,83,44,203.2,91.44,63.5,58.42,208.28,0,624.84,april 6- april 12,SouthEast
Rohwer,2018,BH 8735VTTP,196.5,99,240,116,12.334305,31.54338028,20.02359155,3234.2,410.44,25.78348592,83,44,203.2,91.44,63.5,58.42,208.28,0,624.84,april 6- april 12,SouthEast
Rohwer,2018,Progeny PGY 6116VT2P,194.9,99,240,116,12.233873,31.54338028,20.02359155,3234.2,410.44,25.78348592,83,44,203.2,91.44,63.5,58.42,208.28,0,624.84,april 6- april 12,SouthEast
Rohwer,2018,NK1573 3110,194.6,99,240,115,12.215042,31.54338028,20.02359155,3234.2,410.44,25.78348592,83,44,203.2,91.44,63.5,58.42,208.28,0,624.84,april 6- april 12,SouthEast
Rohwer,2018,BH 8737VT2P,194.1,99,240,116,12.183657,31.54338028,20.02359155,3234.2,410.44,25.78348592,83,44,203.2,91.44,63.5,58.42,208.28,0,624.84,april 6- april 12,SouthEast
Rohwer,2018,Local LC1577VT2P,194,99,240,115,12.17738,31.54338028,20.02359155,3234.2,410.44,25.78348592,83,44,203.2,91.44,63.5,58.42,208.28,0,624.84,april 6- april 12,SouthEast
Rohwer,2018,Hefty H6502 RIB,193.9,99,240,115,12.171103,31.54338028,20.02359155,3234.2,410.44,25.78348592,83,44,203.2,91.44,63.5,58.42,208.28,0,624.84,april 6- april 12,SouthEast
Rohwer,2018,AgriGold A645-10VT2RIB,188.1,99,240,115,11.807037,31.54338028,20.02359155,3234.2,410.44,25.78348592,83,44,203.2,91.44,63.5,58.42,208.28,0,624.84,april 6- april 12,SouthEast
Rohwer,2018,Armor X8111,187,99,240,111,11.73799,31.54338028,20.02359155,3234.2,410.44,25.78348592,83,44,203.2,91.44,63.5,58.42,208.28,0,624.84,april 6- april 12,SouthEast
Rohwer,2018,Pioneer P1442YHR,185.2,99,240,114,11.625004,31.54338028,20.02359155,3234.2,410.44,25.78348592,83,44,203.2,91.44,63.5,58.42,208.28,0,624.84,april 6- april 12,SouthEast
Rohwer,2018,Hefty H6424 RIB,184.1,99,240,114,11.555957,31.54338028,20.02359155,3234.2,410.44,25.78348592,83,44,203.2,91.44,63.5,58.42,208.28,0,624.84,april 6- april 12,SouthEast
Rohwer,2018,Mission Mex1308VT2P,178.8,99,240,113,11.223276,31.54338028,20.02359155,3234.2,410.44,25.78348592,83,44,203.2,91.44,63.5,58.42,208.28,0,624.84,april 6- april 12,SouthEast
Rohwer,2018,Armor X8113,174.4,99,240,113,10.947088,31.54338028,20.02359155,3234.2,410.44,25.78348592,83,44,203.2,91.44,63.5,58.42,208.28,0,624.84,april 6- april 12,SouthEast
Rohwer,2018,REV 25BHR89,173.8,99,240,115,10.909426,31.54338028,20.02359155,3234.2,410.44,25.78348592,83,44,203.2,91.44,63.5,58.42,208.28,0,624.84,april 6- april 12,SouthEast
Rohwer,2018,REV 23BHR55,171.5,99,240,113,10.765055,31.54338028,20.02359155,3234.2,410.44,25.78348592,83,44,203.2,91.44,63.5,58.42,208.28,0,624.84,april 6- april 12,SouthEast
Rohwer,2018,Local RL8430VYHR,160.8,99,240,113,10.093416,31.54338028,20.02359155,3234.2,410.44,25.78348592,83,44,203.2,91.44,63.5,58.42,208.28,0,624.84,april 6- april 12,SouthEast
Rohwer,2018,Pioneer P1847VYHR,212.6,99,240,118,13.344902,31.54338028,20.02359155,3234.2,410.44,25.78348592,83,44,203.2,91.44,63.5,58.42,208.28,0,624.84,april 6- april 12,SouthEast
Rohwer,2018,DEKALB DKC 67-44,209.3,99,240,117,13.137761,31.54338028,20.02359155,3234.2,410.44,25.78348592,83,44,203.2,91.44,63.5,58.42,208.28,0,624.84,april 6- april 12,SouthEast
Rohwer,2018,DEKALB DKC 67-72,207.6,99,240,117,13.031052,31.54338028,20.02359155,3234.2,410.44,25.78348592,83,44,203.2,91.44,63.5,58.42,208.28,0,624.84,april 6- april 12,SouthEast
Rohwer,2018,Dyna-Gro D58VC65,200.7,99,240,118,12.597939,31.54338028,20.02359155,3234.2,410.44,25.78348592,83,44,203.2,91.44,63.5,58.42,208.28,0,624.84,april 6- april 12,SouthEast
Rohwer,2018,Pioneer P1870YHR,195.3,99,240,118,12.258981,31.54338028,20.02359155,3234.2,410.44,25.78348592,83,44,203.2,91.44,63.5,58.42,208.28,0,624.84,april 6- april 12,SouthEast
Rohwer,2018,Augusta A1367 3220GT,194.9,99,240,117,12.233873,31.54338028,20.02359155,3234.2,410.44,25.78348592,83,44,203.2,91.44,63.5,58.42,208.28,0,624.84,april 6- april 12,SouthEast
Rohwer,2018,Mission A1857SS,194.5,99,240,118,12.208765,31.54338028,20.02359155,3234.2,410.44,25.78348592,83,44,203.2,91.44,63.5,58.42,208.28,0,624.84,april 6- april 12,SouthEast
Rohwer,2018,Progeny PGY EXP1817,193.5,99,240,117,12.145995,31.54338028,20.02359155,3234.2,410.44,25.78348592,83,44,203.2,91.44,63.5,58.42,208.28,0,624.84,april 6- april 12,SouthEast
Rohwer,2018,DEKALB DKC 68-26,193.4,99,240,118,12.139718,31.54338028,20.02359155,3234.2,410.44,25.78348592,83,44,203.2,91.44,63.5,58.42,208.28,0,624.84,april 6- april 12,SouthEast
Rohwer,2018,AgriGold A647-90VT2RIB,192.3,99,240,117,12.070671,31.54338028,20.02359155,3234.2,410.44,25.78348592,83,44,203.2,91.44,63.5,58.42,208.28,0,624.84,april 6- april 12,SouthEast
Rohwer,2018,REV 28BHR18,192,99,240,118,12.05184,31.54338028,20.02359155,3234.2,410.44,25.78348592,83,44,203.2,91.44,63.5,58.42,208.28,0,624.84,april 6- april 12,SouthEast
Rohwer,2018,Dyna-Gro CX17117,191.7,99,240,117,12.033009,31.54338028,20.02359155,3234.2,410.44,25.78348592,83,44,203.2,91.44,63.5,58.42,208.28,0,624.84,april 6- april 12,SouthEast
Rohwer,2018,DEKALB DKC 70-27,191.1,99,240,120,11.995347,31.54338028,20.02359155,3234.2,410.44,25.78348592,83,44,203.2,91.44,63.5,58.42,208.28,0,624.84,april 6- april 12,SouthEast
Rohwer,2018,Pfister 77C1SE,190.9,99,240,117,11.982793,31.54338028,20.02359155,3234.2,410.44,25.78348592,83,44,203.2,91.44,63.5,58.42,208.28,0,624.84,april 6- april 12,SouthEast
Rohwer,2018,Local LC1776VT2P,190.4,99,240,117,11.951408,31.54338028,20.02359155,3234.2,410.44,25.78348592,83,44,203.2,91.44,63.5,58.42,208.28,0,624.84,april 6- april 12,SouthEast
Rohwer,2018,AgriGold A6711VT2PRO,190.3,99,240,118,11.945131,31.54338028,20.02359155,3234.2,410.44,25.78348592,83,44,203.2,91.44,63.5,58.42,208.28,0,624.84,april 6- april 12,SouthEast
Rohwer,2018,REV 27BHR79,189.1,99,240,117,11.869807,31.54338028,20.02359155,3234.2,410.44,25.78348592,83,44,203.2,91.44,63.5,58.42,208.28,0,624.84,april 6- april 12,SouthEast
Rohwer,2018,Croplan 6027VT2,188.6,99,240,120,11.838422,31.54338028,20.02359155,3234.2,410.44,25.78348592,83,44,203.2,91.44,63.5,58.42,208.28,0,624.84,april 6- april 12,SouthEast
Rohwer,2018,Local LC1878VT2P,188.4,99,240,118,11.825868,31.54338028,20.02359155,3234.2,410.44,25.78348592,83,44,203.2,91.44,63.5,58.42,208.28,0,624.84,april 6- april 12,SouthEast
Rohwer,2018,DEKALB DKC 68-69,188.2,99,240,118,11.813314,31.54338028,20.02359155,3234.2,410.44,25.78348592,83,44,203.2,91.44,63.5,58.42,208.28,0,624.84,april 6- april 12,SouthEast
Rohwer,2018,Dyna-Gro D57VP51,187.6,99,240,117,11.775652,31.54338028,20.02359155,3234.2,410.44,25.78348592,83,44,203.2,91.44,63.5,58.42,208.28,0,624.84,april 6- april 12,SouthEast
Rohwer,2018,Progeny PGY 6119VT2P,186.3,99,240,119,11.694051,31.54338028,20.02359155,3234.2,410.44,25.78348592,83,44,203.2,91.44,63.5,58.42,208.28,0,624.84,april 6- april 12,SouthEast
Rohwer,2018,Armor X8118,185.7,99,240,118,11.656389,31.54338028,20.02359155,3234.2,410.44,25.78348592,83,44,203.2,91.44,63.5,58.42,208.28,0,624.84,april 6- april 12,SouthEast
Rohwer,2018,Pioneer P2089VYHR,184.9,99,240,117,11.606173,31.54338028,20.02359155,3234.2,410.44,25.78348592,83,44,203.2,91.44,63.5,58.42,208.28,0,624.84,april 6- april 12,SouthEast
Rohwer,2018,Local LC1987VT2P,181.7,99,240,119,11.405309,31.54338028,20.02359155,3234.2,410.44,25.78348592,83,44,203.2,91.44,63.5,58.42,208.28,0,624.84,april 6- april 12,SouthEast
Rohwer,2018,Armor X8117,180.9,99,240,117,11.355093,31.54338028,20.02359155,3234.2,410.44,25.78348592,83,44,203.2,91.44,63.5,58.42,208.28,0,624.84,april 6- april 12,SouthEast
Rohwer,2018,Armor 1887,174.6,99,240,118,10.959642,31.54338028,20.02359155,3234.2,410.44,25.78348592,83,44,203.2,91.44,63.5,58.42,208.28,0,624.84,april 6- april 12,SouthEast
Bellfarm,2018,AgriGold A6659VT2RIB,236.5,108,246,116,14.845105,30.94647482,20.52410072,3168.7,386.27,25.73528777,60,18,127,63.5,50.8,81.28,152.4,0,474.98,april 13- april 19,CenterEast
Bellfarm,2018,NK1694 3111,230.1,108,246,116,14.443377,30.94647482,20.52410072,3168.7,386.27,25.73528777,60,18,127,63.5,50.8,81.28,152.4,0,474.98,april 13- april 19,CenterEast
Bellfarm,2018,DEKALB DKC 66-75,219.3,108,246,116,13.765461,30.94647482,20.52410072,3168.7,386.27,25.73528777,60,18,127,63.5,50.8,81.28,152.4,0,474.98,april 13- april 19,CenterEast
Bellfarm,2018,Progeny PGY 5115VT2P,215.6,108,246,115,13.533212,30.94647482,20.52410072,3168.7,386.27,25.73528777,60,18,127,63.5,50.8,81.28,152.4,0,474.98,april 13- april 19,CenterEast
Bellfarm,2018,Local LC1577VT2P,211.3,108,246,115,13.263301,30.94647482,20.52410072,3168.7,386.27,25.73528777,60,18,127,63.5,50.8,81.28,152.4,0,474.98,april 13- april 19,CenterEast
Bellfarm,2018,Dyna-Gro D52VC63,210.7,108,246,112,13.225639,30.94647482,20.52410072,3168.7,386.27,25.73528777,60,18,127,63.5,50.8,81.28,152.4,0,474.98,april 13- april 19,CenterEast
Bellfarm,2018,LG 5643VT2RIB,210.4,108,246,114,13.206808,30.94647482,20.52410072,3168.7,386.27,25.73528777,60,18,127,63.5,50.8,81.28,152.4,0,474.98,april 13- april 19,CenterEast
Bellfarm,2018,Armor 1447,209.4,108,246,114,13.144038,30.94647482,20.52410072,3168.7,386.27,25.73528777,60,18,127,63.5,50.8,81.28,152.4,0,474.98,april 13- april 19,CenterEast
Bellfarm,2018,BH 8737VT2P,209,108,246,116,13.11893,30.94647482,20.52410072,3168.7,386.27,25.73528777,60,18,127,63.5,50.8,81.28,152.4,0,474.98,april 13- april 19,CenterEast
Bellfarm,2018,Croplan 5678SS,206.5,108,246,116,12.962005,30.94647482,20.52410072,3168.7,386.27,25.73528777,60,18,127,63.5,50.8,81.28,152.4,0,474.98,april 13- april 19,CenterEast
Bellfarm,2018,Armor X8111,205.6,108,246,111,12.905512,30.94647482,20.52410072,3168.7,386.27,25.73528777,60,18,127,63.5,50.8,81.28,152.4,0,474.98,april 13- april 19,CenterEast
Bellfarm,2018,AgriGold A6544VT2RIB,205.3,108,246,113,12.886681,30.94647482,20.52410072,3168.7,386.27,25.73528777,60,18,127,63.5,50.8,81.28,152.4,0,474.98,april 13- april 19,CenterEast
Bellfarm,2018,Pfister 74D2PCR,204.8,108,246,114,12.855296,30.94647482,20.52410072,3168.7,386.27,25.73528777,60,18,127,63.5,50.8,81.28,152.4,0,474.98,april 13- april 19,CenterEast
Bellfarm,2018,Hefty H6524 RIB,204,108,246,115,12.80508,30.94647482,20.52410072,3168.7,386.27,25.73528777,60,18,127,63.5,50.8,81.28,152.4,0,474.98,april 13- april 19,CenterEast
Bellfarm,2018,REV 23BHR55,202.3,108,246,113,12.698371,30.94647482,20.52410072,3168.7,386.27,25.73528777,60,18,127,63.5,50.8,81.28,152.4,0,474.98,april 13- april 19,CenterEast
Bellfarm,2018,NK1573 3110,199.8,108,246,115,12.541446,30.94647482,20.52410072,3168.7,386.27,25.73528777,60,18,127,63.5,50.8,81.28,152.4,0,474.98,april 13- april 19,CenterEast
Bellfarm,2018,DEKALB DKC 65-95,198.8,108,246,115,12.478676,30.94647482,20.52410072,3168.7,386.27,25.73528777,60,18,127,63.5,50.8,81.28,152.4,0,474.98,april 13- april 19,CenterEast
Bellfarm,2018,LG 5650VT2RIB,198.4,108,246,115,12.453568,30.94647482,20.52410072,3168.7,386.27,25.73528777,60,18,127,63.5,50.8,81.28,152.4,0,474.98,april 13- april 19,CenterEast
Bellfarm,2018,Dyna-Gro D54VC14,197.9,108,246,114,12.422183,30.94647482,20.52410072,3168.7,386.27,25.73528777,60,18,127,63.5,50.8,81.28,152.4,0,474.98,april 13- april 19,CenterEast
Bellfarm,2018,Hefty H6502 RIB,197.7,108,246,115,12.409629,30.94647482,20.52410072,3168.7,386.27,25.73528777,60,18,127,63.5,50.8,81.28,152.4,0,474.98,april 13- april 19,CenterEast
Bellfarm,2018,AgriGold A6572VT2RIB,196.9,108,246,114,12.359413,30.94647482,20.52410072,3168.7,386.27,25.73528777,60,18,127,63.5,50.8,81.28,152.4,0,474.98,april 13- april 19,CenterEast
Bellfarm,2018,Armor 0887,196.4,108,246,108,12.328028,30.94647482,20.52410072,3168.7,386.27,25.73528777,60,18,127,63.5,50.8,81.28,152.4,0,474.98,april 13- april 19,CenterEast
Bellfarm,2018,Local AV8614VYHR,196,108,246,114,12.30292,30.94647482,20.52410072,3168.7,386.27,25.73528777,60,18,127,63.5,50.8,81.28,152.4,0,474.98,april 13- april 19,CenterEast
Bellfarm,2018,Pfister 75Y1PCR,195.7,108,246,115,12.284089,30.94647482,20.52410072,3168.7,386.27,25.73528777,60,18,127,63.5,50.8,81.28,152.4,0,474.98,april 13- april 19,CenterEast
Bellfarm,2018,REV 25BHR89,195.7,108,246,115,12.284089,30.94647482,20.52410072,3168.7,386.27,25.73528777,60,18,127,63.5,50.8,81.28,152.4,0,474.98,april 13- april 19,CenterEast
Bellfarm,2018,Progeny PGY EXP1814,194.4,108,246,114,12.202488,30.94647482,20.52410072,3168.7,386.27,25.73528777,60,18,127,63.5,50.8,81.28,152.4,0,474.98,april 13- april 19,CenterEast
Bellfarm,2018,Hefty H6424 RIB,192.2,108,246,114,12.064394,30.94647482,20.52410072,3168.7,386.27,25.73528777,60,18,127,63.5,50.8,81.28,152.4,0,474.98,april 13- april 19,CenterEast
Bellfarm,2018,BH 8721VT2P,192.2,108,246,117,12.064394,30.94647482,20.52410072,3168.7,386.27,25.73528777,60,18,127,63.5,50.8,81.28,152.4,0,474.98,april 13- april 19,CenterEast
Bellfarm,2018,AgriGold A645-10VT2RIB,191.3,108,246,115,12.007901,30.94647482,20.52410072,3168.7,386.27,25.73528777,60,18,127,63.5,50.8,81.28,152.4,0,474.98,april 13- april 19,CenterEast
Bellfarm,2018,LG 5663VT2RIB,190.1,108,246,115,11.932577,30.94647482,20.52410072,3168.7,386.27,25.73528777,60,18,127,63.5,50.8,81.28,152.4,0,474.98,april 13- april 19,CenterEast
Bellfarm,2018,Progeny PGY 6116VT2P,190,108,246,116,11.9263,30.94647482,20.52410072,3168.7,386.27,25.73528777,60,18,127,63.5,50.8,81.28,152.4,0,474.98,april 13- april 19,CenterEast
Bellfarm,2018,DEKALB DKC 64-35,188.9,108,246,114,11.857253,30.94647482,20.52410072,3168.7,386.27,25.73528777,60,18,127,63.5,50.8,81.28,152.4,0,474.98,april 13- april 19,CenterEast
Bellfarm,2018,DEKALB DKC 62-53,186.9,108,246,112,11.731713,30.94647482,20.52410072,3168.7,386.27,25.73528777,60,18,127,63.5,50.8,81.28,152.4,0,474.98,april 13- april 19,CenterEast
Bellfarm,2018,Hefty H6324 RIB,186.6,108,246,113,11.712882,30.94647482,20.52410072,3168.7,386.27,25.73528777,60,18,127,63.5,50.8,81.28,152.4,0,474.98,april 13- april 19,CenterEast
Bellfarm,2018,Pfister 71C1PCR,186.5,108,246,111,11.706605,30.94647482,20.52410072,3168.7,386.27,25.73528777,60,18,127,63.5,50.8,81.28,152.4,0,474.98,april 13- april 19,CenterEast
Bellfarm,2018,Mission Mex1308VT2P,184.8,108,246,113,11.599896,30.94647482,20.52410072,3168.7,386.27,25.73528777,60,18,127,63.5,50.8,81.28,152.4,0,474.98,april 13- april 19,CenterEast
Bellfarm,2018,Progeny PGY 8116SS,182.7,108,246,116,11.468079,30.94647482,20.52410072,3168.7,386.27,25.73528777,60,18,127,63.5,50.8,81.28,152.4,0,474.98,april 13- april 19,CenterEast
Bellfarm,2018,Mission Mex1548DGVT2P,179.1,108,246,115,11.242107,30.94647482,20.52410072,3168.7,386.27,25.73528777,60,18,127,63.5,50.8,81.28,152.4,0,474.98,april 13- april 19,CenterEast
Bellfarm,2018,Hefty H6413 RIB,177.8,108,246,114,11.160506,30.94647482,20.52410072,3168.7,386.27,25.73528777,60,18,127,63.5,50.8,81.28,152.4,0,474.98,april 13- april 19,CenterEast
Bellfarm,2018,BH 8735VTTP,175.8,108,246,116,11.034966,30.94647482,20.52410072,3168.7,386.27,25.73528777,60,18,127,63.5,50.8,81.28,152.4,0,474.98,april 13- april 19,CenterEast
Bellfarm,2018,REV 24BHR99,175.6,108,246,114,11.022412,30.94647482,20.52410072,3168.7,386.27,25.73528777,60,18,127,63.5,50.8,81.28,152.4,0,474.98,april 13- april 19,CenterEast
Bellfarm,2018,Local RL8430VYHR,175.5,108,246,113,11.016135,30.94647482,20.52410072,3168.7,386.27,25.73528777,60,18,127,63.5,50.8,81.28,152.4,0,474.98,april 13- april 19,CenterEast
Bellfarm,2018,Pioneer P1442YHR,174.4,108,246,114,10.947088,30.94647482,20.52410072,3168.7,386.27,25.73528777,60,18,127,63.5,50.8,81.28,152.4,0,474.98,april 13- april 19,CenterEast
Bellfarm,2018,Armor 1667,174.1,108,246,116,10.928257,30.94647482,20.52410072,3168.7,386.27,25.73528777,60,18,127,63.5,50.8,81.28,152.4,0,474.98,april 13- april 19,CenterEast
Bellfarm,2018,Armor X8113,170.4,108,246,113,10.696008,30.94647482,20.52410072,3168.7,386.27,25.73528777,60,18,127,63.5,50.8,81.28,152.4,0,474.98,april 13- april 19,CenterEast
Bellfarm,2018,REV 25BHR26,168.6,108,246,115,10.583022,30.94647482,20.52410072,3168.7,386.27,25.73528777,60,18,127,63.5,50.8,81.28,152.4,0,474.98,april 13- april 19,CenterEast
Bellfarm,2018,DEKALB DKC 67-44,257.7,108,246,117,16.175829,30.94647482,20.52410072,3168.7,386.27,25.73528777,60,18,127,63.5,50.8,81.28,152.4,0,474.98,april 13- april 19,CenterEast
Bellfarm,2018,Dyna-Gro D57VP51,222.2,108,246,117,13.947494,30.94647482,20.52410072,3168.7,386.27,25.73528777,60,18,127,63.5,50.8,81.28,152.4,0,474.98,april 13- april 19,CenterEast
Bellfarm,2018,Armor X8117,217.5,108,246,117,13.652475,30.94647482,20.52410072,3168.7,386.27,25.73528777,60,18,127,63.5,50.8,81.28,152.4,0,474.98,april 13- april 19,CenterEast
Bellfarm,2018,Armor X8118,212.5,108,246,118,13.338625,30.94647482,20.52410072,3168.7,386.27,25.73528777,60,18,127,63.5,50.8,81.28,152.4,0,474.98,april 13- april 19,CenterEast
Bellfarm,2018,Croplan 6027VT2,211.9,108,246,120,13.300963,30.94647482,20.52410072,3168.7,386.27,25.73528777,60,18,127,63.5,50.8,81.28,152.4,0,474.98,april 13- april 19,CenterEast
Bellfarm,2018,DEKALB DKC 68-26,211.7,108,246,118,13.288409,30.94647482,20.52410072,3168.7,386.27,25.73528777,60,18,127,63.5,50.8,81.28,152.4,0,474.98,april 13- april 19,CenterEast
Bellfarm,2018,DEKALB DKC 67-72,211.6,108,246,117,13.282132,30.94647482,20.52410072,3168.7,386.27,25.73528777,60,18,127,63.5,50.8,81.28,152.4,0,474.98,april 13- april 19,CenterEast
Bellfarm,2018,DEKALB DKC 70-27,210.4,108,246,120,13.206808,30.94647482,20.52410072,3168.7,386.27,25.73528777,60,18,127,63.5,50.8,81.28,152.4,0,474.98,april 13- april 19,CenterEast
Bellfarm,2018,REV 27BHR79,209,108,246,117,13.11893,30.94647482,20.52410072,3168.7,386.27,25.73528777,60,18,127,63.5,50.8,81.28,152.4,0,474.98,april 13- april 19,CenterEast
Bellfarm,2018,Progeny PGY EXP1817,207.6,108,246,117,13.031052,30.94647482,20.52410072,3168.7,386.27,25.73528777,60,18,127,63.5,50.8,81.28,152.4,0,474.98,april 13- april 19,CenterEast
Bellfarm,2018,Local LC1776VT2P,207.5,108,246,117,13.024775,30.94647482,20.52410072,3168.7,386.27,25.73528777,60,18,127,63.5,50.8,81.28,152.4,0,474.98,april 13- april 19,CenterEast
Bellfarm,2018,Local LC1878VT2P,206.2,108,246,118,12.943174,30.94647482,20.52410072,3168.7,386.27,25.73528777,60,18,127,63.5,50.8,81.28,152.4,0,474.98,april 13- april 19,CenterEast
Bellfarm,2018,Progeny PGY 6119VT2P,204.3,108,246,119,12.823911,30.94647482,20.52410072,3168.7,386.27,25.73528777,60,18,127,63.5,50.8,81.28,152.4,0,474.98,april 13- april 19,CenterEast
Bellfarm,2018,Pioneer P1847VYHR,203.5,108,246,118,12.773695,30.94647482,20.52410072,3168.7,386.27,25.73528777,60,18,127,63.5,50.8,81.28,152.4,0,474.98,april 13- april 19,CenterEast
Bellfarm,2018,Dyna-Gro D58VC65,203,108,246,118,12.74231,30.94647482,20.52410072,3168.7,386.27,25.73528777,60,18,127,63.5,50.8,81.28,152.4,0,474.98,april 13- april 19,CenterEast
Bellfarm,2018,Armor 1887,201.2,108,246,118,12.629324,30.94647482,20.52410072,3168.7,386.27,25.73528777,60,18,127,63.5,50.8,81.28,152.4,0,474.98,april 13- april 19,CenterEast
Bellfarm,2018,Pfister 77C1SE,200.8,108,246,117,12.604216,30.94647482,20.52410072,3168.7,386.27,25.73528777,60,18,127,63.5,50.8,81.28,152.4,0,474.98,april 13- april 19,CenterEast
Bellfarm,2018,AgriGold A6711VT2PRO,200.5,108,246,118,12.585385,30.94647482,20.52410072,3168.7,386.27,25.73528777,60,18,127,63.5,50.8,81.28,152.4,0,474.98,april 13- april 19,CenterEast
Bellfarm,2018,Augusta A1367 3220GT,195.8,108,246,117,12.290366,30.94647482,20.52410072,3168.7,386.27,25.73528777,60,18,127,63.5,50.8,81.28,152.4,0,474.98,april 13- april 19,CenterEast
Bellfarm,2018,Dyna-Gro CX17117,191.6,108,246,117,12.026732,30.94647482,20.52410072,3168.7,386.27,25.73528777,60,18,127,63.5,50.8,81.28,152.4,0,474.98,april 13- april 19,CenterEast
Bellfarm,2018,AgriGold A647-90VT2RIB,189.1,108,246,117,11.869807,30.94647482,20.52410072,3168.7,386.27,25.73528777,60,18,127,63.5,50.8,81.28,152.4,0,474.98,april 13- april 19,CenterEast
Bellfarm,2018,DEKALB DKC 68-69,188.8,108,246,118,11.850976,30.94647482,20.52410072,3168.7,386.27,25.73528777,60,18,127,63.5,50.8,81.28,152.4,0,474.98,april 13- april 19,CenterEast
Bellfarm,2018,Local LC1987VT2P,183.6,108,246,119,11.524572,30.94647482,20.52410072,3168.7,386.27,25.73528777,60,18,127,63.5,50.8,81.28,152.4,0,474.98,april 13- april 19,CenterEast
Bellfarm,2018,Pioneer P1870YHR,182.5,108,246,118,11.455525,30.94647482,20.52410072,3168.7,386.27,25.73528777,60,18,127,63.5,50.8,81.28,152.4,0,474.98,april 13- april 19,CenterEast
Bellfarm,2018,REV 28BHR18,181.2,108,246,118,11.373924,30.94647482,20.52410072,3168.7,386.27,25.73528777,60,18,127,63.5,50.8,81.28,152.4,0,474.98,april 13- april 19,CenterEast
Bellfarm,2018,Mission A1857SS,177,108,246,118,11.11029,30.94647482,20.52410072,3168.7,386.27,25.73528777,60,18,127,63.5,50.8,81.28,152.4,0,474.98,april 13- april 19,CenterEast
Bellfarm,2018,Pioneer P2089VYHR,175.5,108,246,117,11.016135,30.94647482,20.52410072,3168.7,386.27,25.73528777,60,18,127,63.5,50.8,81.28,152.4,0,474.98,april 13- april 19,CenterEast
Keiser,2019,LG5650VT2RIB,242.5,112,249,115,15.221725,29.3823913,19.87811594,3006.14,483.97,24.63025362,32,1,218.44,127,81.28,215.9,22.86,0,665.48,april 20-april 26,NorthEast
Keiser,2019,DEKALB DKC 62-53,230,112,249,112,14.4371,29.3823913,19.87811594,3006.14,483.97,24.63025362,32,1,218.44,127,81.28,215.9,22.86,0,665.48,april 20-april 26,NorthEast
Keiser,2019,DEKALB DKC 66-75,229.6,112,249,116,14.411992,29.3823913,19.87811594,3006.14,483.97,24.63025362,32,1,218.44,127,81.28,215.9,22.86,0,665.48,april 20-april 26,NorthEast
Keiser,2019,Progeny PGY EXP1912,229.1,112,249,112,14.380607,29.3823913,19.87811594,3006.14,483.97,24.63025362,32,1,218.44,127,81.28,215.9,22.86,0,665.48,april 20-april 26,NorthEast
Keiser,2019,DEKALB DKC 67-44,226.8,112,249,117,14.236236,29.3823913,19.87811594,3006.14,483.97,24.63025362,32,1,218.44,127,81.28,215.9,22.86,0,665.48,april 20-april 26,NorthEast
Keiser,2019,Pioneer P1464VYHR,225.6,112,249,114,14.160912,29.3823913,19.87811594,3006.14,483.97,24.63025362,32,1,218.44,127,81.28,215.9,22.86,0,665.48,april 20-april 26,NorthEast
Keiser,2019,Progeny PGY 8116SS,225.4,112,249,116,14.148358,29.3823913,19.87811594,3006.14,483.97,24.63025362,32,1,218.44,127,81.28,215.9,22.86,0,665.48,april 20-april 26,NorthEast
Keiser,2019,Local AV7516 YHB,225.3,112,249,116,14.142081,29.3823913,19.87811594,3006.14,483.97,24.63025362,32,1,218.44,127,81.28,215.9,22.86,0,665.48,april 20-april 26,NorthEast
Keiser,2019,Local AV8614 YHB,224.9,112,249,114,14.116973,29.3823913,19.87811594,3006.14,483.97,24.63025362,32,1,218.44,127,81.28,215.9,22.86,0,665.48,april 20-april 26,NorthEast
Keiser,2019,REV 25BHR80,224.3,112,249,115,14.079311,29.3823913,19.87811594,3006.14,483.97,24.63025362,32,1,218.44,127,81.28,215.9,22.86,0,665.48,april 20-april 26,NorthEast
Keiser,2019,REV 25BHR89,223.8,112,249,115,14.047926,29.3823913,19.87811594,3006.14,483.97,24.63025362,32,1,218.44,127,81.28,215.9,22.86,0,665.48,april 20-april 26,NorthEast
Keiser,2019,AgriGold A6572VT2RIB,223.4,112,249,114,14.022818,29.3823913,19.87811594,3006.14,483.97,24.63025362,32,1,218.44,127,81.28,215.9,22.86,0,665.48,april 20-april 26,NorthEast
Keiser,2019,Mission A1687VT2P,222.6,112,249,116,13.972602,29.3823913,19.87811594,3006.14,483.97,24.63025362,32,1,218.44,127,81.28,215.9,22.86,0,665.48,april 20-april 26,NorthEast
Keiser,2019,DEKALB DKC 65-95,222.3,112,249,115,13.953771,29.3823913,19.87811594,3006.14,483.97,24.63025362,32,1,218.44,127,81.28,215.9,22.86,0,665.48,april 20-april 26,NorthEast
Keiser,2019,AgriGold A644-32TRCRIB,222.3,112,249,114,13.953771,29.3823913,19.87811594,3006.14,483.97,24.63025362,32,1,218.44,127,81.28,215.9,22.86,0,665.48,april 20-april 26,NorthEast
Keiser,2019,AgriGold A6544VT2RIB,221.5,112,249,113,13.903555,29.3823913,19.87811594,3006.14,483.97,24.63025362,32,1,218.44,127,81.28,215.9,22.86,0,665.48,april 20-april 26,NorthEast
Keiser,2019,DEKALB DKC 70-27,220.5,112,249,120,13.840785,29.3823913,19.87811594,3006.14,483.97,24.63025362,32,1,218.44,127,81.28,215.9,22.86,0,665.48,april 20-april 26,NorthEast
Keiser,2019,Dyna-Gro D54VC14,219.1,112,249,114,13.752907,29.3823913,19.87811594,3006.14,483.97,24.63025362,32,1,218.44,127,81.28,215.9,22.86,0,665.48,april 20-april 26,NorthEast
Keiser,2019,DEKALB DKC 65-99,219,112,249,115,13.74663,29.3823913,19.87811594,3006.14,483.97,24.63025362,32,1,218.44,127,81.28,215.9,22.86,0,665.48,april 20-april 26,NorthEast
Keiser,2019,Local LC1795 VT2P,218.8,112,249,117,13.734076,29.3823913,19.87811594,3006.14,483.97,24.63025362,32,1,218.44,127,81.28,215.9,22.86,0,665.48,april 20-april 26,NorthEast
Keiser,2019,AgriGold A647-46VT2PRO,218.6,112,249,117,13.721522,29.3823913,19.87811594,3006.14,483.97,24.63025362,32,1,218.44,127,81.28,215.9,22.86,0,665.48,april 20-april 26,NorthEast
Keiser,2019,BH 8721VT2P,218.5,112,249,117,13.715245,29.3823913,19.87811594,3006.14,483.97,24.63025362,32,1,218.44,127,81.28,215.9,22.86,0,665.48,april 20-april 26,NorthEast
Keiser,2019,AgriGold A645-16VT2PRO,218.4,112,249,115,13.708968,29.3823913,19.87811594,3006.14,483.97,24.63025362,32,1,218.44,127,81.28,215.9,22.86,0,665.48,april 20-april 26,NorthEast
Keiser,2019,Local LC1577 VT2P,218.4,112,249,115,13.708968,29.3823913,19.87811594,3006.14,483.97,24.63025362,32,1,218.44,127,81.28,215.9,22.86,0,665.48,april 20-april 26,NorthEast
Keiser,2019,DEKALB DKC 68-69,218,112,249,118,13.68386,29.3823913,19.87811594,3006.14,483.97,24.63025362,32,1,218.44,127,81.28,215.9,22.86,0,665.48,april 20-april 26,NorthEast
Keiser,2019,LG5643VT2RIB,217.3,112,249,114,13.639921,29.3823913,19.87811594,3006.14,483.97,24.63025362,32,1,218.44,127,81.28,215.9,22.86,0,665.48,april 20-april 26,NorthEast
Keiser,2019,AgriGold A6659VT2RIB,217,112,249,116,13.62109,29.3823913,19.87811594,3006.14,483.97,24.63025362,32,1,218.44,127,81.28,215.9,22.86,0,665.48,april 20-april 26,NorthEast
Keiser,2019,Dyna-Gro D55VC80,216.8,112,249,115,13.608536,29.3823913,19.87811594,3006.14,483.97,24.63025362,32,1,218.44,127,81.28,215.9,22.86,0,665.48,april 20-april 26,NorthEast
Keiser,2019,REV 24BHR99,214.8,112,249,114,13.482996,29.3823913,19.87811594,3006.14,483.97,24.63025362,32,1,218.44,127,81.28,215.9,22.86,0,665.48,april 20-april 26,NorthEast
Keiser,2019,Dyna-Gro D57VC17,214.4,112,249,117,13.457888,29.3823913,19.87811594,3006.14,483.97,24.63025362,32,1,218.44,127,81.28,215.9,22.86,0,665.48,april 20-april 26,NorthEast
Keiser,2019,Progeny PGY 5115VT2P,214.4,112,249,115,13.457888,29.3823913,19.87811594,3006.14,483.97,24.63025362,32,1,218.44,127,81.28,215.9,22.86,0,665.48,april 20-april 26,NorthEast
Keiser,2019,Croplan C5678 VT2P,213.5,112,249,116,13.401395,29.3823913,19.87811594,3006.14,483.97,24.63025362,32,1,218.44,127,81.28,215.9,22.86,0,665.48,april 20-april 26,NorthEast
Keiser,2019,Local LC1488 VT2P,213.2,112,249,114,13.382564,29.3823913,19.87811594,3006.14,483.97,24.63025362,32,1,218.44,127,81.28,215.9,22.86,0,665.48,april 20-april 26,NorthEast
Keiser,2019,BH XP 8780SS,213,112,249,112,13.37001,29.3823913,19.87811594,3006.14,483.97,24.63025362,32,1,218.44,127,81.28,215.9,22.86,0,665.48,april 20-april 26,NorthEast
Keiser,2019,REV 26BHR30,212.9,112,249,116,13.363733,29.3823913,19.87811594,3006.14,483.97,24.63025362,32,1,218.44,127,81.28,215.9,22.86,0,665.48,april 20-april 26,NorthEast
Keiser,2019,Progeny PGY 6116VT2P,212.7,112,249,116,13.351179,29.3823913,19.87811594,3006.14,483.97,24.63025362,32,1,218.44,127,81.28,215.9,22.86,0,665.48,april 20-april 26,NorthEast
Keiser,2019,Dyna-Gro D58VC65,212.1,112,249,118,13.313517,29.3823913,19.87811594,3006.14,483.97,24.63025362,32,1,218.44,127,81.28,215.9,22.86,0,665.48,april 20-april 26,NorthEast
Keiser,2019,Hefty H6714,211,112,249,117,13.24447,29.3823913,19.87811594,3006.14,483.97,24.63025362,32,1,218.44,127,81.28,215.9,22.86,0,665.48,april 20-april 26,NorthEast
Keiser,2019,Local LC1987 VT2P,210.7,112,249,119,13.225639,29.3823913,19.87811594,3006.14,483.97,24.63025362,32,1,218.44,127,81.28,215.9,22.86,0,665.48,april 20-april 26,NorthEast
Keiser,2019,Progeny PGY EXP1918,210.6,112,249,118,13.219362,29.3823913,19.87811594,3006.14,483.97,24.63025362,32,1,218.44,127,81.28,215.9,22.86,0,665.48,april 20-april 26,NorthEast
Keiser,2019,REV 28BHR18,210.5,112,249,118,13.213085,29.3823913,19.87811594,3006.14,483.97,24.63025362,32,1,218.44,127,81.28,215.9,22.86,0,665.48,april 20-april 26,NorthEast
Keiser,2019,Armor X9115B VT2P,210,112,249,115,13.1817,29.3823913,19.87811594,3006.14,483.97,24.63025362,32,1,218.44,127,81.28,215.9,22.86,0,665.48,april 20-april 26,NorthEast
Keiser,2019,LG64C30TRC,208.7,112,249,114,13.100099,29.3823913,19.87811594,3006.14,483.97,24.63025362,32,1,218.44,127,81.28,215.9,22.86,0,665.48,april 20-april 26,NorthEast
Keiser,2019,Taylor EXP 88-14,208.7,112,249,114,13.100099,29.3823913,19.87811594,3006.14,483.97,24.63025362,32,1,218.44,127,81.28,215.9,22.86,0,665.48,april 20-april 26,NorthEast
Keiser,2019,Progeny PGY 9117VT2P,208.5,112,249,117,13.087545,29.3823913,19.87811594,3006.14,483.97,24.63025362,32,1,218.44,127,81.28,215.9,22.86,0,665.48,april 20-april 26,NorthEast
Keiser,2019,Progeny PGY 9114VT2P,208.4,112,249,114,13.081268,29.3823913,19.87811594,3006.14,483.97,24.63025362,32,1,218.44,127,81.28,215.9,22.86,0,665.48,april 20-april 26,NorthEast
Keiser,2019,Dyna-Gro D57VC51,208.1,112,249,117,13.062437,29.3823913,19.87811594,3006.14,483.97,24.63025362,32,1,218.44,127,81.28,215.9,22.86,0,665.48,april 20-april 26,NorthEast
Keiser,2019,Progeny PGY EXP1915,208,112,249,115,13.05616,29.3823913,19.87811594,3006.14,483.97,24.63025362,32,1,218.44,127,81.28,215.9,22.86,0,665.48,april 20-april 26,NorthEast
Keiser,2019,Armor A1118 VT2P,208,112,249,111,13.05616,29.3823913,19.87811594,3006.14,483.97,24.63025362,32,1,218.44,127,81.28,215.9,22.86,0,665.48,april 20-april 26,NorthEast
Keiser,2019,BH XP 8509TRE,208,112,249,115,13.05616,29.3823913,19.87811594,3006.14,483.97,24.63025362,32,1,218.44,127,81.28,215.9,22.86,0,665.48,april 20-april 26,NorthEast
Keiser,2019,Hefty H6532,207,112,249,115,12.99339,29.3823913,19.87811594,3006.14,483.97,24.63025362,32,1,218.44,127,81.28,215.9,22.86,0,665.48,april 20-april 26,NorthEast
Keiser,2019,Armor A1778 VT2P,206.4,112,249,117,12.955728,29.3823913,19.87811594,3006.14,483.97,24.63025362,32,1,218.44,127,81.28,215.9,22.86,0,665.48,april 20-april 26,NorthEast
Keiser,2019,Armor A1299 VT2P,206.1,112,249,112,12.936897,29.3823913,19.87811594,3006.14,483.97,24.63025362,32,1,218.44,127,81.28,215.9,22.86,0,665.48,april 20-april 26,NorthEast
Keiser,2019,Progeny PGY 6119VT2P,205.9,112,249,119,12.924343,29.3823913,19.87811594,3006.14,483.97,24.63025362,32,1,218.44,127,81.28,215.9,22.86,0,665.48,april 20-april 26,NorthEast
Keiser,2019,Pioneer P1847VYHR,205.9,112,249,118,12.924343,29.3823913,19.87811594,3006.14,483.97,24.63025362,32,1,218.44,127,81.28,215.9,22.86,0,665.48,april 20-april 26,NorthEast
Keiser,2019,Pioneer P1870YHR,204.7,112,249,118,12.849019,29.3823913,19.87811594,3006.14,483.97,24.63025362,32,1,218.44,127,81.28,215.9,22.86,0,665.48,april 20-april 26,NorthEast
Keiser,2019,Local LC1776 VT2P,203,112,249,117,12.74231,29.3823913,19.87811594,3006.14,483.97,24.63025362,32,1,218.44,127,81.28,215.9,22.86,0,665.48,april 20-april 26,NorthEast
Keiser,2019,Local LC1586 TC,203,112,249,115,12.74231,29.3823913,19.87811594,3006.14,483.97,24.63025362,32,1,218.44,127,81.28,215.9,22.86,0,665.48,april 20-april 26,NorthEast
Keiser,2019,Hefty H6635,202.9,112,249,116,12.736033,29.3823913,19.87811594,3006.14,483.97,24.63025362,32,1,218.44,127,81.28,215.9,22.86,0,665.48,april 20-april 26,NorthEast
Keiser,2019,Local LC1878 VT2P,202.5,112,249,118,12.710925,29.3823913,19.87811594,3006.14,483.97,24.63025362,32,1,218.44,127,81.28,215.9,22.86,0,665.48,april 20-april 26,NorthEast
Keiser,2019,Taylor EXP 88-16,201.7,112,249,116,12.660709,29.3823913,19.87811594,3006.14,483.97,24.63025362,32,1,218.44,127,81.28,215.9,22.86,0,665.48,april 20-april 26,NorthEast
Keiser,2019,Armor A1688T,199.3,112,249,116,12.510061,29.3823913,19.87811594,3006.14,483.97,24.63025362,32,1,218.44,127,81.28,215.9,22.86,0,665.48,april 20-april 26,NorthEast
Keiser,2019,Local LCX16-91,198.3,112,249,116,12.447291,29.3823913,19.87811594,3006.14,483.97,24.63025362,32,1,218.44,127,81.28,215.9,22.86,0,665.48,april 20-april 26,NorthEast
Keiser,2019,Local LC0877 VT2P,197.9,112,249,108,12.422183,29.3823913,19.87811594,3006.14,483.97,24.63025362,32,1,218.44,127,81.28,215.9,22.86,0,665.48,april 20-april 26,NorthEast
Keiser,2019,LG62C02VT2RIB,196.9,112,249,112,12.359413,29.3823913,19.87811594,3006.14,483.97,24.63025362,32,1,218.44,127,81.28,215.9,22.86,0,665.48,april 20-april 26,NorthEast
Keiser,2019,Armor A1810 VT2P,196.9,112,249,119,12.359413,29.3823913,19.87811594,3006.14,483.97,24.63025362,32,1,218.44,127,81.28,215.9,22.86,0,665.48,april 20-april 26,NorthEast
Keiser,2019,Taylor EXP 88-13,194.6,112,249,113,12.215042,29.3823913,19.87811594,3006.14,483.97,24.63025362,32,1,218.44,127,81.28,215.9,22.86,0,665.48,april 20-april 26,NorthEast
Keiser,2019,Hefty H6214,194.2,112,249,112,12.189934,29.3823913,19.87811594,3006.14,483.97,24.63025362,32,1,218.44,127,81.28,215.9,22.86,0,665.48,april 20-april 26,NorthEast
Keiser,2019,Taylor EXP 88-17,194.2,112,249,117,12.189934,29.3823913,19.87811594,3006.14,483.97,24.63025362,32,1,218.44,127,81.28,215.9,22.86,0,665.48,april 20-april 26,NorthEast
Keiser,2019,Armor X9115 VT2P,193.7,112,249,115,12.158549,29.3823913,19.87811594,3006.14,483.97,24.63025362,32,1,218.44,127,81.28,215.9,22.86,0,665.48,april 20-april 26,NorthEast
Keiser,2019,REV 2858SXE,192.7,112,249,118,12.095779,29.3823913,19.87811594,3006.14,483.97,24.63025362,32,1,218.44,127,81.28,215.9,22.86,0,665.48,april 20-april 26,NorthEast
Keiser,2019,Local LC1289 VT2P,191.3,112,249,112,12.007901,29.3823913,19.87811594,3006.14,483.97,24.63025362,32,1,218.44,127,81.28,215.9,22.86,0,665.48,april 20-april 26,NorthEast
Keiser,2019,REV 24BHR70,189.6,112,249,114,11.901192,29.3823913,19.87811594,3006.14,483.97,24.63025362,32,1,218.44,127,81.28,215.9,22.86,0,665.48,april 20-april 26,NorthEast
Keiser,2019,Progeny PGY EXP1913,183.3,112,249,113,11.505741,29.3823913,19.87811594,3006.14,483.97,24.63025362,32,1,218.44,127,81.28,215.9,22.86,0,665.48,april 20-april 26,NorthEast
Marianna,2019,AgriGold A645-16VT2PRO,244.7,113,245,115,15.359819,30.2,20.5,2955.4,574.3,25.4,44,11,309.88,127,187.96,231.14,109.22,0,965.2,april 20-april 26,CenterEast
Marianna,2019,DEKALB DKC 70-27,240.4,113,245,120,15.089908,30.2,20.5,2955.4,574.3,25.4,44,11,309.88,127,187.96,231.14,109.22,0,965.2,april 20-april 26,CenterEast
Marianna,2019,AgriGold A6544VT2RIB,237.7,113,245,113,14.920429,30.2,20.5,2955.4,574.3,25.4,44,11,309.88,127,187.96,231.14,109.22,0,965.2,april 20-april 26,CenterEast
Marianna,2019,Armor X9115B VT2P,237.5,113,245,115,14.907875,30.2,20.5,2955.4,574.3,25.4,44,11,309.88,127,187.96,231.14,109.22,0,965.2,april 20-april 26,CenterEast
Marianna,2019,LG5643VT2RIB,236.7,113,245,114,14.857659,30.2,20.5,2955.4,574.3,25.4,44,11,309.88,127,187.96,231.14,109.22,0,965.2,april 20-april 26,CenterEast
Marianna,2019,DEKALB DKC 66-75,236.2,113,245,116,14.826274,30.2,20.5,2955.4,574.3,25.4,44,11,309.88,127,187.96,231.14,109.22,0,965.2,april 20-april 26,CenterEast
Marianna,2019,DEKALB DKC 68-69,236.2,113,245,118,14.826274,30.2,20.5,2955.4,574.3,25.4,44,11,309.88,127,187.96,231.14,109.22,0,965.2,april 20-april 26,CenterEast
Marianna,2019,Armor A1778 VT2P,235.6,113,245,117,14.788612,30.2,20.5,2955.4,574.3,25.4,44,11,309.88,127,187.96,231.14,109.22,0,965.2,april 20-april 26,CenterEast
Marianna,2019,DEKALB DKC 62-53,235.6,113,245,112,14.788612,30.2,20.5,2955.4,574.3,25.4,44,11,309.88,127,187.96,231.14,109.22,0,965.2,april 20-april 26,CenterEast
Marianna,2019,REV 25BHR80,235.5,113,245,115,14.782335,30.2,20.5,2955.4,574.3,25.4,44,11,309.88,127,187.96,231.14,109.22,0,965.2,april 20-april 26,CenterEast
Marianna,2019,Progeny PGY 8116SS,234.1,113,245,116,14.694457,30.2,20.5,2955.4,574.3,25.4,44,11,309.88,127,187.96,231.14,109.22,0,965.2,april 20-april 26,CenterEast
Marianna,2019,AgriGold A647-46VT2PRO,231.7,113,245,117,14.543809,30.2,20.5,2955.4,574.3,25.4,44,11,309.88,127,187.96,231.14,109.22,0,965.2,april 20-april 26,CenterEast
Marianna,2019,Pioneer P1464VYHR,231.3,113,245,114,14.518701,30.2,20.5,2955.4,574.3,25.4,44,11,309.88,127,187.96,231.14,109.22,0,965.2,april 20-april 26,CenterEast
Marianna,2019,DEKALB DKC 67-44,231.2,113,245,117,14.512424,30.2,20.5,2955.4,574.3,25.4,44,11,309.88,127,187.96,231.14,109.22,0,965.2,april 20-april 26,CenterEast
Marianna,2019,DEKALB DKC 65-99,231.1,113,245,115,14.506147,30.2,20.5,2955.4,574.3,25.4,44,11,309.88,127,187.96,231.14,109.22,0,965.2,april 20-april 26,CenterEast
Marianna,2019,Progeny PGY 9114VT2P,230.2,113,245,114,14.449654,30.2,20.5,2955.4,574.3,25.4,44,11,309.88,127,187.96,231.14,109.22,0,965.2,april 20-april 26,CenterEast
Marianna,2019,Progeny PGY 9117VT2P,229.6,113,245,117,14.411992,30.2,20.5,2955.4,574.3,25.4,44,11,309.88,127,187.96,231.14,109.22,0,965.2,april 20-april 26,CenterEast
Marianna,2019,DEKALB DKC 65-95,228.4,113,245,115,14.336668,30.2,20.5,2955.4,574.3,25.4,44,11,309.88,127,187.96,231.14,109.22,0,965.2,april 20-april 26,CenterEast
Marianna,2019,Local LC1878 VT2P,227,113,245,118,14.24879,30.2,20.5,2955.4,574.3,25.4,44,11,309.88,127,187.96,231.14,109.22,0,965.2,april 20-april 26,CenterEast
Marianna,2019,Local LC1776 VT2P,226.8,113,245,117,14.236236,30.2,20.5,2955.4,574.3,25.4,44,11,309.88,127,187.96,231.14,109.22,0,965.2,april 20-april 26,CenterEast
Marianna,2019,AgriGold A6659VT2RIB,226.3,113,245,116,14.204851,30.2,20.5,2955.4,574.3,25.4,44,11,309.88,127,187.96,231.14,109.22,0,965.2,april 20-april 26,CenterEast
Marianna,2019,LG5650VT2RIB,225.4,113,245,115,14.148358,30.2,20.5,2955.4,574.3,25.4,44,11,309.88,127,187.96,231.14,109.22,0,965.2,april 20-april 26,CenterEast
Marianna,2019,BH 8721VT2P,224.3,113,245,117,14.079311,30.2,20.5,2955.4,574.3,25.4,44,11,309.88,127,187.96,231.14,109.22,0,965.2,april 20-april 26,CenterEast
Marianna,2019,AgriGold A644-32TRCRIB,224.2,113,245,114,14.073034,30.2,20.5,2955.4,574.3,25.4,44,11,309.88,127,187.96,231.14,109.22,0,965.2,april 20-april 26,CenterEast
Marianna,2019,Dyna-Gro D57VC17,224.2,113,245,117,14.073034,30.2,20.5,2955.4,574.3,25.4,44,11,309.88,127,187.96,231.14,109.22,0,965.2,april 20-april 26,CenterEast
Marianna,2019,Progeny PGY 5115VT2P,224.1,113,245,115,14.066757,30.2,20.5,2955.4,574.3,25.4,44,11,309.88,127,187.96,231.14,109.22,0,965.2,april 20-april 26,CenterEast
Marianna,2019,Hefty H6714,223.9,113,245,117,14.054203,30.2,20.5,2955.4,574.3,25.4,44,11,309.88,127,187.96,231.14,109.22,0,965.2,april 20-april 26,CenterEast
Marianna,2019,Progeny PGY EXP1918,223.7,113,245,118,14.041649,30.2,20.5,2955.4,574.3,25.4,44,11,309.88,127,187.96,231.14,109.22,0,965.2,april 20-april 26,CenterEast
Marianna,2019,Dyna-Gro D57VC51,223.5,113,245,117,14.029095,30.2,20.5,2955.4,574.3,25.4,44,11,309.88,127,187.96,231.14,109.22,0,965.2,april 20-april 26,CenterEast
Marianna,2019,REV 26BHR30,223.2,113,245,116,14.010264,30.2,20.5,2955.4,574.3,25.4,44,11,309.88,127,187.96,231.14,109.22,0,965.2,april 20-april 26,CenterEast
Marianna,2019,Local LC1795 VT2P,223.2,113,245,117,14.010264,30.2,20.5,2955.4,574.3,25.4,44,11,309.88,127,187.96,231.14,109.22,0,965.2,april 20-april 26,CenterEast
Marianna,2019,LG64C30TRC,222.9,113,245,114,13.991433,30.2,20.5,2955.4,574.3,25.4,44,11,309.88,127,187.96,231.14,109.22,0,965.2,april 20-april 26,CenterEast
Marianna,2019,Armor A1118 VT2P,222.7,113,245,111,13.978879,30.2,20.5,2955.4,574.3,25.4,44,11,309.88,127,187.96,231.14,109.22,0,965.2,april 20-april 26,CenterEast
Marianna,2019,REV 25BHR89,222.6,113,245,115,13.972602,30.2,20.5,2955.4,574.3,25.4,44,11,309.88,127,187.96,231.14,109.22,0,965.2,april 20-april 26,CenterEast
Marianna,2019,Mission A1687VT2P,222.6,113,245,116,13.972602,30.2,20.5,2955.4,574.3,25.4,44,11,309.88,127,187.96,231.14,109.22,0,965.2,april 20-april 26,CenterEast
Marianna,2019,AgriGold A6572VT2RIB,222.2,113,245,114,13.947494,30.2,20.5,2955.4,574.3,25.4,44,11,309.88,127,187.96,231.14,109.22,0,965.2,april 20-april 26,CenterEast
Marianna,2019,Local AV7516 YHB,221.2,113,245,116,13.884724,30.2,20.5,2955.4,574.3,25.4,44,11,309.88,127,187.96,231.14,109.22,0,965.2,april 20-april 26,CenterEast
Marianna,2019,Progeny PGY EXP1912,220.9,113,245,112,13.865893,30.2,20.5,2955.4,574.3,25.4,44,11,309.88,127,187.96,231.14,109.22,0,965.2,april 20-april 26,CenterEast
Marianna,2019,Progeny PGY 6116VT2P,220.5,113,245,116,13.840785,30.2,20.5,2955.4,574.3,25.4,44,11,309.88,127,187.96,231.14,109.22,0,965.2,april 20-april 26,CenterEast
Marianna,2019,Local LC1577 VT2P,220.4,113,245,115,13.834508,30.2,20.5,2955.4,574.3,25.4,44,11,309.88,127,187.96,231.14,109.22,0,965.2,april 20-april 26,CenterEast
Marianna,2019,Local AV8614 YHB,218.9,113,245,114,13.740353,30.2,20.5,2955.4,574.3,25.4,44,11,309.88,127,187.96,231.14,109.22,0,965.2,april 20-april 26,CenterEast
Marianna,2019,Armor A1688T,218.9,113,245,116,13.740353,30.2,20.5,2955.4,574.3,25.4,44,11,309.88,127,187.96,231.14,109.22,0,965.2,april 20-april 26,CenterEast
Marianna,2019,Pioneer P1847VYHR,218.7,113,245,118,13.727799,30.2,20.5,2955.4,574.3,25.4,44,11,309.88,127,187.96,231.14,109.22,0,965.2,april 20-april 26,CenterEast
Marianna,2019,Progeny PGY EXP1915,218.5,113,245,115,13.715245,30.2,20.5,2955.4,574.3,25.4,44,11,309.88,127,187.96,231.14,109.22,0,965.2,april 20-april 26,CenterEast
Marianna,2019,Local LC1289 VT2P,218.1,113,245,112,13.690137,30.2,20.5,2955.4,574.3,25.4,44,11,309.88,127,187.96,231.14,109.22,0,965.2,april 20-april 26,CenterEast
Marianna,2019,Local LC1488 VT2P,218.1,113,245,114,13.690137,30.2,20.5,2955.4,574.3,25.4,44,11,309.88,127,187.96,231.14,109.22,0,965.2,april 20-april 26,CenterEast
Marianna,2019,Local LC1987 VT2P,217.7,113,245,119,13.665029,30.2,20.5,2955.4,574.3,25.4,44,11,309.88,127,187.96,231.14,109.22,0,965.2,april 20-april 26,CenterEast
Marianna,2019,Taylor EXP 88-13,217.5,113,245,113,13.652475,30.2,20.5,2955.4,574.3,25.4,44,11,309.88,127,187.96,231.14,109.22,0,965.2,april 20-april 26,CenterEast
Marianna,2019,Armor X9115 VT2P,217.3,113,245,115,13.639921,30.2,20.5,2955.4,574.3,25.4,44,11,309.88,127,187.96,231.14,109.22,0,965.2,april 20-april 26,CenterEast
Marianna,2019,Hefty H6214,217.1,113,245,112,13.627367,30.2,20.5,2955.4,574.3,25.4,44,11,309.88,127,187.96,231.14,109.22,0,965.2,april 20-april 26,CenterEast
Marianna,2019,Local LC1586 TC,217,113,245,115,13.62109,30.2,20.5,2955.4,574.3,25.4,44,11,309.88,127,187.96,231.14,109.22,0,965.2,april 20-april 26,CenterEast
Marianna,2019,Armor A1810 VT2P,216.4,113,245,119,13.583428,30.2,20.5,2955.4,574.3,25.4,44,11,309.88,127,187.96,231.14,109.22,0,965.2,april 20-april 26,CenterEast
Marianna,2019,REV 2858SXE,216,113,245,118,13.55832,30.2,20.5,2955.4,574.3,25.4,44,11,309.88,127,187.96,231.14,109.22,0,965.2,april 20-april 26,CenterEast
Marianna,2019,Progeny PGY 6119VT2P,215.9,113,245,119,13.552043,30.2,20.5,2955.4,574.3,25.4,44,11,309.88,127,187.96,231.14,109.22,0,965.2,april 20-april 26,CenterEast
Marianna,2019,Armor A1299 VT2P,215.4,113,245,112,13.520658,30.2,20.5,2955.4,574.3,25.4,44,11,309.88,127,187.96,231.14,109.22,0,965.2,april 20-april 26,CenterEast
Marianna,2019,BH XP 8780SS,215.1,113,245,112,13.501827,30.2,20.5,2955.4,574.3,25.4,44,11,309.88,127,187.96,231.14,109.22,0,965.2,april 20-april 26,CenterEast
Marianna,2019,Dyna-Gro D54VC14,215,113,245,114,13.49555,30.2,20.5,2955.4,574.3,25.4,44,11,309.88,127,187.96,231.14,109.22,0,965.2,april 20-april 26,CenterEast
Marianna,2019,Pioneer P1870YHR,214.8,113,245,118,13.482996,30.2,20.5,2955.4,574.3,25.4,44,11,309.88,127,187.96,231.14,109.22,0,965.2,april 20-april 26,CenterEast
Marianna,2019,Dyna-Gro D58VC65,214.3,113,245,118,13.451611,30.2,20.5,2955.4,574.3,25.4,44,11,309.88,127,187.96,231.14,109.22,0,965.2,april 20-april 26,CenterEast
Marianna,2019,Taylor EXP 88-14,214,113,245,114,13.43278,30.2,20.5,2955.4,574.3,25.4,44,11,309.88,127,187.96,231.14,109.22,0,965.2,april 20-april 26,CenterEast
Marianna,2019,Dyna-Gro D55VC80,212.7,113,245,115,13.351179,30.2,20.5,2955.4,574.3,25.4,44,11,309.88,127,187.96,231.14,109.22,0,965.2,april 20-april 26,CenterEast
Marianna,2019,REV 24BHR99,212.7,113,245,114,13.351179,30.2,20.5,2955.4,574.3,25.4,44,11,309.88,127,187.96,231.14,109.22,0,965.2,april 20-april 26,CenterEast
Marianna,2019,Local LCX16-91,212.2,113,245,116,13.319794,30.2,20.5,2955.4,574.3,25.4,44,11,309.88,127,187.96,231.14,109.22,0,965.2,april 20-april 26,CenterEast
Marianna,2019,BH XP 8509TRE,212.1,113,245,115,13.313517,30.2,20.5,2955.4,574.3,25.4,44,11,309.88,127,187.96,231.14,109.22,0,965.2,april 20-april 26,CenterEast
Marianna,2019,Taylor EXP 88-16,212,113,245,116,13.30724,30.2,20.5,2955.4,574.3,25.4,44,11,309.88,127,187.96,231.14,109.22,0,965.2,april 20-april 26,CenterEast
Marianna,2019,Progeny PGY EXP1913,211.3,113,245,113,13.263301,30.2,20.5,2955.4,574.3,25.4,44,11,309.88,127,187.96,231.14,109.22,0,965.2,april 20-april 26,CenterEast
Marianna,2019,Taylor EXP 88-17,210.5,113,245,117,13.213085,30.2,20.5,2955.4,574.3,25.4,44,11,309.88,127,187.96,231.14,109.22,0,965.2,april 20-april 26,CenterEast
Marianna,2019,REV 24BHR70,207.7,113,245,114,13.037329,30.2,20.5,2955.4,574.3,25.4,44,11,309.88,127,187.96,231.14,109.22,0,965.2,april 20-april 26,CenterEast
Marianna,2019,REV 28BHR18,207.5,113,245,118,13.024775,30.2,20.5,2955.4,574.3,25.4,44,11,309.88,127,187.96,231.14,109.22,0,965.2,april 20-april 26,CenterEast
Marianna,2019,Croplan C5678 VT2P,206.8,113,245,116,12.980836,30.2,20.5,2955.4,574.3,25.4,44,11,309.88,127,187.96,231.14,109.22,0,965.2,april 20-april 26,CenterEast
Marianna,2019,Hefty H6635,206.2,113,245,116,12.943174,30.2,20.5,2955.4,574.3,25.4,44,11,309.88,127,187.96,231.14,109.22,0,965.2,april 20-april 26,CenterEast
Marianna,2019,LG62C02VT2RIB,204.9,113,245,112,12.861573,30.2,20.5,2955.4,574.3,25.4,44,11,309.88,127,187.96,231.14,109.22,0,965.2,april 20-april 26,CenterEast
Marianna,2019,Hefty H6532,204.3,113,245,115,12.823911,30.2,20.5,2955.4,574.3,25.4,44,11,309.88,127,187.96,231.14,109.22,0,965.2,april 20-april 26,CenterEast
Marianna,2019,Local LC0877 VT2P,190.6,113,245,108,11.963962,30.2,20.5,2955.4,574.3,25.4,44,11,309.88,127,187.96,231.14,109.22,0,965.2,april 20-april 26,CenterEast
Stuttgart,2019,Armor X9115 VT2P,259,112,253,115,16.25743,30.4665493,20.59746479,3154.13,580.18,25.53200704,51,18,167.64,12.7,22.86,63.5,93.98,0,360.68,april 20-april 26,SouthEast
Stuttgart,2019,Dyna-Gro D55VC80,258.5,112,253,115,16.226045,30.4665493,20.59746479,3154.13,580.18,25.53200704,51,18,167.64,12.7,22.86,63.5,93.98,0,360.68,april 20-april 26,SouthEast
Stuttgart,2019,DEKALB DKC 70-27,258.3,112,253,120,16.213491,30.4665493,20.59746479,3154.13,580.18,25.53200704,51,18,167.64,12.7,22.86,63.5,93.98,0,360.68,april 20-april 26,SouthEast
Stuttgart,2019,REV 25BHR80,256.3,112,253,115,16.087951,30.4665493,20.59746479,3154.13,580.18,25.53200704,51,18,167.64,12.7,22.86,63.5,93.98,0,360.68,april 20-april 26,SouthEast
Stuttgart,2019,DEKALB DKC 67-44,256.2,112,253,117,16.081674,30.4665493,20.59746479,3154.13,580.18,25.53200704,51,18,167.64,12.7,22.86,63.5,93.98,0,360.68,april 20-april 26,SouthEast
Stuttgart,2019,Pioneer P1464VYHR,255.8,112,253,114,16.056566,30.4665493,20.59746479,3154.13,580.18,25.53200704,51,18,167.64,12.7,22.86,63.5,93.98,0,360.68,april 20-april 26,SouthEast
Stuttgart,2019,Armor X9115B VT2P,255.7,112,253,115,16.050289,30.4665493,20.59746479,3154.13,580.18,25.53200704,51,18,167.64,12.7,22.86,63.5,93.98,0,360.68,april 20-april 26,SouthEast
Stuttgart,2019,AgriGold A645-16VT2PRO,254.9,112,253,115,16.000073,30.4665493,20.59746479,3154.13,580.18,25.53200704,51,18,167.64,12.7,22.86,63.5,93.98,0,360.68,april 20-april 26,SouthEast
Stuttgart,2019,REV 25BHR89,252.7,112,253,115,15.861979,30.4665493,20.59746479,3154.13,580.18,25.53200704,51,18,167.64,12.7,22.86,63.5,93.98,0,360.68,april 20-april 26,SouthEast
Stuttgart,2019,DEKALB DKC 68-69,252,112,253,118,15.81804,30.4665493,20.59746479,3154.13,580.18,25.53200704,51,18,167.64,12.7,22.86,63.5,93.98,0,360.68,april 20-april 26,SouthEast
Stuttgart,2019,AgriGold A6572VT2RIB,251.9,112,253,114,15.811763,30.4665493,20.59746479,3154.13,580.18,25.53200704,51,18,167.64,12.7,22.86,63.5,93.98,0,360.68,april 20-april 26,SouthEast
Stuttgart,2019,REV 28BHR18,249.8,112,253,118,15.679946,30.4665493,20.59746479,3154.13,580.18,25.53200704,51,18,167.64,12.7,22.86,63.5,93.98,0,360.68,april 20-april 26,SouthEast
Stuttgart,2019,Local AV7516 YHB,248.9,112,253,116,15.623453,30.4665493,20.59746479,3154.13,580.18,25.53200704,51,18,167.64,12.7,22.86,63.5,93.98,0,360.68,april 20-april 26,SouthEast
Stuttgart,2019,DEKALB DKC 66-75,248.6,112,253,116,15.604622,30.4665493,20.59746479,3154.13,580.18,25.53200704,51,18,167.64,12.7,22.86,63.5,93.98,0,360.68,april 20-april 26,SouthEast
Stuttgart,2019,Progeny PGY EXP1913,248.4,112,253,113,15.592068,30.4665493,20.59746479,3154.13,580.18,25.53200704,51,18,167.64,12.7,22.86,63.5,93.98,0,360.68,april 20-april 26,SouthEast
Stuttgart,2019,REV 24BHR99,248.2,112,253,114,15.579514,30.4665493,20.59746479,3154.13,580.18,25.53200704,51,18,167.64,12.7,22.86,63.5,93.98,0,360.68,april 20-april 26,SouthEast
Stuttgart,2019,Pioneer P1870YHR,246.8,112,253,118,15.491636,30.4665493,20.59746479,3154.13,580.18,25.53200704,51,18,167.64,12.7,22.86,63.5,93.98,0,360.68,april 20-april 26,SouthEast
Stuttgart,2019,REV 26BHR30,245.1,112,253,116,15.384927,30.4665493,20.59746479,3154.13,580.18,25.53200704,51,18,167.64,12.7,22.86,63.5,93.98,0,360.68,april 20-april 26,SouthEast
Stuttgart,2019,Local AV8614 YHB,243.7,112,253,114,15.297049,30.4665493,20.59746479,3154.13,580.18,25.53200704,51,18,167.64,12.7,22.86,63.5,93.98,0,360.68,april 20-april 26,SouthEast
Stuttgart,2019,BH XP 8780SS,243.1,112,253,112,15.259387,30.4665493,20.59746479,3154.13,580.18,25.53200704,51,18,167.64,12.7,22.86,63.5,93.98,0,360.68,april 20-april 26,SouthEast
Stuttgart,2019,Local LC1795 VT2P,242.8,112,253,117,15.240556,30.4665493,20.59746479,3154.13,580.18,25.53200704,51,18,167.64,12.7,22.86,63.5,93.98,0,360.68,april 20-april 26,SouthEast
Stuttgart,2019,LG64C30TRC,242.8,112,253,114,15.240556,30.4665493,20.59746479,3154.13,580.18,25.53200704,51,18,167.64,12.7,22.86,63.5,93.98,0,360.68,april 20-april 26,SouthEast
Stuttgart,2019,Taylor EXP 88-16,242.7,112,253,116,15.234279,30.4665493,20.59746479,3154.13,580.18,25.53200704,51,18,167.64,12.7,22.86,63.5,93.98,0,360.68,april 20-april 26,SouthEast
Stuttgart,2019,Croplan C5678 VT2P,241.6,112,253,116,15.165232,30.4665493,20.59746479,3154.13,580.18,25.53200704,51,18,167.64,12.7,22.86,63.5,93.98,0,360.68,april 20-april 26,SouthEast
Stuttgart,2019,AgriGold A6659VT2RIB,240.9,112,253,116,15.121293,30.4665493,20.59746479,3154.13,580.18,25.53200704,51,18,167.64,12.7,22.86,63.5,93.98,0,360.68,april 20-april 26,SouthEast
Stuttgart,2019,AgriGold A644-32TRCRIB,240,112,253,114,15.0648,30.4665493,20.59746479,3154.13,580.18,25.53200704,51,18,167.64,12.7,22.86,63.5,93.98,0,360.68,april 20-april 26,SouthEast
Stuttgart,2019,Progeny PGY 9117VT2P,240,112,253,117,15.0648,30.4665493,20.59746479,3154.13,580.18,25.53200704,51,18,167.64,12.7,22.86,63.5,93.98,0,360.68,april 20-april 26,SouthEast
Stuttgart,2019,Progeny PGY 8116SS,239.4,112,253,116,15.027138,30.4665493,20.59746479,3154.13,580.18,25.53200704,51,18,167.64,12.7,22.86,63.5,93.98,0,360.68,april 20-april 26,SouthEast
Stuttgart,2019,AgriGold A6544VT2RIB,239.2,112,253,113,15.014584,30.4665493,20.59746479,3154.13,580.18,25.53200704,51,18,167.64,12.7,22.86,63.5,93.98,0,360.68,april 20-april 26,SouthEast
Stuttgart,2019,Hefty H6714,238.5,112,253,117,14.970645,30.4665493,20.59746479,3154.13,580.18,25.53200704,51,18,167.64,12.7,22.86,63.5,93.98,0,360.68,april 20-april 26,SouthEast
Stuttgart,2019,Local LC1289 VT2P,238.4,112,253,112,14.964368,30.4665493,20.59746479,3154.13,580.18,25.53200704,51,18,167.64,12.7,22.86,63.5,93.98,0,360.68,april 20-april 26,SouthEast
Stuttgart,2019,LG5643VT2RIB,238.2,112,253,114,14.951814,30.4665493,20.59746479,3154.13,580.18,25.53200704,51,18,167.64,12.7,22.86,63.5,93.98,0,360.68,april 20-april 26,SouthEast
Stuttgart,2019,Local LC1878 VT2P,237.7,112,253,118,14.920429,30.4665493,20.59746479,3154.13,580.18,25.53200704,51,18,167.64,12.7,22.86,63.5,93.98,0,360.68,april 20-april 26,SouthEast
Stuttgart,2019,Dyna-Gro D58VC65,237.1,112,253,118,14.882767,30.4665493,20.59746479,3154.13,580.18,25.53200704,51,18,167.64,12.7,22.86,63.5,93.98,0,360.68,april 20-april 26,SouthEast
Stuttgart,2019,Armor A1299 VT2P,236.7,112,253,112,14.857659,30.4665493,20.59746479,3154.13,580.18,25.53200704,51,18,167.64,12.7,22.86,63.5,93.98,0,360.68,april 20-april 26,SouthEast
Stuttgart,2019,Dyna-Gro D57VC17,235.6,112,253,117,14.788612,30.4665493,20.59746479,3154.13,580.18,25.53200704,51,18,167.64,12.7,22.86,63.5,93.98,0,360.68,april 20-april 26,SouthEast
Stuttgart,2019,REV 2858SXE,235.4,112,253,118,14.776058,30.4665493,20.59746479,3154.13,580.18,25.53200704,51,18,167.64,12.7,22.86,63.5,93.98,0,360.68,april 20-april 26,SouthEast
Stuttgart,2019,Local LC1488 VT2P,235.4,112,253,114,14.776058,30.4665493,20.59746479,3154.13,580.18,25.53200704,51,18,167.64,12.7,22.86,63.5,93.98,0,360.68,april 20-april 26,SouthEast
Stuttgart,2019,BH 8721VT2P,234.8,112,253,117,14.738396,30.4665493,20.59746479,3154.13,580.18,25.53200704,51,18,167.64,12.7,22.86,63.5,93.98,0,360.68,april 20-april 26,SouthEast
Stuttgart,2019,Pioneer P1847VYHR,233.9,112,253,118,14.681903,30.4665493,20.59746479,3154.13,580.18,25.53200704,51,18,167.64,12.7,22.86,63.5,93.98,0,360.68,april 20-april 26,SouthEast
Stuttgart,2019,LG5650VT2RIB,233.9,112,253,115,14.681903,30.4665493,20.59746479,3154.13,580.18,25.53200704,51,18,167.64,12.7,22.86,63.5,93.98,0,360.68,april 20-april 26,SouthEast
Stuttgart,2019,Local LC1987 VT2P,233.6,112,253,119,14.663072,30.4665493,20.59746479,3154.13,580.18,25.53200704,51,18,167.64,12.7,22.86,63.5,93.98,0,360.68,april 20-april 26,SouthEast
Stuttgart,2019,Progeny PGY EXP1912,233.3,112,253,112,14.644241,30.4665493,20.59746479,3154.13,580.18,25.53200704,51,18,167.64,12.7,22.86,63.5,93.98,0,360.68,april 20-april 26,SouthEast
Stuttgart,2019,Progeny PGY EXP1915,232.8,112,253,115,14.612856,30.4665493,20.59746479,3154.13,580.18,25.53200704,51,18,167.64,12.7,22.86,63.5,93.98,0,360.68,april 20-april 26,SouthEast
Stuttgart,2019,DEKALB DKC 62-53,232.5,112,253,112,14.594025,30.4665493,20.59746479,3154.13,580.18,25.53200704,51,18,167.64,12.7,22.86,63.5,93.98,0,360.68,april 20-april 26,SouthEast
Stuttgart,2019,Mission A1687VT2P,232.2,112,253,116,14.575194,30.4665493,20.59746479,3154.13,580.18,25.53200704,51,18,167.64,12.7,22.86,63.5,93.98,0,360.68,april 20-april 26,SouthEast
Stuttgart,2019,AgriGold A647-46VT2PRO,232.1,112,253,117,14.568917,30.4665493,20.59746479,3154.13,580.18,25.53200704,51,18,167.64,12.7,22.86,63.5,93.98,0,360.68,april 20-april 26,SouthEast
Stuttgart,2019,Armor A1778 VT2P,231.6,112,253,117,14.537532,30.4665493,20.59746479,3154.13,580.18,25.53200704,51,18,167.64,12.7,22.86,63.5,93.98,0,360.68,april 20-april 26,SouthEast
Stuttgart,2019,DEKALB DKC 65-99,231.5,112,253,115,14.531255,30.4665493,20.59746479,3154.13,580.18,25.53200704,51,18,167.64,12.7,22.86,63.5,93.98,0,360.68,april 20-april 26,SouthEast
Stuttgart,2019,DEKALB DKC 65-95,231.4,112,253,115,14.524978,30.4665493,20.59746479,3154.13,580.18,25.53200704,51,18,167.64,12.7,22.86,63.5,93.98,0,360.68,april 20-april 26,SouthEast
Stuttgart,2019,BH XP 8509TRE,231.3,112,253,115,14.518701,30.4665493,20.59746479,3154.13,580.18,25.53200704,51,18,167.64,12.7,22.86,63.5,93.98,0,360.68,april 20-april 26,SouthEast
Stuttgart,2019,Progeny PGY 6116VT2P,231.1,112,253,116,14.506147,30.4665493,20.59746479,3154.13,580.18,25.53200704,51,18,167.64,12.7,22.86,63.5,93.98,0,360.68,april 20-april 26,SouthEast
Stuttgart,2019,Armor A1688T,230.6,112,253,116,14.474762,30.4665493,20.59746479,3154.13,580.18,25.53200704,51,18,167.64,12.7,22.86,63.5,93.98,0,360.68,april 20-april 26,SouthEast
Stuttgart,2019,Local LCX16-91,230.3,112,253,116,14.455931,30.4665493,20.59746479,3154.13,580.18,25.53200704,51,18,167.64,12.7,22.86,63.5,93.98,0,360.68,april 20-april 26,SouthEast
Stuttgart,2019,Armor A1118 VT2P,229.3,112,253,111,14.393161,30.4665493,20.59746479,3154.13,580.18,25.53200704,51,18,167.64,12.7,22.86,63.5,93.98,0,360.68,april 20-april 26,SouthEast
Stuttgart,2019,Local LC1577 VT2P,229,112,253,115,14.37433,30.4665493,20.59746479,3154.13,580.18,25.53200704,51,18,167.64,12.7,22.86,63.5,93.98,0,360.68,april 20-april 26,SouthEast
Stuttgart,2019,Taylor EXP 88-13,227.5,112,253,113,14.280175,30.4665493,20.59746479,3154.13,580.18,25.53200704,51,18,167.64,12.7,22.86,63.5,93.98,0,360.68,april 20-april 26,SouthEast
Stuttgart,2019,Local LC1776 VT2P,227.1,112,253,117,14.255067,30.4665493,20.59746479,3154.13,580.18,25.53200704,51,18,167.64,12.7,22.86,63.5,93.98,0,360.68,april 20-april 26,SouthEast
Stuttgart,2019,Dyna-Gro D54VC14,226.8,112,253,114,14.236236,30.4665493,20.59746479,3154.13,580.18,25.53200704,51,18,167.64,12.7,22.86,63.5,93.98,0,360.68,april 20-april 26,SouthEast
Stuttgart,2019,Armor A1810 VT2P,226.2,112,253,119,14.198574,30.4665493,20.59746479,3154.13,580.18,25.53200704,51,18,167.64,12.7,22.86,63.5,93.98,0,360.68,april 20-april 26,SouthEast
Stuttgart,2019,REV 24BHR70,226,112,253,114,14.18602,30.4665493,20.59746479,3154.13,580.18,25.53200704,51,18,167.64,12.7,22.86,63.5,93.98,0,360.68,april 20-april 26,SouthEast
Stuttgart,2019,Taylor EXP 88-17,225.8,112,253,117,14.173466,30.4665493,20.59746479,3154.13,580.18,25.53200704,51,18,167.64,12.7,22.86,63.5,93.98,0,360.68,april 20-april 26,SouthEast
Stuttgart,2019,Dyna-Gro D57VC51,224.3,112,253,117,14.079311,30.4665493,20.59746479,3154.13,580.18,25.53200704,51,18,167.64,12.7,22.86,63.5,93.98,0,360.68,april 20-april 26,SouthEast
Stuttgart,2019,Hefty H6214,220.1,112,253,112,13.815677,30.4665493,20.59746479,3154.13,580.18,25.53200704,51,18,167.64,12.7,22.86,63.5,93.98,0,360.68,april 20-april 26,SouthEast
Stuttgart,2019,Progeny PGY 5115VT2P,219.3,112,253,115,13.765461,30.4665493,20.59746479,3154.13,580.18,25.53200704,51,18,167.64,12.7,22.86,63.5,93.98,0,360.68,april 20-april 26,SouthEast
Stuttgart,2019,Progeny PGY 6119VT2P,217.4,112,253,119,13.646198,30.4665493,20.59746479,3154.13,580.18,25.53200704,51,18,167.64,12.7,22.86,63.5,93.98,0,360.68,april 20-april 26,SouthEast
Stuttgart,2019,Progeny PGY EXP1918,215.6,112,253,118,13.533212,30.4665493,20.59746479,3154.13,580.18,25.53200704,51,18,167.64,12.7,22.86,63.5,93.98,0,360.68,april 20-april 26,SouthEast
Stuttgart,2019,Hefty H6532,215.1,112,253,115,13.501827,30.4665493,20.59746479,3154.13,580.18,25.53200704,51,18,167.64,12.7,22.86,63.5,93.98,0,360.68,april 20-april 26,SouthEast
Stuttgart,2019,Progeny PGY 9114VT2P,214.9,112,253,114,13.489273,30.4665493,20.59746479,3154.13,580.18,25.53200704,51,18,167.64,12.7,22.86,63.5,93.98,0,360.68,april 20-april 26,SouthEast
Stuttgart,2019,Taylor EXP 88-14,214.7,112,253,114,13.476719,30.4665493,20.59746479,3154.13,580.18,25.53200704,51,18,167.64,12.7,22.86,63.5,93.98,0,360.68,april 20-april 26,SouthEast
Stuttgart,2019,Local LC1586 TC,213.2,112,253,115,13.382564,30.4665493,20.59746479,3154.13,580.18,25.53200704,51,18,167.64,12.7,22.86,63.5,93.98,0,360.68,april 20-april 26,SouthEast
Stuttgart,2019,Hefty H6635,211.9,112,253,116,13.300963,30.4665493,20.59746479,3154.13,580.18,25.53200704,51,18,167.64,12.7,22.86,63.5,93.98,0,360.68,april 20-april 26,SouthEast
Stuttgart,2019,LG62C02VT2RIB,210.8,112,253,112,13.231916,30.4665493,20.59746479,3154.13,580.18,25.53200704,51,18,167.64,12.7,22.86,63.5,93.98,0,360.68,april 20-april 26,SouthEast
Stuttgart,2019,Local LC0877 VT2P,203.3,112,253,108,12.761141,30.4665493,20.59746479,3154.13,580.18,25.53200704,51,18,167.64,12.7,22.86,63.5,93.98,0,360.68,april 20-april 26,SouthEast
Rohwer,2019,DEKALB DKC 65-99,260.1,111,252,115,16.326477,31.31330986,20.82380282,3177.36,573.96,26.06855634,66,26,299.72,172.72,152.4,147.32,17.78,0,789.94,april 20-april 26,SouthEast
Rohwer,2019,Pioneer P1847VYHR,255.9,111,252,118,16.062843,31.31330986,20.82380282,3177.36,573.96,26.06855634,66,26,299.72,172.72,152.4,147.32,17.78,0,789.94,april 20-april 26,SouthEast
Rohwer,2019,REV 25BHR80,253.2,111,252,115,15.893364,31.31330986,20.82380282,3177.36,573.96,26.06855634,66,26,299.72,172.72,152.4,147.32,17.78,0,789.94,april 20-april 26,SouthEast
Rohwer,2019,Armor A1688T,247.8,111,252,116,15.554406,31.31330986,20.82380282,3177.36,573.96,26.06855634,66,26,299.72,172.72,152.4,147.32,17.78,0,789.94,april 20-april 26,SouthEast
Rohwer,2019,DEKALB DKC 70-27,245.7,111,252,120,15.422589,31.31330986,20.82380282,3177.36,573.96,26.06855634,66,26,299.72,172.72,152.4,147.32,17.78,0,789.94,april 20-april 26,SouthEast
Rohwer,2019,REV 26BHR30,244.6,111,252,116,15.353542,31.31330986,20.82380282,3177.36,573.96,26.06855634,66,26,299.72,172.72,152.4,147.32,17.78,0,789.94,april 20-april 26,SouthEast
Rohwer,2019,AgriGold A644-32TRCRIB,244,111,252,114,15.31588,31.31330986,20.82380282,3177.36,573.96,26.06855634,66,26,299.72,172.72,152.4,147.32,17.78,0,789.94,april 20-april 26,SouthEast
Rohwer,2019,Local AV8614 YHB,242.5,111,252,114,15.221725,31.31330986,20.82380282,3177.36,573.96,26.06855634,66,26,299.72,172.72,152.4,147.32,17.78,0,789.94,april 20-april 26,SouthEast
Rohwer,2019,DEKALB DKC 65-95,242.1,111,252,115,15.196617,31.31330986,20.82380282,3177.36,573.96,26.06855634,66,26,299.72,172.72,152.4,147.32,17.78,0,789.94,april 20-april 26,SouthEast
Rohwer,2019,REV 25BHR89,241.9,111,252,115,15.184063,31.31330986,20.82380282,3177.36,573.96,26.06855634,66,26,299.72,172.72,152.4,147.32,17.78,0,789.94,april 20-april 26,SouthEast
Rohwer,2019,BH XP 8509TRE,241.2,111,252,115,15.140124,31.31330986,20.82380282,3177.36,573.96,26.06855634,66,26,299.72,172.72,152.4,147.32,17.78,0,789.94,april 20-april 26,SouthEast
Rohwer,2019,LG5650VT2RIB,239.4,111,252,115,15.027138,31.31330986,20.82380282,3177.36,573.96,26.06855634,66,26,299.72,172.72,152.4,147.32,17.78,0,789.94,april 20-april 26,SouthEast
Rohwer,2019,AgriGold A6572VT2RIB,239.3,111,252,114,15.020861,31.31330986,20.82380282,3177.36,573.96,26.06855634,66,26,299.72,172.72,152.4,147.32,17.78,0,789.94,april 20-april 26,SouthEast
Rohwer,2019,Pioneer P1870YHR,238.5,111,252,118,14.970645,31.31330986,20.82380282,3177.36,573.96,26.06855634,66,26,299.72,172.72,152.4,147.32,17.78,0,789.94,april 20-april 26,SouthEast
Rohwer,2019,Pioneer P1464VYHR,238.3,111,252,114,14.958091,31.31330986,20.82380282,3177.36,573.96,26.06855634,66,26,299.72,172.72,152.4,147.32,17.78,0,789.94,april 20-april 26,SouthEast
Rohwer,2019,REV 24BHR70,236.6,111,252,114,14.851382,31.31330986,20.82380282,3177.36,573.96,26.06855634,66,26,299.72,172.72,152.4,147.32,17.78,0,789.94,april 20-april 26,SouthEast
Rohwer,2019,Local LC1878 VT2P,236.6,111,252,118,14.851382,31.31330986,20.82380282,3177.36,573.96,26.06855634,66,26,299.72,172.72,152.4,147.32,17.78,0,789.94,april 20-april 26,SouthEast
Rohwer,2019,DEKALB DKC 68-69,236.5,111,252,118,14.845105,31.31330986,20.82380282,3177.36,573.96,26.06855634,66,26,299.72,172.72,152.4,147.32,17.78,0,789.94,april 20-april 26,SouthEast
Rohwer,2019,Local AV7516 YHB,236.4,111,252,116,14.838828,31.31330986,20.82380282,3177.36,573.96,26.06855634,66,26,299.72,172.72,152.4,147.32,17.78,0,789.94,april 20-april 26,SouthEast
Rohwer,2019,Mission A1687VT2P,235.8,111,252,116,14.801166,31.31330986,20.82380282,3177.36,573.96,26.06855634,66,26,299.72,172.72,152.4,147.32,17.78,0,789.94,april 20-april 26,SouthEast
Rohwer,2019,LG64C30TRC,235.8,111,252,114,14.801166,31.31330986,20.82380282,3177.36,573.96,26.06855634,66,26,299.72,172.72,152.4,147.32,17.78,0,789.94,april 20-april 26,SouthEast
Rohwer,2019,DEKALB DKC 67-44,234.9,111,252,117,14.744673,31.31330986,20.82380282,3177.36,573.96,26.06855634,66,26,299.72,172.72,152.4,147.32,17.78,0,789.94,april 20-april 26,SouthEast
Rohwer,2019,Armor A1810 VT2P,234.2,111,252,119,14.700734,31.31330986,20.82380282,3177.36,573.96,26.06855634,66,26,299.72,172.72,152.4,147.32,17.78,0,789.94,april 20-april 26,SouthEast
Rohwer,2019,Armor A1778 VT2P,233.6,111,252,117,14.663072,31.31330986,20.82380282,3177.36,573.96,26.06855634,66,26,299.72,172.72,152.4,147.32,17.78,0,789.94,april 20-april 26,SouthEast
Rohwer,2019,Local LC1577 VT2P,233.3,111,252,115,14.644241,31.31330986,20.82380282,3177.36,573.96,26.06855634,66,26,299.72,172.72,152.4,147.32,17.78,0,789.94,april 20-april 26,SouthEast
Rohwer,2019,Local LC1586 TC,232.8,111,252,115,14.612856,31.31330986,20.82380282,3177.36,573.96,26.06855634,66,26,299.72,172.72,152.4,147.32,17.78,0,789.94,april 20-april 26,SouthEast
Rohwer,2019,Dyna-Gro D55VC80,232.7,111,252,115,14.606579,31.31330986,20.82380282,3177.36,573.96,26.06855634,66,26,299.72,172.72,152.4,147.32,17.78,0,789.94,april 20-april 26,SouthEast
Rohwer,2019,Local LC1776 VT2P,232,111,252,117,14.56264,31.31330986,20.82380282,3177.36,573.96,26.06855634,66,26,299.72,172.72,152.4,147.32,17.78,0,789.94,april 20-april 26,SouthEast
Rohwer,2019,Progeny PGY 9114VT2P,230.9,111,252,114,14.493593,31.31330986,20.82380282,3177.36,573.96,26.06855634,66,26,299.72,172.72,152.4,147.32,17.78,0,789.94,april 20-april 26,SouthEast
Rohwer,2019,AgriGold A6544VT2RIB,230.5,111,252,113,14.468485,31.31330986,20.82380282,3177.36,573.96,26.06855634,66,26,299.72,172.72,152.4,147.32,17.78,0,789.94,april 20-april 26,SouthEast
Rohwer,2019,Progeny PGY 6116VT2P,230.4,111,252,116,14.462208,31.31330986,20.82380282,3177.36,573.96,26.06855634,66,26,299.72,172.72,152.4,147.32,17.78,0,789.94,april 20-april 26,SouthEast
Rohwer,2019,Progeny PGY 8116SS,230.4,111,252,116,14.462208,31.31330986,20.82380282,3177.36,573.96,26.06855634,66,26,299.72,172.72,152.4,147.32,17.78,0,789.94,april 20-april 26,SouthEast
Rohwer,2019,LG5643VT2RIB,230.2,111,252,114,14.449654,31.31330986,20.82380282,3177.36,573.96,26.06855634,66,26,299.72,172.72,152.4,147.32,17.78,0,789.94,april 20-april 26,SouthEast
Rohwer,2019,Armor A1118 VT2P,230,111,252,111,14.4371,31.31330986,20.82380282,3177.36,573.96,26.06855634,66,26,299.72,172.72,152.4,147.32,17.78,0,789.94,april 20-april 26,SouthEast
Rohwer,2019,DEKALB DKC 62-53,229.8,111,252,112,14.424546,31.31330986,20.82380282,3177.36,573.96,26.06855634,66,26,299.72,172.72,152.4,147.32,17.78,0,789.94,april 20-april 26,SouthEast
Rohwer,2019,Dyna-Gro D57VC51,229.4,111,252,117,14.399438,31.31330986,20.82380282,3177.36,573.96,26.06855634,66,26,299.72,172.72,152.4,147.32,17.78,0,789.94,april 20-april 26,SouthEast
Rohwer,2019,Progeny PGY 9117VT2P,229.2,111,252,117,14.386884,31.31330986,20.82380282,3177.36,573.96,26.06855634,66,26,299.72,172.72,152.4,147.32,17.78,0,789.94,april 20-april 26,SouthEast
Rohwer,2019,Dyna-Gro D57VC17,229.1,111,252,117,14.380607,31.31330986,20.82380282,3177.36,573.96,26.06855634,66,26,299.72,172.72,152.4,147.32,17.78,0,789.94,april 20-april 26,SouthEast
Rohwer,2019,Local LC1795 VT2P,228.6,111,252,117,14.349222,31.31330986,20.82380282,3177.36,573.96,26.06855634,66,26,299.72,172.72,152.4,147.32,17.78,0,789.94,april 20-april 26,SouthEast
Rohwer,2019,Progeny PGY EXP1912,227.2,111,252,112,14.261344,31.31330986,20.82380282,3177.36,573.96,26.06855634,66,26,299.72,172.72,152.4,147.32,17.78,0,789.94,april 20-april 26,SouthEast
Rohwer,2019,Hefty H6714,226.8,111,252,117,14.236236,31.31330986,20.82380282,3177.36,573.96,26.06855634,66,26,299.72,172.72,152.4,147.32,17.78,0,789.94,april 20-april 26,SouthEast
Rohwer,2019,BH 8721VT2P,225.5,111,252,117,14.154635,31.31330986,20.82380282,3177.36,573.96,26.06855634,66,26,299.72,172.72,152.4,147.32,17.78,0,789.94,april 20-april 26,SouthEast
Rohwer,2019,AgriGold A645-16VT2PRO,225.3,111,252,115,14.142081,31.31330986,20.82380282,3177.36,573.96,26.06855634,66,26,299.72,172.72,152.4,147.32,17.78,0,789.94,april 20-april 26,SouthEast
Rohwer,2019,Local LCX16-91,224.7,111,252,116,14.104419,31.31330986,20.82380282,3177.36,573.96,26.06855634,66,26,299.72,172.72,152.4,147.32,17.78,0,789.94,april 20-april 26,SouthEast
Rohwer,2019,Progeny PGY 6119VT2P,223.5,111,252,119,14.029095,31.31330986,20.82380282,3177.36,573.96,26.06855634,66,26,299.72,172.72,152.4,147.32,17.78,0,789.94,april 20-april 26,SouthEast
Rohwer,2019,AgriGold A647-46VT2PRO,223.3,111,252,117,14.016541,31.31330986,20.82380282,3177.36,573.96,26.06855634,66,26,299.72,172.72,152.4,147.32,17.78,0,789.94,april 20-april 26,SouthEast
Rohwer,2019,Armor X9115 VT2P,223.3,111,252,115,14.016541,31.31330986,20.82380282,3177.36,573.96,26.06855634,66,26,299.72,172.72,152.4,147.32,17.78,0,789.94,april 20-april 26,SouthEast
Rohwer,2019,Taylor EXP 88-13,222.9,111,252,113,13.991433,31.31330986,20.82380282,3177.36,573.96,26.06855634,66,26,299.72,172.72,152.4,147.32,17.78,0,789.94,april 20-april 26,SouthEast
Rohwer,2019,Progeny PGY EXP1918,222.8,111,252,118,13.985156,31.31330986,20.82380282,3177.36,573.96,26.06855634,66,26,299.72,172.72,152.4,147.32,17.78,0,789.94,april 20-april 26,SouthEast
Rohwer,2019,Armor A1299 VT2P,222.8,111,252,112,13.985156,31.31330986,20.82380282,3177.36,573.96,26.06855634,66,26,299.72,172.72,152.4,147.32,17.78,0,789.94,april 20-april 26,SouthEast
Rohwer,2019,Dyna-Gro D54VC14,222.7,111,252,114,13.978879,31.31330986,20.82380282,3177.36,573.96,26.06855634,66,26,299.72,172.72,152.4,147.32,17.78,0,789.94,april 20-april 26,SouthEast
Rohwer,2019,Progeny PGY EXP1915,222.1,111,252,115,13.941217,31.31330986,20.82380282,3177.36,573.96,26.06855634,66,26,299.72,172.72,152.4,147.32,17.78,0,789.94,april 20-april 26,SouthEast
Rohwer,2019,DEKALB DKC 66-75,221.5,111,252,116,13.903555,31.31330986,20.82380282,3177.36,573.96,26.06855634,66,26,299.72,172.72,152.4,147.32,17.78,0,789.94,april 20-april 26,SouthEast
Rohwer,2019,Armor X9115B VT2P,221.4,111,252,115,13.897278,31.31330986,20.82380282,3177.36,573.96,26.06855634,66,26,299.72,172.72,152.4,147.32,17.78,0,789.94,april 20-april 26,SouthEast
Rohwer,2019,Local LC1488 VT2P,220.2,111,252,114,13.821954,31.31330986,20.82380282,3177.36,573.96,26.06855634,66,26,299.72,172.72,152.4,147.32,17.78,0,789.94,april 20-april 26,SouthEast
Rohwer,2019,REV 24BHR99,218.3,111,252,114,13.702691,31.31330986,20.82380282,3177.36,573.96,26.06855634,66,26,299.72,172.72,152.4,147.32,17.78,0,789.94,april 20-april 26,SouthEast
Rohwer,2019,Local LC1289 VT2P,217.4,111,252,112,13.646198,31.31330986,20.82380282,3177.36,573.96,26.06855634,66,26,299.72,172.72,152.4,147.32,17.78,0,789.94,april 20-april 26,SouthEast
Rohwer,2019,Hefty H6214,216.6,111,252,112,13.595982,31.31330986,20.82380282,3177.36,573.96,26.06855634,66,26,299.72,172.72,152.4,147.32,17.78,0,789.94,april 20-april 26,SouthEast
Rohwer,2019,LG62C02VT2RIB,215.8,111,252,112,13.545766,31.31330986,20.82380282,3177.36,573.96,26.06855634,66,26,299.72,172.72,152.4,147.32,17.78,0,789.94,april 20-april 26,SouthEast
Rohwer,2019,REV 28BHR18,215.6,111,252,118,13.533212,31.31330986,20.82380282,3177.36,573.96,26.06855634,66,26,299.72,172.72,152.4,147.32,17.78,0,789.94,april 20-april 26,SouthEast
Rohwer,2019,Progeny PGY EXP1913,214.6,111,252,113,13.470442,31.31330986,20.82380282,3177.36,573.96,26.06855634,66,26,299.72,172.72,152.4,147.32,17.78,0,789.94,april 20-april 26,SouthEast
Rohwer,2019,Progeny PGY 5115VT2P,214.5,111,252,115,13.464165,31.31330986,20.82380282,3177.36,573.96,26.06855634,66,26,299.72,172.72,152.4,147.32,17.78,0,789.94,april 20-april 26,SouthEast
Rohwer,2019,Taylor EXP 88-17,211.6,111,252,117,13.282132,31.31330986,20.82380282,3177.36,573.96,26.06855634,66,26,299.72,172.72,152.4,147.32,17.78,0,789.94,april 20-april 26,SouthEast
Rohwer,2019,REV 2858SXE,211.2,111,252,118,13.257024,31.31330986,20.82380282,3177.36,573.96,26.06855634,66,26,299.72,172.72,152.4,147.32,17.78,0,789.94,april 20-april 26,SouthEast
Rohwer,2019,Dyna-Gro D58VC65,207.9,111,252,118,13.049883,31.31330986,20.82380282,3177.36,573.96,26.06855634,66,26,299.72,172.72,152.4,147.32,17.78,0,789.94,april 20-april 26,SouthEast
Rohwer,2019,Hefty H6532,207.4,111,252,115,13.018498,31.31330986,20.82380282,3177.36,573.96,26.06855634,66,26,299.72,172.72,152.4,147.32,17.78,0,789.94,april 20-april 26,SouthEast
Rohwer,2019,Croplan C5678 VT2P,207.3,111,252,116,13.012221,31.31330986,20.82380282,3177.36,573.96,26.06855634,66,26,299.72,172.72,152.4,147.32,17.78,0,789.94,april 20-april 26,SouthEast
Rohwer,2019,AgriGold A6659VT2RIB,207.2,111,252,116,13.005944,31.31330986,20.82380282,3177.36,573.96,26.06855634,66,26,299.72,172.72,152.4,147.32,17.78,0,789.94,april 20-april 26,SouthEast
Rohwer,2019,Local LC1987 VT2P,206.7,111,252,119,12.974559,31.31330986,20.82380282,3177.36,573.96,26.06855634,66,26,299.72,172.72,152.4,147.32,17.78,0,789.94,april 20-april 26,SouthEast
Rohwer,2019,Taylor EXP 88-14,206.5,111,252,114,12.962005,31.31330986,20.82380282,3177.36,573.96,26.06855634,66,26,299.72,172.72,152.4,147.32,17.78,0,789.94,april 20-april 26,SouthEast
Rohwer,2019,BH XP 8780SS,204.5,111,252,112,12.836465,31.31330986,20.82380282,3177.36,573.96,26.06855634,66,26,299.72,172.72,152.4,147.32,17.78,0,789.94,april 20-april 26,SouthEast
Rohwer,2019,Hefty H6635,202.3,111,252,116,12.698371,31.31330986,20.82380282,3177.36,573.96,26.06855634,66,26,299.72,172.72,152.4,147.32,17.78,0,789.94,april 20-april 26,SouthEast
Rohwer,2019,Local LC0877 VT2P,202.2,111,252,108,12.692094,31.31330986,20.82380282,3177.36,573.96,26.06855634,66,26,299.72,172.72,152.4,147.32,17.78,0,789.94,april 20-april 26,SouthEast
Rohwer,2019,Taylor EXP 88-16,198.1,111,252,116,12.434737,31.31330986,20.82380282,3177.36,573.96,26.06855634,66,26,299.72,172.72,152.4,147.32,17.78,0,789.94,april 20-april 26,SouthEast
Bellfarm,2019,REV 25BHR89,247.7,112,252,115,15.548129,29.35829787,20.15716312,3135.83,574.85,24.7577305,28,2,226.06,157.48,76.2,106.68,78.74,0,642.62,april 20-april 26,CenterEast
Bellfarm,2019,AgriGold A6544VT2RIB,246.8,112,252,113,15.491636,29.35829787,20.15716312,3135.83,574.85,24.7577305,28,2,226.06,157.48,76.2,106.68,78.74,0,642.62,april 20-april 26,CenterEast
Bellfarm,2019,Local AV8614 YHB,242.1,112,252,114,15.196617,29.35829787,20.15716312,3135.83,574.85,24.7577305,28,2,226.06,157.48,76.2,106.68,78.74,0,642.62,april 20-april 26,CenterEast
Bellfarm,2019,BH XP 8509TRE,240.3,112,252,115,15.083631,29.35829787,20.15716312,3135.83,574.85,24.7577305,28,2,226.06,157.48,76.2,106.68,78.74,0,642.62,april 20-april 26,CenterEast
Bellfarm,2019,REV 26BHR30,236.7,112,252,116,14.857659,29.35829787,20.15716312,3135.83,574.85,24.7577305,28,2,226.06,157.48,76.2,106.68,78.74,0,642.62,april 20-april 26,CenterEast
Bellfarm,2019,AgriGold A647-46VT2PRO,235.4,112,252,117,14.776058,29.35829787,20.15716312,3135.83,574.85,24.7577305,28,2,226.06,157.48,76.2,106.68,78.74,0,642.62,april 20-april 26,CenterEast
Bellfarm,2019,Armor A1778 VT2P,233.8,112,252,117,14.675626,29.35829787,20.15716312,3135.83,574.85,24.7577305,28,2,226.06,157.48,76.2,106.68,78.74,0,642.62,april 20-april 26,CenterEast
Bellfarm,2019,LG5650VT2RIB,231.5,112,252,115,14.531255,29.35829787,20.15716312,3135.83,574.85,24.7577305,28,2,226.06,157.48,76.2,106.68,78.74,0,642.62,april 20-april 26,CenterEast
Bellfarm,2019,DEKALB DKC 68-69,231.4,112,252,118,14.524978,29.35829787,20.15716312,3135.83,574.85,24.7577305,28,2,226.06,157.48,76.2,106.68,78.74,0,642.62,april 20-april 26,CenterEast
Bellfarm,2019,Armor A1118 VT2P,230.3,112,252,111,14.455931,29.35829787,20.15716312,3135.83,574.85,24.7577305,28,2,226.06,157.48,76.2,106.68,78.74,0,642.62,april 20-april 26,CenterEast
Bellfarm,2019,LG5643VT2RIB,230.2,112,252,114,14.449654,29.35829787,20.15716312,3135.83,574.85,24.7577305,28,2,226.06,157.48,76.2,106.68,78.74,0,642.62,april 20-april 26,CenterEast
Bellfarm,2019,Armor A1688T,229.9,112,252,116,14.430823,29.35829787,20.15716312,3135.83,574.85,24.7577305,28,2,226.06,157.48,76.2,106.68,78.74,0,642.62,april 20-april 26,CenterEast
Bellfarm,2019,Local LC1577 VT2P,229.8,112,252,115,14.424546,29.35829787,20.15716312,3135.83,574.85,24.7577305,28,2,226.06,157.48,76.2,106.68,78.74,0,642.62,april 20-april 26,CenterEast
Bellfarm,2019,Local LC1776 VT2P,229.5,112,252,117,14.405715,29.35829787,20.15716312,3135.83,574.85,24.7577305,28,2,226.06,157.48,76.2,106.68,78.74,0,642.62,april 20-april 26,CenterEast
Bellfarm,2019,DEKALB DKC 65-99,229,112,252,115,14.37433,29.35829787,20.15716312,3135.83,574.85,24.7577305,28,2,226.06,157.48,76.2,106.68,78.74,0,642.62,april 20-april 26,CenterEast
Bellfarm,2019,DEKALB DKC 67-44,229,112,252,117,14.37433,29.35829787,20.15716312,3135.83,574.85,24.7577305,28,2,226.06,157.48,76.2,106.68,78.74,0,642.62,april 20-april 26,CenterEast
Bellfarm,2019,AgriGold A645-16VT2PRO,228.3,112,252,115,14.330391,29.35829787,20.15716312,3135.83,574.85,24.7577305,28,2,226.06,157.48,76.2,106.68,78.74,0,642.62,april 20-april 26,CenterEast
Bellfarm,2019,Pioneer P1464VYHR,228,112,252,114,14.31156,29.35829787,20.15716312,3135.83,574.85,24.7577305,28,2,226.06,157.48,76.2,106.68,78.74,0,642.62,april 20-april 26,CenterEast
Bellfarm,2019,Pioneer P1870YHR,228,112,252,118,14.31156,29.35829787,20.15716312,3135.83,574.85,24.7577305,28,2,226.06,157.48,76.2,106.68,78.74,0,642.62,april 20-april 26,CenterEast
Bellfarm,2019,Armor X9115B VT2P,226.4,112,252,115,14.211128,29.35829787,20.15716312,3135.83,574.85,24.7577305,28,2,226.06,157.48,76.2,106.68,78.74,0,642.62,april 20-april 26,CenterEast
Bellfarm,2019,Dyna-Gro D54VC14,223.8,112,252,114,14.047926,29.35829787,20.15716312,3135.83,574.85,24.7577305,28,2,226.06,157.48,76.2,106.68,78.74,0,642.62,april 20-april 26,CenterEast
Bellfarm,2019,Taylor EXP 88-13,223.7,112,252,113,14.041649,29.35829787,20.15716312,3135.83,574.85,24.7577305,28,2,226.06,157.48,76.2,106.68,78.74,0,642.62,april 20-april 26,CenterEast
Bellfarm,2019,Dyna-Gro D57VC17,222.5,112,252,117,13.966325,29.35829787,20.15716312,3135.83,574.85,24.7577305,28,2,226.06,157.48,76.2,106.68,78.74,0,642.62,april 20-april 26,CenterEast
Bellfarm,2019,Dyna-Gro D55VC80,221.2,112,252,115,13.884724,29.35829787,20.15716312,3135.83,574.85,24.7577305,28,2,226.06,157.48,76.2,106.68,78.74,0,642.62,april 20-april 26,CenterEast
Bellfarm,2019,DEKALB DKC 66-75,220.2,112,252,116,13.821954,29.35829787,20.15716312,3135.83,574.85,24.7577305,28,2,226.06,157.48,76.2,106.68,78.74,0,642.62,april 20-april 26,CenterEast
Bellfarm,2019,LG64C30TRC,219.9,112,252,114,13.803123,29.35829787,20.15716312,3135.83,574.85,24.7577305,28,2,226.06,157.48,76.2,106.68,78.74,0,642.62,april 20-april 26,CenterEast
Bellfarm,2019,Local AV7516 YHB,218.9,112,252,116,13.740353,29.35829787,20.15716312,3135.83,574.85,24.7577305,28,2,226.06,157.48,76.2,106.68,78.74,0,642.62,april 20-april 26,CenterEast
Bellfarm,2019,Progeny PGY 6116VT2P,218.4,112,252,116,13.708968,29.35829787,20.15716312,3135.83,574.85,24.7577305,28,2,226.06,157.48,76.2,106.68,78.74,0,642.62,april 20-april 26,CenterEast
Bellfarm,2019,REV 25BHR80,218.2,112,252,115,13.696414,29.35829787,20.15716312,3135.83,574.85,24.7577305,28,2,226.06,157.48,76.2,106.68,78.74,0,642.62,april 20-april 26,CenterEast
Bellfarm,2019,Progeny PGY 9114VT2P,217.9,112,252,114,13.677583,29.35829787,20.15716312,3135.83,574.85,24.7577305,28,2,226.06,157.48,76.2,106.68,78.74,0,642.62,april 20-april 26,CenterEast
Bellfarm,2019,REV 2858SXE,217.9,112,252,118,13.677583,29.35829787,20.15716312,3135.83,574.85,24.7577305,28,2,226.06,157.48,76.2,106.68,78.74,0,642.62,april 20-april 26,CenterEast
Bellfarm,2019,Dyna-Gro D58VC65,217.5,112,252,118,13.652475,29.35829787,20.15716312,3135.83,574.85,24.7577305,28,2,226.06,157.48,76.2,106.68,78.74,0,642.62,april 20-april 26,CenterEast
Bellfarm,2019,AgriGold A644-32TRCRIB,217.4,112,252,114,13.646198,29.35829787,20.15716312,3135.83,574.85,24.7577305,28,2,226.06,157.48,76.2,106.68,78.74,0,642.62,april 20-april 26,CenterEast
Bellfarm,2019,Local LC1987 VT2P,216.7,112,252,119,13.602259,29.35829787,20.15716312,3135.83,574.85,24.7577305,28,2,226.06,157.48,76.2,106.68,78.74,0,642.62,april 20-april 26,CenterEast
Bellfarm,2019,Progeny PGY EXP1918,216.5,112,252,118,13.589705,29.35829787,20.15716312,3135.83,574.85,24.7577305,28,2,226.06,157.48,76.2,106.68,78.74,0,642.62,april 20-april 26,CenterEast
Bellfarm,2019,Taylor EXP 88-14,216.4,112,252,114,13.583428,29.35829787,20.15716312,3135.83,574.85,24.7577305,28,2,226.06,157.48,76.2,106.68,78.74,0,642.62,april 20-april 26,CenterEast
Bellfarm,2019,Local LC1878 VT2P,216.3,112,252,118,13.577151,29.35829787,20.15716312,3135.83,574.85,24.7577305,28,2,226.06,157.48,76.2,106.68,78.74,0,642.62,april 20-april 26,CenterEast
Bellfarm,2019,Pioneer P1847VYHR,216.2,112,252,118,13.570874,29.35829787,20.15716312,3135.83,574.85,24.7577305,28,2,226.06,157.48,76.2,106.68,78.74,0,642.62,april 20-april 26,CenterEast
Bellfarm,2019,AgriGold A6572VT2RIB,215.2,112,252,114,13.508104,29.35829787,20.15716312,3135.83,574.85,24.7577305,28,2,226.06,157.48,76.2,106.68,78.74,0,642.62,april 20-april 26,CenterEast
Bellfarm,2019,Armor X9115 VT2P,213.4,112,252,115,13.395118,29.35829787,20.15716312,3135.83,574.85,24.7577305,28,2,226.06,157.48,76.2,106.68,78.74,0,642.62,april 20-april 26,CenterEast
Bellfarm,2019,Armor A1810 VT2P,212.6,112,252,119,13.344902,29.35829787,20.15716312,3135.83,574.85,24.7577305,28,2,226.06,157.48,76.2,106.68,78.74,0,642.62,april 20-april 26,CenterEast
Bellfarm,2019,Local LC1586 TC,212.2,112,252,115,13.319794,29.35829787,20.15716312,3135.83,574.85,24.7577305,28,2,226.06,157.48,76.2,106.68,78.74,0,642.62,april 20-april 26,CenterEast
Bellfarm,2019,REV 28BHR18,210.6,112,252,118,13.219362,29.35829787,20.15716312,3135.83,574.85,24.7577305,28,2,226.06,157.48,76.2,106.68,78.74,0,642.62,april 20-april 26,CenterEast
Bellfarm,2019,Progeny PGY EXP1912,209.5,112,252,112,13.150315,29.35829787,20.15716312,3135.83,574.85,24.7577305,28,2,226.06,157.48,76.2,106.68,78.74,0,642.62,april 20-april 26,CenterEast
Bellfarm,2019,Local LCX16-91,209.4,112,252,116,13.144038,29.35829787,20.15716312,3135.83,574.85,24.7577305,28,2,226.06,157.48,76.2,106.68,78.74,0,642.62,april 20-april 26,CenterEast
Bellfarm,2019,Armor A1299 VT2P,209,112,252,112,13.11893,29.35829787,20.15716312,3135.83,574.85,24.7577305,28,2,226.06,157.48,76.2,106.68,78.74,0,642.62,april 20-april 26,CenterEast
Bellfarm,2019,DEKALB DKC 65-95,208.5,112,252,115,13.087545,29.35829787,20.15716312,3135.83,574.85,24.7577305,28,2,226.06,157.48,76.2,106.68,78.74,0,642.62,april 20-april 26,CenterEast
Bellfarm,2019,DEKALB DKC 70-27,208.1,112,252,120,13.062437,29.35829787,20.15716312,3135.83,574.85,24.7577305,28,2,226.06,157.48,76.2,106.68,78.74,0,642.62,april 20-april 26,CenterEast
Bellfarm,2019,Progeny PGY 9117VT2P,208,112,252,117,13.05616,29.35829787,20.15716312,3135.83,574.85,24.7577305,28,2,226.06,157.48,76.2,106.68,78.74,0,642.62,april 20-april 26,CenterEast
Bellfarm,2019,DEKALB DKC 62-53,206.7,112,252,112,12.974559,29.35829787,20.15716312,3135.83,574.85,24.7577305,28,2,226.06,157.48,76.2,106.68,78.74,0,642.62,april 20-april 26,CenterEast
Bellfarm,2019,Hefty H6714,206.3,112,252,117,12.949451,29.35829787,20.15716312,3135.83,574.85,24.7577305,28,2,226.06,157.48,76.2,106.68,78.74,0,642.62,april 20-april 26,CenterEast
Bellfarm,2019,Dyna-Gro D57VC51,206,112,252,117,12.93062,29.35829787,20.15716312,3135.83,574.85,24.7577305,28,2,226.06,157.48,76.2,106.68,78.74,0,642.62,april 20-april 26,CenterEast
Bellfarm,2019,REV 24BHR70,205.9,112,252,114,12.924343,29.35829787,20.15716312,3135.83,574.85,24.7577305,28,2,226.06,157.48,76.2,106.68,78.74,0,642.62,april 20-april 26,CenterEast
Bellfarm,2019,Progeny PGY 8116SS,205.8,112,252,116,12.918066,29.35829787,20.15716312,3135.83,574.85,24.7577305,28,2,226.06,157.48,76.2,106.68,78.74,0,642.62,april 20-april 26,CenterEast
Bellfarm,2019,Progeny PGY 5115VT2P,205.1,112,252,115,12.874127,29.35829787,20.15716312,3135.83,574.85,24.7577305,28,2,226.06,157.48,76.2,106.68,78.74,0,642.62,april 20-april 26,CenterEast
Bellfarm,2019,Local LC1289 VT2P,204.6,112,252,112,12.842742,29.35829787,20.15716312,3135.83,574.85,24.7577305,28,2,226.06,157.48,76.2,106.68,78.74,0,642.62,april 20-april 26,CenterEast
Bellfarm,2019,BH 8721VT2P,204.5,112,252,117,12.836465,29.35829787,20.15716312,3135.83,574.85,24.7577305,28,2,226.06,157.48,76.2,106.68,78.74,0,642.62,april 20-april 26,CenterEast
Bellfarm,2019,Taylor EXP 88-17,203.9,112,252,117,12.798803,29.35829787,20.15716312,3135.83,574.85,24.7577305,28,2,226.06,157.48,76.2,106.68,78.74,0,642.62,april 20-april 26,CenterEast
Bellfarm,2019,Hefty H6532,203.9,112,252,115,12.798803,29.35829787,20.15716312,3135.83,574.85,24.7577305,28,2,226.06,157.48,76.2,106.68,78.74,0,642.62,april 20-april 26,CenterEast
Bellfarm,2019,Progeny PGY EXP1913,203.9,112,252,113,12.798803,29.35829787,20.15716312,3135.83,574.85,24.7577305,28,2,226.06,157.48,76.2,106.68,78.74,0,642.62,april 20-april 26,CenterEast
Bellfarm,2019,Local LC0877 VT2P,203.7,112,252,108,12.786249,29.35829787,20.15716312,3135.83,574.85,24.7577305,28,2,226.06,157.48,76.2,106.68,78.74,0,642.62,april 20-april 26,CenterEast
Bellfarm,2019,Progeny PGY EXP1915,203.4,112,252,115,12.767418,29.35829787,20.15716312,3135.83,574.85,24.7577305,28,2,226.06,157.48,76.2,106.68,78.74,0,642.62,april 20-april 26,CenterEast
Bellfarm,2019,Mission A1687VT2P,200.9,112,252,116,12.610493,29.35829787,20.15716312,3135.83,574.85,24.7577305,28,2,226.06,157.48,76.2,106.68,78.74,0,642.62,april 20-april 26,CenterEast
Bellfarm,2019,Local LC1795 VT2P,197.8,112,252,117,12.415906,29.35829787,20.15716312,3135.83,574.85,24.7577305,28,2,226.06,157.48,76.2,106.68,78.74,0,642.62,april 20-april 26,CenterEast
Bellfarm,2019,LG62C02VT2RIB,197.5,112,252,112,12.397075,29.35829787,20.15716312,3135.83,574.85,24.7577305,28,2,226.06,157.48,76.2,106.68,78.74,0,642.62,april 20-april 26,CenterEast
Bellfarm,2019,Hefty H6635,197,112,252,116,12.36569,29.35829787,20.15716312,3135.83,574.85,24.7577305,28,2,226.06,157.48,76.2,106.68,78.74,0,642.62,april 20-april 26,CenterEast
Bellfarm,2019,Progeny PGY 6119VT2P,192.3,112,252,119,12.070671,29.35829787,20.15716312,3135.83,574.85,24.7577305,28,2,226.06,157.48,76.2,106.68,78.74,0,642.62,april 20-april 26,CenterEast
Bellfarm,2019,Local LC1488 VT2P,191.5,112,252,114,12.020455,29.35829787,20.15716312,3135.83,574.85,24.7577305,28,2,226.06,157.48,76.2,106.68,78.74,0,642.62,april 20-april 26,CenterEast
Bellfarm,2019,Taylor EXP 88-16,186.8,112,252,116,11.725436,29.35829787,20.15716312,3135.83,574.85,24.7577305,28,2,226.06,157.48,76.2,106.68,78.74,0,642.62,april 20-april 26,CenterEast
Bellfarm,2019,Hefty H6214,182.2,112,252,112,11.436694,29.35829787,20.15716312,3135.83,574.85,24.7577305,28,2,226.06,157.48,76.2,106.68,78.74,0,642.62,april 20-april 26,CenterEast
Bellfarm,2019,BH XP 8780SS,181.4,112,252,112,11.386478,29.35829787,20.15716312,3135.83,574.85,24.7577305,28,2,226.06,157.48,76.2,106.68,78.74,0,642.62,april 20-april 26,CenterEast
Bellfarm,2019,REV 24BHR99,180.2,112,252,114,11.311154,29.35829787,20.15716312,3135.83,574.85,24.7577305,28,2,226.06,157.48,76.2,106.68,78.74,0,642.62,april 20-april 26,CenterEast
Bellfarm,2019,Croplan C5678 VT2P,170.1,112,252,116,10.677177,29.35829787,20.15716312,3135.83,574.85,24.7577305,28,2,226.06,157.48,76.2,106.68,78.74,0,642.62,april 20-april 26,CenterEast
Bellfarm,2019,AgriGold A6659VT2RIB,169.9,112,252,116,10.664623,29.35829787,20.15716312,3135.83,574.85,24.7577305,28,2,226.06,157.48,76.2,106.68,78.74,0,642.62,april 20-april 26,CenterEast
Keiser,2020,LG5650VT2RIB,#N/A,113,250,115,#N/A,28.72695652,19.0673913,3010.26,521.89,23.89717391,36,2,218.44,127,81.28,215.9,22.86,0,665.48,april 20-april 26,NorthEast
Keiser,2020,DEKALB DKC 62-53,197.99,113,250,112,12.4278323,28.72695652,19.0673913,3010.26,521.89,23.89717391,36,2,218.44,127,81.28,215.9,22.86,0,665.48,april 20-april 26,NorthEast
Keiser,2020,DEKALB DKC 66-75,168.76,113,250,116,10.5930652,28.72695652,19.0673913,3010.26,521.89,23.89717391,36,2,218.44,127,81.28,215.9,22.86,0,665.48,april 20-april 26,NorthEast
Keiser,2020,Progeny PGY EXP1912,#N/A,113,250,112,#N/A,28.72695652,19.0673913,3010.26,521.89,23.89717391,36,2,218.44,127,81.28,215.9,22.86,0,665.48,april 20-april 26,NorthEast
Keiser,2020,DEKALB DKC 67-44,167.67,113,250,117,10.5246459,28.72695652,19.0673913,3010.26,521.89,23.89717391,36,2,218.44,127,81.28,215.9,22.86,0,665.48,april 20-april 26,NorthEast
Keiser,2020,Pioneer P1464VYHR,186.2,113,250,114,11.687774,28.72695652,19.0673913,3010.26,521.89,23.89717391,36,2,218.44,127,81.28,215.9,22.86,0,665.48,april 20-april 26,NorthEast
Keiser,2020,Progeny PGY 8116SS,#N/A,113,250,116,#N/A,28.72695652,19.0673913,3010.26,521.89,23.89717391,36,2,218.44,127,81.28,215.9,22.86,0,665.48,april 20-april 26,NorthEast
Keiser,2020,Local AV7516 YHB,#N/A,113,250,116,#N/A,28.72695652,19.0673913,3010.26,521.89,23.89717391,36,2,218.44,127,81.28,215.9,22.86,0,665.48,april 20-april 26,NorthEast
Keiser,2020,Local AV8614 YHB,#N/A,113,250,114,#N/A,28.72695652,19.0673913,3010.26,521.89,23.89717391,36,2,218.44,127,81.28,215.9,22.86,0,665.48,april 20-april 26,NorthEast
Keiser,2020,AgriGold A6572VT2RIB,#N/A,113,250,114,#N/A,28.72695652,19.0673913,3010.26,521.89,23.89717391,36,2,218.44,127,81.28,215.9,22.86,0,665.48,april 20-april 26,NorthEast
Keiser,2020,Mission A1687VT2P,#N/A,113,250,116,#N/A,28.72695652,19.0673913,3010.26,521.89,23.89717391,36,2,218.44,127,81.28,215.9,22.86,0,665.48,april 20-april 26,NorthEast
Keiser,2020,DEKALB DKC 65-95,192.22,113,250,115,12.0656494,28.72695652,19.0673913,3010.26,521.89,23.89717391,36,2,218.44,127,81.28,215.9,22.86,0,665.48,april 20-april 26,NorthEast
Keiser,2020,AgriGold A644-32TRCRIB,#N/A,113,250,114,#N/A,28.72695652,19.0673913,3010.26,521.89,23.89717391,36,2,218.44,127,81.28,215.9,22.86,0,665.48,april 20-april 26,NorthEast
Keiser,2020,AgriGold A6544VT2RIB,#N/A,113,250,113,#N/A,28.72695652,19.0673913,3010.26,521.89,23.89717391,36,2,218.44,127,81.28,215.9,22.86,0,665.48,april 20-april 26,NorthEast
Keiser,2020,DEKALB DKC 70-27,203.08,113,250,120,12.7473316,28.72695652,19.0673913,3010.26,521.89,23.89717391,36,2,218.44,127,81.28,215.9,22.86,0,665.48,april 20-april 26,NorthEast
Keiser,2020,Dyna-Gro D54VC14,#N/A,113,250,114,#N/A,28.72695652,19.0673913,3010.26,521.89,23.89717391,36,2,218.44,127,81.28,215.9,22.86,0,665.48,april 20-april 26,NorthEast
Keiser,2020,DEKALB DKC 65-99,187.42,113,250,115,11.7643534,28.72695652,19.0673913,3010.26,521.89,23.89717391,36,2,218.44,127,81.28,215.9,22.86,0,665.48,april 20-april 26,NorthEast
Keiser,2020,Local LC1795 VT2P,#N/A,113,250,117,#N/A,28.72695652,19.0673913,3010.26,521.89,23.89717391,36,2,218.44,127,81.28,215.9,22.86,0,665.48,april 20-april 26,NorthEast
Keiser,2020,AgriGold A647-46VT2PRO,#N/A,113,250,117,#N/A,28.72695652,19.0673913,3010.26,521.89,23.89717391,36,2,218.44,127,81.28,215.9,22.86,0,665.48,april 20-april 26,NorthEast
Keiser,2020,BH 8721VT2P,#N/A,113,250,117,#N/A,28.72695652,19.0673913,3010.26,521.89,23.89717391,36,2,218.44,127,81.28,215.9,22.86,0,665.48,april 20-april 26,NorthEast
Keiser,2020,AgriGold A645-16VT2PRO,#N/A,113,250,115,#N/A,28.72695652,19.0673913,3010.26,521.89,23.89717391,36,2,218.44,127,81.28,215.9,22.86,0,665.48,april 20-april 26,NorthEast
Keiser,2020,Local LC1577 VT2P,188.34,113,250,115,11.8221018,28.72695652,19.0673913,3010.26,521.89,23.89717391,36,2,218.44,127,81.28,215.9,22.86,0,665.48,april 20-april 26,NorthEast
Keiser,2020,DEKALB DKC 68-69,194.15,113,250,118,12.1867955,28.72695652,19.0673913,3010.26,521.89,23.89717391,36,2,218.44,127,81.28,215.9,22.86,0,665.48,april 20-april 26,NorthEast
Keiser,2020,LG5643VT2RIB,#N/A,113,250,114,#N/A,28.72695652,19.0673913,3010.26,521.89,23.89717391,36,2,218.44,127,81.28,215.9,22.86,0,665.48,april 20-april 26,NorthEast
Keiser,2020,AgriGold A6659VT2RIB,#N/A,113,250,116,#N/A,28.72695652,19.0673913,3010.26,521.89,23.89717391,36,2,218.44,127,81.28,215.9,22.86,0,665.48,april 20-april 26,NorthEast
Keiser,2020,Dyna-Gro D55VC80,183.23,113,250,115,11.5013471,28.72695652,19.0673913,3010.26,521.89,23.89717391,36,2,218.44,127,81.28,215.9,22.86,0,665.48,april 20-april 26,NorthEast
Keiser,2020,Dyna-Gro D57VC17,#N/A,113,250,117,#N/A,28.72695652,19.0673913,3010.26,521.89,23.89717391,36,2,218.44,127,81.28,215.9,22.86,0,665.48,april 20-april 26,NorthEast
Keiser,2020,Progeny PGY 5115VT2P,#N/A,113,250,115,#N/A,28.72695652,19.0673913,3010.26,521.89,23.89717391,36,2,218.44,127,81.28,215.9,22.86,0,665.48,april 20-april 26,NorthEast
Keiser,2020,Croplan C5678 VT2P,#N/A,113,250,116,#N/A,28.72695652,19.0673913,3010.26,521.89,23.89717391,36,2,218.44,127,81.28,215.9,22.86,0,665.48,april 20-april 26,NorthEast
Keiser,2020,Local LC1488 VT2P,#N/A,113,250,114,#N/A,28.72695652,19.0673913,3010.26,521.89,23.89717391,36,2,218.44,127,81.28,215.9,22.86,0,665.48,april 20-april 26,NorthEast
Keiser,2020,BH XP 8780SS,#N/A,113,250,112,#N/A,28.72695652,19.0673913,3010.26,521.89,23.89717391,36,2,218.44,127,81.28,215.9,22.86,0,665.48,april 20-april 26,NorthEast
Keiser,2020,REV 26BHR30,#N/A,113,250,116,#N/A,28.72695652,19.0673913,3010.26,521.89,23.89717391,36,2,218.44,127,81.28,215.9,22.86,0,665.48,april 20-april 26,NorthEast
Keiser,2020,Progeny PGY 6116VT2P,#N/A,113,250,116,#N/A,28.72695652,19.0673913,3010.26,521.89,23.89717391,36,2,218.44,127,81.28,215.9,22.86,0,665.48,april 20-april 26,NorthEast
Keiser,2020,Dyna-Gro D58VC65,#N/A,113,250,118,#N/A,28.72695652,19.0673913,3010.26,521.89,23.89717391,36,2,218.44,127,81.28,215.9,22.86,0,665.48,april 20-april 26,NorthEast
Keiser,2020,Hefty H6714,#N/A,113,250,117,#N/A,28.72695652,19.0673913,3010.26,521.89,23.89717391,36,2,218.44,127,81.28,215.9,22.86,0,665.48,april 20-april 26,NorthEast
Keiser,2020,Local LC1987 VT2P,189.78,113,250,119,11.9124906,28.72695652,19.0673913,3010.26,521.89,23.89717391,36,2,218.44,127,81.28,215.9,22.86,0,665.48,april 20-april 26,NorthEast
Keiser,2020,Progeny PGY EXP1918,#N/A,113,250,118,#N/A,28.72695652,19.0673913,3010.26,521.89,23.89717391,36,2,218.44,127,81.28,215.9,22.86,0,665.48,april 20-april 26,NorthEast
Keiser,2020,REV 28BHR18,#N/A,113,250,118,#N/A,28.72695652,19.0673913,3010.26,521.89,23.89717391,36,2,218.44,127,81.28,215.9,22.86,0,665.48,april 20-april 26,NorthEast
Keiser,2020,Armor X9115B VT2P,#N/A,113,250,115,#N/A,28.72695652,19.0673913,3010.26,521.89,23.89717391,36,2,218.44,127,81.28,215.9,22.86,0,665.48,april 20-april 26,NorthEast
Keiser,2020,LG64C30TRC,#N/A,113,250,114,#N/A,28.72695652,19.0673913,3010.26,521.89,23.89717391,36,2,218.44,127,81.28,215.9,22.86,0,665.48,april 20-april 26,NorthEast
Keiser,2020,Taylor EXP 88-14,#N/A,113,250,114,#N/A,28.72695652,19.0673913,3010.26,521.89,23.89717391,36,2,218.44,127,81.28,215.9,22.86,0,665.48,april 20-april 26,NorthEast
Keiser,2020,Progeny PGY 9117VT2P,#N/A,113,250,117,#N/A,28.72695652,19.0673913,3010.26,521.89,23.89717391,36,2,218.44,127,81.28,215.9,22.86,0,665.48,april 20-april 26,NorthEast
Keiser,2020,Progeny PGY 9114VT2P,#N/A,113,250,114,#N/A,28.72695652,19.0673913,3010.26,521.89,23.89717391,36,2,218.44,127,81.28,215.9,22.86,0,665.48,april 20-april 26,NorthEast
Keiser,2020,Dyna-Gro D57VC51,#N/A,113,250,117,#N/A,28.72695652,19.0673913,3010.26,521.89,23.89717391,36,2,218.44,127,81.28,215.9,22.86,0,665.48,april 20-april 26,NorthEast
Keiser,2020,Progeny PGY EXP1915,#N/A,113,250,115,#N/A,28.72695652,19.0673913,3010.26,521.89,23.89717391,36,2,218.44,127,81.28,215.9,22.86,0,665.48,april 20-april 26,NorthEast
Keiser,2020,Armor A1118 VT2P,#N/A,113,250,111,#N/A,28.72695652,19.0673913,3010.26,521.89,23.89717391,36,2,218.44,127,81.28,215.9,22.86,0,665.48,april 20-april 26,NorthEast
Keiser,2020,BH XP 8509TRE,#N/A,113,250,115,#N/A,28.72695652,19.0673913,3010.26,521.89,23.89717391,36,2,218.44,127,81.28,215.9,22.86,0,665.48,april 20-april 26,NorthEast
Keiser,2020,Hefty H6532,#N/A,113,250,115,#N/A,28.72695652,19.0673913,3010.26,521.89,23.89717391,36,2,218.44,127,81.28,215.9,22.86,0,665.48,april 20-april 26,NorthEast
Keiser,2020,Armor A1778 VT2P,#N/A,113,250,117,#N/A,28.72695652,19.0673913,3010.26,521.89,23.89717391,36,2,218.44,127,81.28,215.9,22.86,0,665.48,april 20-april 26,NorthEast
Keiser,2020,Armor A1299 VT2P,#N/A,113,250,112,#N/A,28.72695652,19.0673913,3010.26,521.89,23.89717391,36,2,218.44,127,81.28,215.9,22.86,0,665.48,april 20-april 26,NorthEast
Keiser,2020,Progeny PGY 6119VT2P,#N/A,113,250,119,#N/A,28.72695652,19.0673913,3010.26,521.89,23.89717391,36,2,218.44,127,81.28,215.9,22.86,0,665.48,april 20-april 26,NorthEast
Keiser,2020,Pioneer P1847VYHR,187.72,113,250,118,11.7831844,28.72695652,19.0673913,3010.26,521.89,23.89717391,36,2,218.44,127,81.28,215.9,22.86,0,665.48,april 20-april 26,NorthEast
Keiser,2020,Pioneer P1870YHR,#N/A,113,250,118,#N/A,28.72695652,19.0673913,3010.26,521.89,23.89717391,36,2,218.44,127,81.28,215.9,22.86,0,665.48,april 20-april 26,NorthEast
Keiser,2020,Local LC1776 VT2P,#N/A,113,250,117,#N/A,28.72695652,19.0673913,3010.26,521.89,23.89717391,36,2,218.44,127,81.28,215.9,22.86,0,665.48,april 20-april 26,NorthEast
Keiser,2020,Local LC1586 TC,#N/A,113,250,115,#N/A,28.72695652,19.0673913,3010.26,521.89,23.89717391,36,2,218.44,127,81.28,215.9,22.86,0,665.48,april 20-april 26,NorthEast
Keiser,2020,Hefty H6635,#N/A,113,250,116,#N/A,28.72695652,19.0673913,3010.26,521.89,23.89717391,36,2,218.44,127,81.28,215.9,22.86,0,665.48,april 20-april 26,NorthEast
Keiser,2020,Local LC1878 VT2P,#N/A,113,250,118,#N/A,28.72695652,19.0673913,3010.26,521.89,23.89717391,36,2,218.44,127,81.28,215.9,22.86,0,665.48,april 20-april 26,NorthEast
Keiser,2020,Taylor EXP 88-16,#N/A,113,250,116,#N/A,28.72695652,19.0673913,3010.26,521.89,23.89717391,36,2,218.44,127,81.28,215.9,22.86,0,665.48,april 20-april 26,NorthEast
Keiser,2020,Armor A1688T,#N/A,113,250,116,#N/A,28.72695652,19.0673913,3010.26,521.89,23.89717391,36,2,218.44,127,81.28,215.9,22.86,0,665.48,april 20-april 26,NorthEast
Keiser,2020,Local LCX16-91,#N/A,113,250,116,#N/A,28.72695652,19.0673913,3010.26,521.89,23.89717391,36,2,218.44,127,81.28,215.9,22.86,0,665.48,april 20-april 26,NorthEast
Keiser,2020,Local LC0877 VT2P,#N/A,113,250,108,#N/A,28.72695652,19.0673913,3010.26,521.89,23.89717391,36,2,218.44,127,81.28,215.9,22.86,0,665.48,april 20-april 26,NorthEast
Keiser,2020,LG62C02VT2RIB,#N/A,113,250,112,#N/A,28.72695652,19.0673913,3010.26,521.89,23.89717391,36,2,218.44,127,81.28,215.9,22.86,0,665.48,april 20-april 26,NorthEast
Keiser,2020,Armor A1810 VT2P,#N/A,113,250,119,#N/A,28.72695652,19.0673913,3010.26,521.89,23.89717391,36,2,218.44,127,81.28,215.9,22.86,0,665.48,april 20-april 26,NorthEast
Keiser,2020,Taylor EXP 88-13,#N/A,113,250,113,#N/A,28.72695652,19.0673913,3010.26,521.89,23.89717391,36,2,218.44,127,81.28,215.9,22.86,0,665.48,april 20-april 26,NorthEast
Keiser,2020,Hefty H6214,#N/A,113,250,112,#N/A,28.72695652,19.0673913,3010.26,521.89,23.89717391,36,2,218.44,127,81.28,215.9,22.86,0,665.48,april 20-april 26,NorthEast
Keiser,2020,Taylor EXP 88-17,#N/A,113,250,117,#N/A,28.72695652,19.0673913,3010.26,521.89,23.89717391,36,2,218.44,127,81.28,215.9,22.86,0,665.48,april 20-april 26,NorthEast
Keiser,2020,Armor X9115 VT2P,#N/A,113,250,115,#N/A,28.72695652,19.0673913,3010.26,521.89,23.89717391,36,2,218.44,127,81.28,215.9,22.86,0,665.48,april 20-april 26,NorthEast
Keiser,2020,Local LC1289 VT2P,#N/A,113,250,112,#N/A,28.72695652,19.0673913,3010.26,521.89,23.89717391,36,2,218.44,127,81.28,215.9,22.86,0,665.48,april 20-april 26,NorthEast
Keiser,2020,Progeny PGY EXP1913,#N/A,113,250,113,#N/A,28.72695652,19.0673913,3010.26,521.89,23.89717391,36,2,218.44,127,81.28,215.9,22.86,0,665.48,april 20-april 26,NorthEast
Keiser,2021,DEKALB DKC 67-44,274.6,110,264,117,17.236642,29.264,18.93090323,3305.14,511.16,24.09745161,46,17,129.54,152.4,104.14,114.3,35.56,22.86,556.26,april 20-april 26,NorthEast
Keiser,2021,Local LC1307 TC,268.5,110,264,113,16.853745,29.264,18.93090323,3305.14,511.16,24.09745161,46,17,129.54,152.4,104.14,114.3,35.56,22.86,556.26,april 20-april 26,NorthEast
Keiser,2021,Hi-Fidelity HFG1132,264.4,110,264,113,16.596388,29.264,18.93090323,3305.14,511.16,24.09745161,46,17,129.54,152.4,104.14,114.3,35.56,22.86,556.26,april 20-april 26,NorthEast
Keiser,2021,Pioneer P1847VYHR,262.7,110,264,118,16.489679,29.264,18.93090323,3305.14,511.16,24.09745161,46,17,129.54,152.4,104.14,114.3,35.56,22.86,556.26,april 20-april 26,NorthEast
Keiser,2021,DEKALB DKC 65-95,257.2,110,264,115,16.144444,29.264,18.93090323,3305.14,511.16,24.09745161,46,17,129.54,152.4,104.14,114.3,35.56,22.86,556.26,april 20-april 26,NorthEast
Keiser,2021,DEKALB DKC 67-94,255,110,264,117,16.00635,29.264,18.93090323,3305.14,511.16,24.09745161,46,17,129.54,152.4,104.14,114.3,35.56,22.86,556.26,april 20-april 26,NorthEast
Keiser,2021,Pioneer P1731YHR,254.5,110,264,117,15.974965,29.264,18.93090323,3305.14,511.16,24.09745161,46,17,129.54,152.4,104.14,114.3,35.56,22.86,556.26,april 20-april 26,NorthEast
Keiser,2021,DEKALB DKC 68-95,252.6,110,264,118,15.855702,29.264,18.93090323,3305.14,511.16,24.09745161,46,17,129.54,152.4,104.14,114.3,35.56,22.86,556.26,april 20-april 26,NorthEast
Keiser,2021,CP5370VTP,252.2,110,264,113,15.830594,29.264,18.93090323,3305.14,511.16,24.09745161,46,17,129.54,152.4,104.14,114.3,35.56,22.86,556.26,april 20-april 26,NorthEast
Keiser,2021,BH 8721VT2P,251.7,110,264,117,15.799209,29.264,18.93090323,3305.14,511.16,24.09745161,46,17,129.54,152.4,104.14,114.3,35.56,22.86,556.26,april 20-april 26,NorthEast
Keiser,2021,LG5701VT2PRO,251.5,110,264,116,15.786655,29.264,18.93090323,3305.14,511.16,24.09745161,46,17,129.54,152.4,104.14,114.3,35.56,22.86,556.26,april 20-april 26,NorthEast
Keiser,2021,Progeny PGY2015VT2P,250.4,110,264,115,15.717608,29.264,18.93090323,3305.14,511.16,24.09745161,46,17,129.54,152.4,104.14,114.3,35.56,22.86,556.26,april 20-april 26,NorthEast
Keiser,2021,DEKALB DKC 68-69,250.3,110,264,118,15.711331,29.264,18.93090323,3305.14,511.16,24.09745161,46,17,129.54,152.4,104.14,114.3,35.56,22.86,556.26,april 20-april 26,NorthEast
Keiser,2021,Local LC1407 VT2P,249.9,110,264,114,15.686223,29.264,18.93090323,3305.14,511.16,24.09745161,46,17,129.54,152.4,104.14,114.3,35.56,22.86,556.26,april 20-april 26,NorthEast
Keiser,2021,Progeny PGY9117VT2P,249.5,110,264,117,15.661115,29.264,18.93090323,3305.14,511.16,24.09745161,46,17,129.54,152.4,104.14,114.3,35.56,22.86,556.26,april 20-april 26,NorthEast
Keiser,2021,Dyna-Gro D58VC65,249.5,110,264,118,15.661115,29.264,18.93090323,3305.14,511.16,24.09745161,46,17,129.54,152.4,104.14,114.3,35.56,22.86,556.26,april 20-april 26,NorthEast
Keiser,2021,Local LC1506 VT2P,249.1,110,264,115,15.636007,29.264,18.93090323,3305.14,511.16,24.09745161,46,17,129.54,152.4,104.14,114.3,35.56,22.86,556.26,april 20-april 26,NorthEast
Keiser,2021,Progeny PGYEXP115TRE,248.9,110,264,115,15.623453,29.264,18.93090323,3305.14,511.16,24.09745161,46,17,129.54,152.4,104.14,114.3,35.56,22.86,556.26,april 20-april 26,NorthEast
Keiser,2021,Local LC1987 VT2P,248,110,264,119,15.56696,29.264,18.93090323,3305.14,511.16,24.09745161,46,17,129.54,152.4,104.14,114.3,35.56,22.86,556.26,april 20-april 26,NorthEast
Keiser,2021,Dyna-Gro D55VC80,247.5,110,264,115,15.535575,29.264,18.93090323,3305.14,511.16,24.09745161,46,17,129.54,152.4,104.14,114.3,35.56,22.86,556.26,april 20-april 26,NorthEast
Keiser,2021,DEKALB DKC 62-70,247.4,110,264,112,15.529298,29.264,18.93090323,3305.14,511.16,24.09745161,46,17,129.54,152.4,104.14,114.3,35.56,22.86,556.26,april 20-april 26,NorthEast
Keiser,2021,AgriGold A6659VT2RIB,246.8,110,264,116,15.491636,29.264,18.93090323,3305.14,511.16,24.09745161,46,17,129.54,152.4,104.14,114.3,35.56,22.86,556.26,april 20-april 26,NorthEast
Keiser,2021,CP5550VT2P,246.5,110,264,115,15.472805,29.264,18.93090323,3305.14,511.16,24.09745161,46,17,129.54,152.4,104.14,114.3,35.56,22.86,556.26,april 20-april 26,NorthEast
Keiser,2021,Dyna-Gro D57VC51,245.9,110,264,117,15.435143,29.264,18.93090323,3305.14,511.16,24.09745161,46,17,129.54,152.4,104.14,114.3,35.56,22.86,556.26,april 20-april 26,NorthEast
Keiser,2021,LG66C44VT2Pro,245.7,110,264,116,15.422589,29.264,18.93090323,3305.14,511.16,24.09745161,46,17,129.54,152.4,104.14,114.3,35.56,22.86,556.26,april 20-april 26,NorthEast
Keiser,2021,Progeny PGY2118VT2P,244.7,110,264,118,15.359819,29.264,18.93090323,3305.14,511.16,24.09745161,46,17,129.54,152.4,104.14,114.3,35.56,22.86,556.26,april 20-april 26,NorthEast
Keiser,2021,Axis Seed 65T29RIB,244.2,110,264,115,15.328434,29.264,18.93090323,3305.14,511.16,24.09745161,46,17,129.54,152.4,104.14,114.3,35.56,22.86,556.26,april 20-april 26,NorthEast
Keiser,2021,Augusta A4467-3220GTD,243.5,110,264,117,15.284495,29.264,18.93090323,3305.14,511.16,24.09745161,46,17,129.54,152.4,104.14,114.3,35.56,22.86,556.26,april 20-april 26,NorthEast
Keiser,2021,Local LC1898 TC,243.1,110,264,118,15.259387,29.264,18.93090323,3305.14,511.16,24.09745161,46,17,129.54,152.4,104.14,114.3,35.56,22.86,556.26,april 20-april 26,NorthEast
Keiser,2021,Local LC1919 VT2P,242.7,110,264,119,15.234279,29.264,18.93090323,3305.14,511.16,24.09745161,46,17,129.54,152.4,104.14,114.3,35.56,22.86,556.26,april 20-april 26,NorthEast
Keiser,2021,DEKALB DKC 65-99,242.7,110,264,115,15.234279,29.264,18.93090323,3305.14,511.16,24.09745161,46,17,129.54,152.4,104.14,114.3,35.56,22.86,556.26,april 20-april 26,NorthEast
Keiser,2021,AgriGold A645-16VT2RIB,242.7,110,264,115,15.234279,29.264,18.93090323,3305.14,511.16,24.09745161,46,17,129.54,152.4,104.14,114.3,35.56,22.86,556.26,april 20-april 26,NorthEast
Keiser,2021,Local LC1497 DGVT2P,242.4,110,264,114,15.215448,29.264,18.93090323,3305.14,511.16,24.09745161,46,17,129.54,152.4,104.14,114.3,35.56,22.86,556.26,april 20-april 26,NorthEast
Keiser,2021,Axis Seed 68P28RIB,241.5,110,264,118,15.158955,29.264,18.93090323,3305.14,511.16,24.09745161,46,17,129.54,152.4,104.14,114.3,35.56,22.86,556.26,april 20-april 26,NorthEast
Keiser,2021,LG5643VT2PRO,241.5,110,264,114,15.158955,29.264,18.93090323,3305.14,511.16,24.09745161,46,17,129.54,152.4,104.14,114.3,35.56,22.86,556.26,april 20-april 26,NorthEast
Keiser,2021,NK1523-3220,241.5,110,264,115,15.158955,29.264,18.93090323,3305.14,511.16,24.09745161,46,17,129.54,152.4,104.14,114.3,35.56,22.86,556.26,april 20-april 26,NorthEast
Keiser,2021,AgriGold A647-42TRC,241.1,110,264,117,15.133847,29.264,18.93090323,3305.14,511.16,24.09745161,46,17,129.54,152.4,104.14,114.3,35.56,22.86,556.26,april 20-april 26,NorthEast
Keiser,2021,NK1677-3110,240.7,110,264,116,15.108739,29.264,18.93090323,3305.14,511.16,24.09745161,46,17,129.54,152.4,104.14,114.3,35.56,22.86,556.26,april 20-april 26,NorthEast
Keiser,2021,DEKALB DKC 66-18,240.5,110,264,116,15.096185,29.264,18.93090323,3305.14,511.16,24.09745161,46,17,129.54,152.4,104.14,114.3,35.56,22.86,556.26,april 20-april 26,NorthEast
Keiser,2021,Axis Seed 63K29RIB,240.4,110,264,113,15.089908,29.264,18.93090323,3305.14,511.16,24.09745161,46,17,129.54,152.4,104.14,114.3,35.56,22.86,556.26,april 20-april 26,NorthEast
Keiser,2021,DEKALB DKC 69-99,240.3,110,264,119,15.083631,29.264,18.93090323,3305.14,511.16,24.09745161,46,17,129.54,152.4,104.14,114.3,35.56,22.86,556.26,april 20-april 26,NorthEast
Keiser,2021,AgriGold A647-35-5222,238.8,110,264,117,14.989476,29.264,18.93090323,3305.14,511.16,24.09745161,46,17,129.54,152.4,104.14,114.3,35.56,22.86,556.26,april 20-april 26,NorthEast
Keiser,2021,Progeny PGY9114VT2P,238.3,110,264,114,14.958091,29.264,18.93090323,3305.14,511.16,24.09745161,46,17,129.54,152.4,104.14,114.3,35.56,22.86,556.26,april 20-april 26,NorthEast
Keiser,2021,NK1748-3110,238,110,264,117,14.93926,29.264,18.93090323,3305.14,511.16,24.09745161,46,17,129.54,152.4,104.14,114.3,35.56,22.86,556.26,april 20-april 26,NorthEast
Keiser,2021,Mission A1689T,237.1,110,264,116,14.882767,29.264,18.93090323,3305.14,511.16,24.09745161,46,17,129.54,152.4,104.14,114.3,35.56,22.86,556.26,april 20-april 26,NorthEast
Keiser,2021,Local LC1577 VT2P,236.4,110,264,115,14.838828,29.264,18.93090323,3305.14,511.16,24.09745161,46,17,129.54,152.4,104.14,114.3,35.56,22.86,556.26,april 20-april 26,NorthEast
Keiser,2021,Hi-Fidelity HFG1142,236.2,110,264,114,14.826274,29.264,18.93090323,3305.14,511.16,24.09745161,46,17,129.54,152.4,104.14,114.3,35.56,22.86,556.26,april 20-april 26,NorthEast
Keiser,2021,BH 8670TRE,235.1,110,264,116,14.757227,29.264,18.93090323,3305.14,511.16,24.09745161,46,17,129.54,152.4,104.14,114.3,35.56,22.86,556.26,april 20-april 26,NorthEast
Keiser,2021,Local LC1616 TC,234.7,110,264,116,14.732119,29.264,18.93090323,3305.14,511.16,24.09745161,46,17,129.54,152.4,104.14,114.3,35.56,22.86,556.26,april 20-april 26,NorthEast
Keiser,2021,Progeny PGY2012VT2P,232.6,110,264,112,14.600302,29.264,18.93090323,3305.14,511.16,24.09745161,46,17,129.54,152.4,104.14,114.3,35.56,22.86,556.26,april 20-april 26,NorthEast
Keiser,2021,Dyna-Gro D54VC14,232.1,110,264,114,14.568917,29.264,18.93090323,3305.14,511.16,24.09745161,46,17,129.54,152.4,104.14,114.3,35.56,22.86,556.26,april 20-april 26,NorthEast
Keiser,2021,Progeny PGYEXP116VT2P,231.6,110,264,116,14.537532,29.264,18.93090323,3305.14,511.16,24.09745161,46,17,129.54,152.4,104.14,114.3,35.56,22.86,556.26,april 20-april 26,NorthEast
Keiser,2021,Axis Seed 63M73RIB,230.9,110,264,113,14.493593,29.264,18.93090323,3305.14,511.16,24.09745161,46,17,129.54,152.4,104.14,114.3,35.56,22.86,556.26,april 20-april 26,NorthEast
Keiser,2021,Progeny PGY8116SS,230.5,110,264,116,14.468485,29.264,18.93090323,3305.14,511.16,24.09745161,46,17,129.54,152.4,104.14,114.3,35.56,22.86,556.26,april 20-april 26,NorthEast
Keiser,2021,CP5497,228.8,110,264,114,14.361776,29.264,18.93090323,3305.14,511.16,24.09745161,46,17,129.54,152.4,104.14,114.3,35.56,22.86,556.26,april 20-april 26,NorthEast
Keiser,2021,Dyna-Gro D54VC34,228.3,110,264,114,14.330391,29.264,18.93090323,3305.14,511.16,24.09745161,46,17,129.54,152.4,104.14,114.3,35.56,22.86,556.26,april 20-april 26,NorthEast
Keiser,2021,Mission A1671TRE,228,110,264,116,14.31156,29.264,18.93090323,3305.14,511.16,24.09745161,46,17,129.54,152.4,104.14,114.3,35.56,22.86,556.26,april 20-april 26,NorthEast
Keiser,2021,DEKALB DKC 62-89,227.8,110,264,112,14.299006,29.264,18.93090323,3305.14,511.16,24.09745161,46,17,129.54,152.4,104.14,114.3,35.56,22.86,556.26,april 20-april 26,NorthEast
Keiser,2021,Pioneer P2042VYHR,227.1,110,264,120,14.255067,29.264,18.93090323,3305.14,511.16,24.09745161,46,17,129.54,152.4,104.14,114.3,35.56,22.86,556.26,april 20-april 26,NorthEast
Keiser,2021,Local LC1707 VT2P,225.5,110,264,117,14.154635,29.264,18.93090323,3305.14,511.16,24.09745161,46,17,129.54,152.4,104.14,114.3,35.56,22.86,556.26,april 20-april 26,NorthEast
Keiser,2021,Mission A1548DGVT2P,225.2,110,264,115,14.135804,29.264,18.93090323,3305.14,511.16,24.09745161,46,17,129.54,152.4,104.14,114.3,35.56,22.86,556.26,april 20-april 26,NorthEast
Keiser,2021,Progeny PGY8116VT2P,224.5,110,264,116,14.091865,29.264,18.93090323,3305.14,511.16,24.09745161,46,17,129.54,152.4,104.14,114.3,35.56,22.86,556.26,april 20-april 26,NorthEast
Keiser,2021,NK1661-5222A,224.3,110,264,116,14.079311,29.264,18.93090323,3305.14,511.16,24.09745161,46,17,129.54,152.4,104.14,114.3,35.56,22.86,556.26,april 20-april 26,NorthEast
Keiser,2021,BH 8966VT2P,224.1,110,264,119,14.066757,29.264,18.93090323,3305.14,511.16,24.09745161,46,17,129.54,152.4,104.14,114.3,35.56,22.86,556.26,april 20-april 26,NorthEast
Keiser,2021,NK1460-5222,221,110,264,114,13.87217,29.264,18.93090323,3305.14,511.16,24.09745161,46,17,129.54,152.4,104.14,114.3,35.56,22.86,556.26,april 20-april 26,NorthEast
Keiser,2021,NK1082-3220A,220.8,110,264,110,13.859616,29.264,18.93090323,3305.14,511.16,24.09745161,46,17,129.54,152.4,104.14,114.3,35.56,22.86,556.26,april 20-april 26,NorthEast
Keiser,2021,Dyna-Gro D52VC63,218.2,110,264,112,13.696414,29.264,18.93090323,3305.14,511.16,24.09745161,46,17,129.54,152.4,104.14,114.3,35.56,22.86,556.26,april 20-april 26,NorthEast
Keiser,2021,AgriGold A6544VT2RIB,217.5,110,264,113,13.652475,29.264,18.93090323,3305.14,511.16,24.09745161,46,17,129.54,152.4,104.14,114.3,35.56,22.86,556.26,april 20-april 26,NorthEast
Keiser,2021,Axis Seed 66A26RIB,216.4,110,264,116,13.583428,29.264,18.93090323,3305.14,511.16,24.09745161,46,17,129.54,152.4,104.14,114.3,35.56,22.86,556.26,april 20-april 26,NorthEast
Keiser,2021,Mission A1857SS,210,110,264,118,13.1817,29.264,18.93090323,3305.14,511.16,24.09745161,46,17,129.54,152.4,104.14,114.3,35.56,22.86,556.26,april 20-april 26,NorthEast
Marianna,2021,CP5550VT2P,248.8,101,245,115,15.617176,29.1,18.9,3127.8,582.4,24,47,16,73.66,142.24,172.72,170.18,43.18,30.48,632.46,april 6- april 12,CenterEast
Marianna,2021,Progeny PGY9114VT2P,246.8,101,245,114,15.491636,29.1,18.9,3127.8,582.4,24,47,16,73.66,142.24,172.72,170.18,43.18,30.48,632.46,april 6- april 12,CenterEast
Marianna,2021,DEKALB DKC 67-94,244.6,101,245,117,15.353542,29.1,18.9,3127.8,582.4,24,47,16,73.66,142.24,172.72,170.18,43.18,30.48,632.46,april 6- april 12,CenterEast
Marianna,2021,NK1460-5222,242.3,101,245,114,15.209171,29.1,18.9,3127.8,582.4,24,47,16,73.66,142.24,172.72,170.18,43.18,30.48,632.46,april 6- april 12,CenterEast
Marianna,2021,DEKALB DKC 67-44,241.3,101,245,117,15.146401,29.1,18.9,3127.8,582.4,24,47,16,73.66,142.24,172.72,170.18,43.18,30.48,632.46,april 6- april 12,CenterEast
Marianna,2021,DEKALB DKC 66-18,241,101,245,116,15.12757,29.1,18.9,3127.8,582.4,24,47,16,73.66,142.24,172.72,170.18,43.18,30.48,632.46,april 6- april 12,CenterEast
Marianna,2021,AgriGold A6544VT2RIB,240.9,101,245,113,15.121293,29.1,18.9,3127.8,582.4,24,47,16,73.66,142.24,172.72,170.18,43.18,30.48,632.46,april 6- april 12,CenterEast
Marianna,2021,DEKALB DKC 62-70,239.9,101,245,112,15.058523,29.1,18.9,3127.8,582.4,24,47,16,73.66,142.24,172.72,170.18,43.18,30.48,632.46,april 6- april 12,CenterEast
Marianna,2021,Local LC1497 DGVT2P,239.9,101,245,114,15.058523,29.1,18.9,3127.8,582.4,24,47,16,73.66,142.24,172.72,170.18,43.18,30.48,632.46,april 6- april 12,CenterEast
Marianna,2021,Local LC1898 TC,237.4,101,245,118,14.901598,29.1,18.9,3127.8,582.4,24,47,16,73.66,142.24,172.72,170.18,43.18,30.48,632.46,april 6- april 12,CenterEast
Marianna,2021,NK1523-3220,236.9,101,245,115,14.870213,29.1,18.9,3127.8,582.4,24,47,16,73.66,142.24,172.72,170.18,43.18,30.48,632.46,april 6- april 12,CenterEast
Marianna,2021,DEKALB DKC 68-69,234.3,101,245,118,14.707011,29.1,18.9,3127.8,582.4,24,47,16,73.66,142.24,172.72,170.18,43.18,30.48,632.46,april 6- april 12,CenterEast
Marianna,2021,CP5370VTP,233.9,101,245,113,14.681903,29.1,18.9,3127.8,582.4,24,47,16,73.66,142.24,172.72,170.18,43.18,30.48,632.46,april 6- april 12,CenterEast
Marianna,2021,Progeny PGY2012VT2P,233.9,101,245,112,14.681903,29.1,18.9,3127.8,582.4,24,47,16,73.66,142.24,172.72,170.18,43.18,30.48,632.46,april 6- april 12,CenterEast
Marianna,2021,DEKALB DKC 65-99,233.7,101,245,115,14.669349,29.1,18.9,3127.8,582.4,24,47,16,73.66,142.24,172.72,170.18,43.18,30.48,632.46,april 6- april 12,CenterEast
Marianna,2021,Hi-Fidelity HFG1142,232.9,101,245,114,14.619133,29.1,18.9,3127.8,582.4,24,47,16,73.66,142.24,172.72,170.18,43.18,30.48,632.46,april 6- april 12,CenterEast
Marianna,2021,Axis Seed 68P28RIB,232.7,101,245,118,14.606579,29.1,18.9,3127.8,582.4,24,47,16,73.66,142.24,172.72,170.18,43.18,30.48,632.46,april 6- april 12,CenterEast
Marianna,2021,BH 8966VT2P,232,101,245,119,14.56264,29.1,18.9,3127.8,582.4,24,47,16,73.66,142.24,172.72,170.18,43.18,30.48,632.46,april 6- april 12,CenterEast
Marianna,2021,Dyna-Gro D55VC80,230.9,101,245,115,14.493593,29.1,18.9,3127.8,582.4,24,47,16,73.66,142.24,172.72,170.18,43.18,30.48,632.46,april 6- april 12,CenterEast
Marianna,2021,LG5643VT2PRO,230.7,101,245,114,14.481039,29.1,18.9,3127.8,582.4,24,47,16,73.66,142.24,172.72,170.18,43.18,30.48,632.46,april 6- april 12,CenterEast
Marianna,2021,Local LC1707 VT2P,230.7,101,245,117,14.481039,29.1,18.9,3127.8,582.4,24,47,16,73.66,142.24,172.72,170.18,43.18,30.48,632.46,april 6- april 12,CenterEast
Marianna,2021,Local LC1577 VT2P,230.4,101,245,115,14.462208,29.1,18.9,3127.8,582.4,24,47,16,73.66,142.24,172.72,170.18,43.18,30.48,632.46,april 6- april 12,CenterEast
Marianna,2021,DEKALB DKC 65-95,230.2,101,245,115,14.449654,29.1,18.9,3127.8,582.4,24,47,16,73.66,142.24,172.72,170.18,43.18,30.48,632.46,april 6- april 12,CenterEast
Marianna,2021,Progeny PGY2118VT2P,230.2,101,245,118,14.449654,29.1,18.9,3127.8,582.4,24,47,16,73.66,142.24,172.72,170.18,43.18,30.48,632.46,april 6- april 12,CenterEast
Marianna,2021,Dyna-Gro D54VC14,229.9,101,245,114,14.430823,29.1,18.9,3127.8,582.4,24,47,16,73.66,142.24,172.72,170.18,43.18,30.48,632.46,april 6- april 12,CenterEast
Marianna,2021,LG5701VT2PRO,229.8,101,245,116,14.424546,29.1,18.9,3127.8,582.4,24,47,16,73.66,142.24,172.72,170.18,43.18,30.48,632.46,april 6- april 12,CenterEast
Marianna,2021,Progeny PGY8116VT2P,228.5,101,245,116,14.342945,29.1,18.9,3127.8,582.4,24,47,16,73.66,142.24,172.72,170.18,43.18,30.48,632.46,april 6- april 12,CenterEast
Marianna,2021,Axis Seed 63K29RIB,228.4,101,245,113,14.336668,29.1,18.9,3127.8,582.4,24,47,16,73.66,142.24,172.72,170.18,43.18,30.48,632.46,april 6- april 12,CenterEast
Marianna,2021,LG66C44VT2Pro,228.4,101,245,116,14.336668,29.1,18.9,3127.8,582.4,24,47,16,73.66,142.24,172.72,170.18,43.18,30.48,632.46,april 6- april 12,CenterEast
Marianna,2021,NK1082-3220A,228.1,101,245,110,14.317837,29.1,18.9,3127.8,582.4,24,47,16,73.66,142.24,172.72,170.18,43.18,30.48,632.46,april 6- april 12,CenterEast
Marianna,2021,DEKALB DKC 62-89,225.5,101,245,112,14.154635,29.1,18.9,3127.8,582.4,24,47,16,73.66,142.24,172.72,170.18,43.18,30.48,632.46,april 6- april 12,CenterEast
Marianna,2021,AgriGold A647-42TRC,225.1,101,245,117,14.129527,29.1,18.9,3127.8,582.4,24,47,16,73.66,142.24,172.72,170.18,43.18,30.48,632.46,april 6- april 12,CenterEast
Marianna,2021,Mission A1671TRE,224.8,101,245,116,14.110696,29.1,18.9,3127.8,582.4,24,47,16,73.66,142.24,172.72,170.18,43.18,30.48,632.46,april 6- april 12,CenterEast
Marianna,2021,Pioneer P1731YHR,224.3,101,245,117,14.079311,29.1,18.9,3127.8,582.4,24,47,16,73.66,142.24,172.72,170.18,43.18,30.48,632.46,april 6- april 12,CenterEast
Marianna,2021,AgriGold A6659VT2RIB,224,101,245,116,14.06048,29.1,18.9,3127.8,582.4,24,47,16,73.66,142.24,172.72,170.18,43.18,30.48,632.46,april 6- april 12,CenterEast
Marianna,2021,Dyna-Gro D58VC65,223.8,101,245,118,14.047926,29.1,18.9,3127.8,582.4,24,47,16,73.66,142.24,172.72,170.18,43.18,30.48,632.46,april 6- april 12,CenterEast
Marianna,2021,DEKALB DKC 68-95,223.4,101,245,118,14.022818,29.1,18.9,3127.8,582.4,24,47,16,73.66,142.24,172.72,170.18,43.18,30.48,632.46,april 6- april 12,CenterEast
Marianna,2021,Dyna-Gro D54VC34,221.7,101,245,114,13.916109,29.1,18.9,3127.8,582.4,24,47,16,73.66,142.24,172.72,170.18,43.18,30.48,632.46,april 6- april 12,CenterEast
Marianna,2021,Progeny PGY8116SS,221.5,101,245,116,13.903555,29.1,18.9,3127.8,582.4,24,47,16,73.66,142.24,172.72,170.18,43.18,30.48,632.46,april 6- april 12,CenterEast
Marianna,2021,NK1661-5222A,221.2,101,245,116,13.884724,29.1,18.9,3127.8,582.4,24,47,16,73.66,142.24,172.72,170.18,43.18,30.48,632.46,april 6- april 12,CenterEast
Marianna,2021,Progeny PGYEXP115TRE,221.1,101,245,115,13.878447,29.1,18.9,3127.8,582.4,24,47,16,73.66,142.24,172.72,170.18,43.18,30.48,632.46,april 6- april 12,CenterEast
Marianna,2021,Pioneer P1847VYHR,221,101,245,118,13.87217,29.1,18.9,3127.8,582.4,24,47,16,73.66,142.24,172.72,170.18,43.18,30.48,632.46,april 6- april 12,CenterEast
Marianna,2021,NK1677-3110,220.9,101,245,116,13.865893,29.1,18.9,3127.8,582.4,24,47,16,73.66,142.24,172.72,170.18,43.18,30.48,632.46,april 6- april 12,CenterEast
Marianna,2021,DEKALB DKC 69-99,220.5,101,245,119,13.840785,29.1,18.9,3127.8,582.4,24,47,16,73.66,142.24,172.72,170.18,43.18,30.48,632.46,april 6- april 12,CenterEast
Marianna,2021,AgriGold A645-16VT2RIB,220.2,101,245,115,13.821954,29.1,18.9,3127.8,582.4,24,47,16,73.66,142.24,172.72,170.18,43.18,30.48,632.46,april 6- april 12,CenterEast
Marianna,2021,Pioneer P2042VYHR,220.2,101,245,120,13.821954,29.1,18.9,3127.8,582.4,24,47,16,73.66,142.24,172.72,170.18,43.18,30.48,632.46,april 6- april 12,CenterEast
Marianna,2021,Progeny PGYEXP116VT2P,219.5,101,245,116,13.778015,29.1,18.9,3127.8,582.4,24,47,16,73.66,142.24,172.72,170.18,43.18,30.48,632.46,april 6- april 12,CenterEast
Marianna,2021,Mission A1548DGVT2P,218.6,101,245,115,13.721522,29.1,18.9,3127.8,582.4,24,47,16,73.66,142.24,172.72,170.18,43.18,30.48,632.46,april 6- april 12,CenterEast
Marianna,2021,Mission A1689T,218.2,101,245,116,13.696414,29.1,18.9,3127.8,582.4,24,47,16,73.66,142.24,172.72,170.18,43.18,30.48,632.46,april 6- april 12,CenterEast
Marianna,2021,BH 8670TRE,218.1,101,245,116,13.690137,29.1,18.9,3127.8,582.4,24,47,16,73.66,142.24,172.72,170.18,43.18,30.48,632.46,april 6- april 12,CenterEast
Marianna,2021,Dyna-Gro D52VC63,217.1,101,245,112,13.627367,29.1,18.9,3127.8,582.4,24,47,16,73.66,142.24,172.72,170.18,43.18,30.48,632.46,april 6- april 12,CenterEast
Marianna,2021,Augusta A4467-3220GTD,216.4,101,245,117,13.583428,29.1,18.9,3127.8,582.4,24,47,16,73.66,142.24,172.72,170.18,43.18,30.48,632.46,april 6- april 12,CenterEast
Marianna,2021,Dyna-Gro D57VC51,216.2,101,245,117,13.570874,29.1,18.9,3127.8,582.4,24,47,16,73.66,142.24,172.72,170.18,43.18,30.48,632.46,april 6- april 12,CenterEast
Marianna,2021,NK1748-3110,216.1,101,245,117,13.564597,29.1,18.9,3127.8,582.4,24,47,16,73.66,142.24,172.72,170.18,43.18,30.48,632.46,april 6- april 12,CenterEast
Marianna,2021,CP5497,214.4,101,245,114,13.457888,29.1,18.9,3127.8,582.4,24,47,16,73.66,142.24,172.72,170.18,43.18,30.48,632.46,april 6- april 12,CenterEast
Marianna,2021,BH 8721VT2P,213.1,101,245,117,13.376287,29.1,18.9,3127.8,582.4,24,47,16,73.66,142.24,172.72,170.18,43.18,30.48,632.46,april 6- april 12,CenterEast
Marianna,2021,Progeny PGY9117VT2P,212.4,101,245,117,13.332348,29.1,18.9,3127.8,582.4,24,47,16,73.66,142.24,172.72,170.18,43.18,30.48,632.46,april 6- april 12,CenterEast
Marianna,2021,Local LC1407 VT2P,211.6,101,245,114,13.282132,29.1,18.9,3127.8,582.4,24,47,16,73.66,142.24,172.72,170.18,43.18,30.48,632.46,april 6- april 12,CenterEast
Marianna,2021,AgriGold A647-35-5222,210.5,101,245,117,13.213085,29.1,18.9,3127.8,582.4,24,47,16,73.66,142.24,172.72,170.18,43.18,30.48,632.46,april 6- april 12,CenterEast
Marianna,2021,Axis Seed 66A26RIB,210.5,101,245,116,13.213085,29.1,18.9,3127.8,582.4,24,47,16,73.66,142.24,172.72,170.18,43.18,30.48,632.46,april 6- april 12,CenterEast
Marianna,2021,Local LC1987 VT2P,210,101,245,119,13.1817,29.1,18.9,3127.8,582.4,24,47,16,73.66,142.24,172.72,170.18,43.18,30.48,632.46,april 6- april 12,CenterEast
Marianna,2021,Mission A1857SS,209.6,101,245,118,13.156592,29.1,18.9,3127.8,582.4,24,47,16,73.66,142.24,172.72,170.18,43.18,30.48,632.46,april 6- april 12,CenterEast
Marianna,2021,Local LC1919 VT2P,207,101,245,119,12.99339,29.1,18.9,3127.8,582.4,24,47,16,73.66,142.24,172.72,170.18,43.18,30.48,632.46,april 6- april 12,CenterEast
Marianna,2021,Hi-Fidelity HFG1132,205.2,101,245,113,12.880404,29.1,18.9,3127.8,582.4,24,47,16,73.66,142.24,172.72,170.18,43.18,30.48,632.46,april 6- april 12,CenterEast
Marianna,2021,Axis Seed 65T29RIB,204.9,101,245,115,12.861573,29.1,18.9,3127.8,582.4,24,47,16,73.66,142.24,172.72,170.18,43.18,30.48,632.46,april 6- april 12,CenterEast
Marianna,2021,Axis Seed 63M73RIB,201.1,101,245,113,12.623047,29.1,18.9,3127.8,582.4,24,47,16,73.66,142.24,172.72,170.18,43.18,30.48,632.46,april 6- april 12,CenterEast
Marianna,2021,Local LC1307 TC,199.9,101,245,113,12.547723,29.1,18.9,3127.8,582.4,24,47,16,73.66,142.24,172.72,170.18,43.18,30.48,632.46,april 6- april 12,CenterEast
Marianna,2021,Local LC1616 TC,199.9,101,245,116,12.547723,29.1,18.9,3127.8,582.4,24,47,16,73.66,142.24,172.72,170.18,43.18,30.48,632.46,april 6- april 12,CenterEast
Marianna,2021,Local LC1506 VT2P,196,101,245,115,12.30292,29.1,18.9,3127.8,582.4,24,47,16,73.66,142.24,172.72,170.18,43.18,30.48,632.46,april 6- april 12,CenterEast
Marianna,2021,Progeny PGY2015VT2P,192.9,101,245,115,12.108333,29.1,18.9,3127.8,582.4,24,47,16,73.66,142.24,172.72,170.18,43.18,30.48,632.46,april 6- april 12,CenterEast
Rohwer,2021,DEKALB DKC 68-69,236.6,119,249,118,14.851382,30.60793893,20.43763359,2815.23,545.01,25.52278626,53,21,104.14,93.98,510.54,241.3,76.2,0,1023.62,april 27- may 3,SouthEast
Rohwer,2021,Dyna-Gro D57VC51,236.4,119,249,117,14.838828,30.60793893,20.43763359,2815.23,545.01,25.52278626,53,21,104.14,93.98,510.54,241.3,76.2,0,1023.62,april 27- may 3,SouthEast
Rohwer,2021,DEKALB DKC 67-94,233.5,119,249,117,14.656795,30.60793893,20.43763359,2815.23,545.01,25.52278626,53,21,104.14,93.98,510.54,241.3,76.2,0,1023.62,april 27- may 3,SouthEast
Rohwer,2021,NK1661-5222A,232.7,119,249,116,14.606579,30.60793893,20.43763359,2815.23,545.01,25.52278626,53,21,104.14,93.98,510.54,241.3,76.2,0,1023.62,april 27- may 3,SouthEast
Rohwer,2021,NK1460-5222,228.7,119,249,114,14.355499,30.60793893,20.43763359,2815.23,545.01,25.52278626,53,21,104.14,93.98,510.54,241.3,76.2,0,1023.62,april 27- may 3,SouthEast
Rohwer,2021,Local LC1577 VT2P,228.6,119,249,115,14.349222,30.60793893,20.43763359,2815.23,545.01,25.52278626,53,21,104.14,93.98,510.54,241.3,76.2,0,1023.62,april 27- may 3,SouthEast
Rohwer,2021,CP5550VT2P,227.5,119,249,115,14.280175,30.60793893,20.43763359,2815.23,545.01,25.52278626,53,21,104.14,93.98,510.54,241.3,76.2,0,1023.62,april 27- may 3,SouthEast
Rohwer,2021,Dyna-Gro D55VC80,227.3,119,249,115,14.267621,30.60793893,20.43763359,2815.23,545.01,25.52278626,53,21,104.14,93.98,510.54,241.3,76.2,0,1023.62,april 27- may 3,SouthEast
Rohwer,2021,Pioneer P1731YHR,226.9,119,249,117,14.242513,30.60793893,20.43763359,2815.23,545.01,25.52278626,53,21,104.14,93.98,510.54,241.3,76.2,0,1023.62,april 27- may 3,SouthEast
Rohwer,2021,Progeny PGY2012VT2P,226.8,119,249,112,14.236236,30.60793893,20.43763359,2815.23,545.01,25.52278626,53,21,104.14,93.98,510.54,241.3,76.2,0,1023.62,april 27- may 3,SouthEast
Rohwer,2021,LG5701VT2PRO,226.2,119,249,116,14.198574,30.60793893,20.43763359,2815.23,545.01,25.52278626,53,21,104.14,93.98,510.54,241.3,76.2,0,1023.62,april 27- may 3,SouthEast
Rohwer,2021,Local LC1898 TC,224,119,249,118,14.06048,30.60793893,20.43763359,2815.23,545.01,25.52278626,53,21,104.14,93.98,510.54,241.3,76.2,0,1023.62,april 27- may 3,SouthEast
Rohwer,2021,Local LC1497 DGVT2P,223.7,119,249,114,14.041649,30.60793893,20.43763359,2815.23,545.01,25.52278626,53,21,104.14,93.98,510.54,241.3,76.2,0,1023.62,april 27- may 3,SouthEast
Rohwer,2021,DEKALB DKC 62-70,222.5,119,249,112,13.966325,30.60793893,20.43763359,2815.23,545.01,25.52278626,53,21,104.14,93.98,510.54,241.3,76.2,0,1023.62,april 27- may 3,SouthEast
Rohwer,2021,AgriGold A6544VT2RIB,221.5,119,249,113,13.903555,30.60793893,20.43763359,2815.23,545.01,25.52278626,53,21,104.14,93.98,510.54,241.3,76.2,0,1023.62,april 27- may 3,SouthEast
Rohwer,2021,Dyna-Gro D58VC65,221.2,119,249,118,13.884724,30.60793893,20.43763359,2815.23,545.01,25.52278626,53,21,104.14,93.98,510.54,241.3,76.2,0,1023.62,april 27- may 3,SouthEast
Rohwer,2021,LG5643VT2PRO,220.8,119,249,114,13.859616,30.60793893,20.43763359,2815.23,545.01,25.52278626,53,21,104.14,93.98,510.54,241.3,76.2,0,1023.62,april 27- may 3,SouthEast
Rohwer,2021,Local LC1407 VT2P,220.6,119,249,114,13.847062,30.60793893,20.43763359,2815.23,545.01,25.52278626,53,21,104.14,93.98,510.54,241.3,76.2,0,1023.62,april 27- may 3,SouthEast
Rohwer,2021,Local LC1307 TC,220.3,119,249,113,13.828231,30.60793893,20.43763359,2815.23,545.01,25.52278626,53,21,104.14,93.98,510.54,241.3,76.2,0,1023.62,april 27- may 3,SouthEast
Rohwer,2021,DEKALB DKC 65-99,219.9,119,249,115,13.803123,30.60793893,20.43763359,2815.23,545.01,25.52278626,53,21,104.14,93.98,510.54,241.3,76.2,0,1023.62,april 27- may 3,SouthEast
Rohwer,2021,DEKALB DKC 66-18,219.8,119,249,116,13.796846,30.60793893,20.43763359,2815.23,545.01,25.52278626,53,21,104.14,93.98,510.54,241.3,76.2,0,1023.62,april 27- may 3,SouthEast
Rohwer,2021,BH 8670TRE,219.8,119,249,116,13.796846,30.60793893,20.43763359,2815.23,545.01,25.52278626,53,21,104.14,93.98,510.54,241.3,76.2,0,1023.62,april 27- may 3,SouthEast
Rohwer,2021,DEKALB DKC 69-99,219.6,119,249,119,13.784292,30.60793893,20.43763359,2815.23,545.01,25.52278626,53,21,104.14,93.98,510.54,241.3,76.2,0,1023.62,april 27- may 3,SouthEast
Rohwer,2021,Augusta A4467-3220GTD,218.7,119,249,117,13.727799,30.60793893,20.43763359,2815.23,545.01,25.52278626,53,21,104.14,93.98,510.54,241.3,76.2,0,1023.62,april 27- may 3,SouthEast
Rohwer,2021,DEKALB DKC 62-89,218.3,119,249,112,13.702691,30.60793893,20.43763359,2815.23,545.01,25.52278626,53,21,104.14,93.98,510.54,241.3,76.2,0,1023.62,april 27- may 3,SouthEast
Rohwer,2021,DEKALB DKC 67-44,218.2,119,249,117,13.696414,30.60793893,20.43763359,2815.23,545.01,25.52278626,53,21,104.14,93.98,510.54,241.3,76.2,0,1023.62,april 27- may 3,SouthEast
Rohwer,2021,NK1082-3220A,217.8,119,249,110,13.671306,30.60793893,20.43763359,2815.23,545.01,25.52278626,53,21,104.14,93.98,510.54,241.3,76.2,0,1023.62,april 27- may 3,SouthEast
Rohwer,2021,BH 8966VT2P,217.6,119,249,119,13.658752,30.60793893,20.43763359,2815.23,545.01,25.52278626,53,21,104.14,93.98,510.54,241.3,76.2,0,1023.62,april 27- may 3,SouthEast
Rohwer,2021,Axis Seed 63K29RIB,217.5,119,249,113,13.652475,30.60793893,20.43763359,2815.23,545.01,25.52278626,53,21,104.14,93.98,510.54,241.3,76.2,0,1023.62,april 27- may 3,SouthEast
Rohwer,2021,Dyna-Gro D54VC14,217.4,119,249,114,13.646198,30.60793893,20.43763359,2815.23,545.01,25.52278626,53,21,104.14,93.98,510.54,241.3,76.2,0,1023.62,april 27- may 3,SouthEast
Rohwer,2021,DEKALB DKC 65-95,216.6,119,249,115,13.595982,30.60793893,20.43763359,2815.23,545.01,25.52278626,53,21,104.14,93.98,510.54,241.3,76.2,0,1023.62,april 27- may 3,SouthEast
Rohwer,2021,Progeny PGY8116SS,216.6,119,249,116,13.595982,30.60793893,20.43763359,2815.23,545.01,25.52278626,53,21,104.14,93.98,510.54,241.3,76.2,0,1023.62,april 27- may 3,SouthEast
Rohwer,2021,NK1523-3220,216.3,119,249,115,13.577151,30.60793893,20.43763359,2815.23,545.01,25.52278626,53,21,104.14,93.98,510.54,241.3,76.2,0,1023.62,april 27- may 3,SouthEast
Rohwer,2021,Local LC1707 VT2P,214.8,119,249,117,13.482996,30.60793893,20.43763359,2815.23,545.01,25.52278626,53,21,104.14,93.98,510.54,241.3,76.2,0,1023.62,april 27- may 3,SouthEast
Rohwer,2021,Mission A1689T,214.2,119,249,116,13.445334,30.60793893,20.43763359,2815.23,545.01,25.52278626,53,21,104.14,93.98,510.54,241.3,76.2,0,1023.62,april 27- may 3,SouthEast
Rohwer,2021,CP5370VTP,213.5,119,249,113,13.401395,30.60793893,20.43763359,2815.23,545.01,25.52278626,53,21,104.14,93.98,510.54,241.3,76.2,0,1023.62,april 27- may 3,SouthEast
Rohwer,2021,DEKALB DKC 68-95,213,119,249,118,13.37001,30.60793893,20.43763359,2815.23,545.01,25.52278626,53,21,104.14,93.98,510.54,241.3,76.2,0,1023.62,april 27- may 3,SouthEast
Rohwer,2021,Local LC1506 VT2P,212.6,119,249,115,13.344902,30.60793893,20.43763359,2815.23,545.01,25.52278626,53,21,104.14,93.98,510.54,241.3,76.2,0,1023.62,april 27- may 3,SouthEast
Rohwer,2021,Axis Seed 68P28RIB,211.2,119,249,118,13.257024,30.60793893,20.43763359,2815.23,545.01,25.52278626,53,21,104.14,93.98,510.54,241.3,76.2,0,1023.62,april 27- may 3,SouthEast
Rohwer,2021,Progeny PGY9114VT2P,211.1,119,249,114,13.250747,30.60793893,20.43763359,2815.23,545.01,25.52278626,53,21,104.14,93.98,510.54,241.3,76.2,0,1023.62,april 27- may 3,SouthEast
Rohwer,2021,AgriGold A6659VT2RIB,211,119,249,116,13.24447,30.60793893,20.43763359,2815.23,545.01,25.52278626,53,21,104.14,93.98,510.54,241.3,76.2,0,1023.62,april 27- may 3,SouthEast
Rohwer,2021,NK1748-3110,211,119,249,117,13.24447,30.60793893,20.43763359,2815.23,545.01,25.52278626,53,21,104.14,93.98,510.54,241.3,76.2,0,1023.62,april 27- may 3,SouthEast
Rohwer,2021,Dyna-Gro D54VC34,210.5,119,249,114,13.213085,30.60793893,20.43763359,2815.23,545.01,25.52278626,53,21,104.14,93.98,510.54,241.3,76.2,0,1023.62,april 27- may 3,SouthEast
Rohwer,2021,LG66C44VT2Pro,210.3,119,249,116,13.200531,30.60793893,20.43763359,2815.23,545.01,25.52278626,53,21,104.14,93.98,510.54,241.3,76.2,0,1023.62,april 27- may 3,SouthEast
Rohwer,2021,Progeny PGY2118VT2P,210.2,119,249,118,13.194254,30.60793893,20.43763359,2815.23,545.01,25.52278626,53,21,104.14,93.98,510.54,241.3,76.2,0,1023.62,april 27- may 3,SouthEast
Rohwer,2021,Hi-Fidelity HFG1132,209.2,119,249,113,13.131484,30.60793893,20.43763359,2815.23,545.01,25.52278626,53,21,104.14,93.98,510.54,241.3,76.2,0,1023.62,april 27- may 3,SouthEast
Rohwer,2021,NK1677-3110,207.7,119,249,116,13.037329,30.60793893,20.43763359,2815.23,545.01,25.52278626,53,21,104.14,93.98,510.54,241.3,76.2,0,1023.62,april 27- may 3,SouthEast
Rohwer,2021,Progeny PGYEXP115TRE,205.9,119,249,115,12.924343,30.60793893,20.43763359,2815.23,545.01,25.52278626,53,21,104.14,93.98,510.54,241.3,76.2,0,1023.62,april 27- may 3,SouthEast
Rohwer,2021,AgriGold A645-16VT2RIB,205.5,119,249,115,12.899235,30.60793893,20.43763359,2815.23,545.01,25.52278626,53,21,104.14,93.98,510.54,241.3,76.2,0,1023.62,april 27- may 3,SouthEast
Rohwer,2021,CP5497,205.2,119,249,114,12.880404,30.60793893,20.43763359,2815.23,545.01,25.52278626,53,21,104.14,93.98,510.54,241.3,76.2,0,1023.62,april 27- may 3,SouthEast
Rohwer,2021,Local LC1616 TC,203.7,119,249,116,12.786249,30.60793893,20.43763359,2815.23,545.01,25.52278626,53,21,104.14,93.98,510.54,241.3,76.2,0,1023.62,april 27- may 3,SouthEast
Rohwer,2021,Hi-Fidelity HFG1142,203.1,119,249,114,12.748587,30.60793893,20.43763359,2815.23,545.01,25.52278626,53,21,104.14,93.98,510.54,241.3,76.2,0,1023.62,april 27- may 3,SouthEast
Rohwer,2021,AgriGold A647-42TRC,202.6,119,249,117,12.717202,30.60793893,20.43763359,2815.23,545.01,25.52278626,53,21,104.14,93.98,510.54,241.3,76.2,0,1023.62,april 27- may 3,SouthEast
Rohwer,2021,Axis Seed 63M73RIB,199.6,119,249,113,12.528892,30.60793893,20.43763359,2815.23,545.01,25.52278626,53,21,104.14,93.98,510.54,241.3,76.2,0,1023.62,april 27- may 3,SouthEast
Rohwer,2021,Dyna-Gro D52VC63,197.6,119,249,112,12.403352,30.60793893,20.43763359,2815.23,545.01,25.52278626,53,21,104.14,93.98,510.54,241.3,76.2,0,1023.62,april 27- may 3,SouthEast
Rohwer,2021,Progeny PGYEXP116VT2P,197.4,119,249,116,12.390798,30.60793893,20.43763359,2815.23,545.01,25.52278626,53,21,104.14,93.98,510.54,241.3,76.2,0,1023.62,april 27- may 3,SouthEast
Rohwer,2021,Axis Seed 66A26RIB,196.8,119,249,116,12.353136,30.60793893,20.43763359,2815.23,545.01,25.52278626,53,21,104.14,93.98,510.54,241.3,76.2,0,1023.62,april 27- may 3,SouthEast
Rohwer,2021,BH 8721VT2P,196.1,119,249,117,12.309197,30.60793893,20.43763359,2815.23,545.01,25.52278626,53,21,104.14,93.98,510.54,241.3,76.2,0,1023.62,april 27- may 3,SouthEast
Rohwer,2021,Mission A1671TRE,194.8,119,249,116,12.227596,30.60793893,20.43763359,2815.23,545.01,25.52278626,53,21,104.14,93.98,510.54,241.3,76.2,0,1023.62,april 27- may 3,SouthEast
Rohwer,2021,Progeny PGY8116VT2P,194.5,119,249,116,12.208765,30.60793893,20.43763359,2815.23,545.01,25.52278626,53,21,104.14,93.98,510.54,241.3,76.2,0,1023.62,april 27- may 3,SouthEast
Rohwer,2021,AgriGold A647-35-5222,194.4,119,249,117,12.202488,30.60793893,20.43763359,2815.23,545.01,25.52278626,53,21,104.14,93.98,510.54,241.3,76.2,0,1023.62,april 27- may 3,SouthEast
Rohwer,2021,Progeny PGY9117VT2P,194,119,249,117,12.17738,30.60793893,20.43763359,2815.23,545.01,25.52278626,53,21,104.14,93.98,510.54,241.3,76.2,0,1023.62,april 27- may 3,SouthEast
Rohwer,2021,Local LC1987 VT2P,193.3,119,249,119,12.133441,30.60793893,20.43763359,2815.23,545.01,25.52278626,53,21,104.14,93.98,510.54,241.3,76.2,0,1023.62,april 27- may 3,SouthEast
Rohwer,2021,Progeny PGY2015VT2P,189.2,119,249,115,11.876084,30.60793893,20.43763359,2815.23,545.01,25.52278626,53,21,104.14,93.98,510.54,241.3,76.2,0,1023.62,april 27- may 3,SouthEast
Rohwer,2021,Pioneer P1847VYHR,185.7,119,249,118,11.656389,30.60793893,20.43763359,2815.23,545.01,25.52278626,53,21,104.14,93.98,510.54,241.3,76.2,0,1023.62,april 27- may 3,SouthEast
Rohwer,2021,Pioneer P2042VYHR,183.7,119,249,120,11.530849,30.60793893,20.43763359,2815.23,545.01,25.52278626,53,21,104.14,93.98,510.54,241.3,76.2,0,1023.62,april 27- may 3,SouthEast
Rohwer,2021,Local LC1919 VT2P,182.1,119,249,119,11.430417,30.60793893,20.43763359,2815.23,545.01,25.52278626,53,21,104.14,93.98,510.54,241.3,76.2,0,1023.62,april 27- may 3,SouthEast
Rohwer,2021,Mission A1857SS,177.3,119,249,118,11.129121,30.60793893,20.43763359,2815.23,545.01,25.52278626,53,21,104.14,93.98,510.54,241.3,76.2,0,1023.62,april 27- may 3,SouthEast
Rohwer,2021,Mission A1548DGVT2P,171.8,119,249,115,10.783886,30.60793893,20.43763359,2815.23,545.01,25.52278626,53,21,104.14,93.98,510.54,241.3,76.2,0,1023.62,april 27- may 3,SouthEast
Rohwer,2021,Axis Seed 65T29RIB,171.6,119,249,115,10.771332,30.60793893,20.43763359,2815.23,545.01,25.52278626,53,21,104.14,93.98,510.54,241.3,76.2,0,1023.62,april 27- may 3,SouthEast
Bellfarm,2021,LG5643VT2PRO,247,102,255,114,15.50419,28.44344156,18.44487013,3311.5,573.41,23.44415584,34,2,121.92,114.3,73.66,63.5,55.88,68.58,497.84,april 6- april 12,CenterEast
Bellfarm,2021,DEKALB DKC 65-99,246.8,102,255,115,15.491636,28.44344156,18.44487013,3311.5,573.41,23.44415584,34,2,121.92,114.3,73.66,63.5,55.88,68.58,497.84,april 6- april 12,CenterEast
Bellfarm,2021,Dyna-Gro D52VC63,244.8,102,255,112,15.366096,28.44344156,18.44487013,3311.5,573.41,23.44415584,34,2,121.92,114.3,73.66,63.5,55.88,68.58,497.84,april 6- april 12,CenterEast
Bellfarm,2021,Local LC1707 VT2P,239.7,102,255,117,15.045969,28.44344156,18.44487013,3311.5,573.41,23.44415584,34,2,121.92,114.3,73.66,63.5,55.88,68.58,497.84,april 6- april 12,CenterEast
Bellfarm,2021,DEKALB DKC 67-44,238.6,102,255,117,14.976922,28.44344156,18.44487013,3311.5,573.41,23.44415584,34,2,121.92,114.3,73.66,63.5,55.88,68.58,497.84,april 6- april 12,CenterEast
Bellfarm,2021,Progeny PGY2118VT2P,237.3,102,255,118,14.895321,28.44344156,18.44487013,3311.5,573.41,23.44415584,34,2,121.92,114.3,73.66,63.5,55.88,68.58,497.84,april 6- april 12,CenterEast
Bellfarm,2021,LG5701VT2PRO,237,102,255,116,14.87649,28.44344156,18.44487013,3311.5,573.41,23.44415584,34,2,121.92,114.3,73.66,63.5,55.88,68.58,497.84,april 6- april 12,CenterEast
Bellfarm,2021,CP5370VTP,236.7,102,255,113,14.857659,28.44344156,18.44487013,3311.5,573.41,23.44415584,34,2,121.92,114.3,73.66,63.5,55.88,68.58,497.84,april 6- april 12,CenterEast
Bellfarm,2021,BH 8966VT2P,236.5,102,255,119,14.845105,28.44344156,18.44487013,3311.5,573.41,23.44415584,34,2,121.92,114.3,73.66,63.5,55.88,68.58,497.84,april 6- april 12,CenterEast
Bellfarm,2021,Axis Seed 63K29RIB,235.3,102,255,113,14.769781,28.44344156,18.44487013,3311.5,573.41,23.44415584,34,2,121.92,114.3,73.66,63.5,55.88,68.58,497.84,april 6- april 12,CenterEast
Bellfarm,2021,Dyna-Gro D57VC51,234.3,102,255,117,14.707011,28.44344156,18.44487013,3311.5,573.41,23.44415584,34,2,121.92,114.3,73.66,63.5,55.88,68.58,497.84,april 6- april 12,CenterEast
Bellfarm,2021,Dyna-Gro D54VC34,233.6,102,255,114,14.663072,28.44344156,18.44487013,3311.5,573.41,23.44415584,34,2,121.92,114.3,73.66,63.5,55.88,68.58,497.84,april 6- april 12,CenterEast
Bellfarm,2021,DEKALB DKC 67-94,233.5,102,255,117,14.656795,28.44344156,18.44487013,3311.5,573.41,23.44415584,34,2,121.92,114.3,73.66,63.5,55.88,68.58,497.84,april 6- april 12,CenterEast
Bellfarm,2021,Dyna-Gro D54VC14,233.2,102,255,114,14.637964,28.44344156,18.44487013,3311.5,573.41,23.44415584,34,2,121.92,114.3,73.66,63.5,55.88,68.58,497.84,april 6- april 12,CenterEast
Bellfarm,2021,Axis Seed 63M73RIB,232.3,102,255,113,14.581471,28.44344156,18.44487013,3311.5,573.41,23.44415584,34,2,121.92,114.3,73.66,63.5,55.88,68.58,497.84,april 6- april 12,CenterEast
Bellfarm,2021,AgriGold A6544VT2RIB,232.1,102,255,113,14.568917,28.44344156,18.44487013,3311.5,573.41,23.44415584,34,2,121.92,114.3,73.66,63.5,55.88,68.58,497.84,april 6- april 12,CenterEast
Bellfarm,2021,DEKALB DKC 69-99,231.9,102,255,119,14.556363,28.44344156,18.44487013,3311.5,573.41,23.44415584,34,2,121.92,114.3,73.66,63.5,55.88,68.58,497.84,april 6- april 12,CenterEast
Bellfarm,2021,Axis Seed 68P28RIB,231.1,102,255,118,14.506147,28.44344156,18.44487013,3311.5,573.41,23.44415584,34,2,121.92,114.3,73.66,63.5,55.88,68.58,497.84,april 6- april 12,CenterEast
Bellfarm,2021,Local LC1506 VT2P,230.8,102,255,115,14.487316,28.44344156,18.44487013,3311.5,573.41,23.44415584,34,2,121.92,114.3,73.66,63.5,55.88,68.58,497.84,april 6- april 12,CenterEast
Bellfarm,2021,DEKALB DKC 65-95,230.2,102,255,115,14.449654,28.44344156,18.44487013,3311.5,573.41,23.44415584,34,2,121.92,114.3,73.66,63.5,55.88,68.58,497.84,april 6- april 12,CenterEast
Bellfarm,2021,Dyna-Gro D58VC65,229.3,102,255,118,14.393161,28.44344156,18.44487013,3311.5,573.41,23.44415584,34,2,121.92,114.3,73.66,63.5,55.88,68.58,497.84,april 6- april 12,CenterEast
Bellfarm,2021,NK1748-3110,228.1,102,255,117,14.317837,28.44344156,18.44487013,3311.5,573.41,23.44415584,34,2,121.92,114.3,73.66,63.5,55.88,68.58,497.84,april 6- april 12,CenterEast
Bellfarm,2021,LG66C44VT2Pro,227.7,102,255,116,14.292729,28.44344156,18.44487013,3311.5,573.41,23.44415584,34,2,121.92,114.3,73.66,63.5,55.88,68.58,497.84,april 6- april 12,CenterEast
Bellfarm,2021,AgriGold A645-16VT2RIB,227.3,102,255,115,14.267621,28.44344156,18.44487013,3311.5,573.41,23.44415584,34,2,121.92,114.3,73.66,63.5,55.88,68.58,497.84,april 6- april 12,CenterEast
Bellfarm,2021,DEKALB DKC 68-69,227.3,102,255,118,14.267621,28.44344156,18.44487013,3311.5,573.41,23.44415584,34,2,121.92,114.3,73.66,63.5,55.88,68.58,497.84,april 6- april 12,CenterEast
Bellfarm,2021,NK1460-5222,227.1,102,255,114,14.255067,28.44344156,18.44487013,3311.5,573.41,23.44415584,34,2,121.92,114.3,73.66,63.5,55.88,68.58,497.84,april 6- april 12,CenterEast
Bellfarm,2021,CP5497,226.4,102,255,114,14.211128,28.44344156,18.44487013,3311.5,573.41,23.44415584,34,2,121.92,114.3,73.66,63.5,55.88,68.58,497.84,april 6- april 12,CenterEast
Bellfarm,2021,AgriGold A6659VT2RIB,226.1,102,255,116,14.192297,28.44344156,18.44487013,3311.5,573.41,23.44415584,34,2,121.92,114.3,73.66,63.5,55.88,68.58,497.84,april 6- april 12,CenterEast
Bellfarm,2021,Mission A1689T,225.4,102,255,116,14.148358,28.44344156,18.44487013,3311.5,573.41,23.44415584,34,2,121.92,114.3,73.66,63.5,55.88,68.58,497.84,april 6- april 12,CenterEast
Bellfarm,2021,DEKALB DKC 62-70,225,102,255,112,14.12325,28.44344156,18.44487013,3311.5,573.41,23.44415584,34,2,121.92,114.3,73.66,63.5,55.88,68.58,497.84,april 6- april 12,CenterEast
Bellfarm,2021,Mission A1548DGVT2P,225,102,255,115,14.12325,28.44344156,18.44487013,3311.5,573.41,23.44415584,34,2,121.92,114.3,73.66,63.5,55.88,68.58,497.84,april 6- april 12,CenterEast
Bellfarm,2021,Dyna-Gro D55VC80,224.9,102,255,115,14.116973,28.44344156,18.44487013,3311.5,573.41,23.44415584,34,2,121.92,114.3,73.66,63.5,55.88,68.58,497.84,april 6- april 12,CenterEast
Bellfarm,2021,CP5550VT2P,224.8,102,255,115,14.110696,28.44344156,18.44487013,3311.5,573.41,23.44415584,34,2,121.92,114.3,73.66,63.5,55.88,68.58,497.84,april 6- april 12,CenterEast
Bellfarm,2021,Local LC1577 VT2P,223.2,102,255,115,14.010264,28.44344156,18.44487013,3311.5,573.41,23.44415584,34,2,121.92,114.3,73.66,63.5,55.88,68.58,497.84,april 6- april 12,CenterEast
Bellfarm,2021,BH 8670TRE,223.2,102,255,116,14.010264,28.44344156,18.44487013,3311.5,573.41,23.44415584,34,2,121.92,114.3,73.66,63.5,55.88,68.58,497.84,april 6- april 12,CenterEast
Bellfarm,2021,AgriGold A647-42TRC,222.8,102,255,117,13.985156,28.44344156,18.44487013,3311.5,573.41,23.44415584,34,2,121.92,114.3,73.66,63.5,55.88,68.58,497.84,april 6- april 12,CenterEast
Bellfarm,2021,Local LC1898 TC,222.7,102,255,118,13.978879,28.44344156,18.44487013,3311.5,573.41,23.44415584,34,2,121.92,114.3,73.66,63.5,55.88,68.58,497.84,april 6- april 12,CenterEast
Bellfarm,2021,AgriGold A647-35-5222,220.8,102,255,117,13.859616,28.44344156,18.44487013,3311.5,573.41,23.44415584,34,2,121.92,114.3,73.66,63.5,55.88,68.58,497.84,april 6- april 12,CenterEast
Bellfarm,2021,BH 8721VT2P,220.4,102,255,117,13.834508,28.44344156,18.44487013,3311.5,573.41,23.44415584,34,2,121.92,114.3,73.66,63.5,55.88,68.58,497.84,april 6- april 12,CenterEast
Bellfarm,2021,Local LC1919 VT2P,220.1,102,255,119,13.815677,28.44344156,18.44487013,3311.5,573.41,23.44415584,34,2,121.92,114.3,73.66,63.5,55.88,68.58,497.84,april 6- april 12,CenterEast
Bellfarm,2021,Progeny PGY9114VT2P,219.4,102,255,114,13.771738,28.44344156,18.44487013,3311.5,573.41,23.44415584,34,2,121.92,114.3,73.66,63.5,55.88,68.58,497.84,april 6- april 12,CenterEast
Bellfarm,2021,Local LC1497 DGVT2P,219.3,102,255,114,13.765461,28.44344156,18.44487013,3311.5,573.41,23.44415584,34,2,121.92,114.3,73.66,63.5,55.88,68.58,497.84,april 6- april 12,CenterEast
Bellfarm,2021,Axis Seed 66A26RIB,219,102,255,116,13.74663,28.44344156,18.44487013,3311.5,573.41,23.44415584,34,2,121.92,114.3,73.66,63.5,55.88,68.58,497.84,april 6- april 12,CenterEast
Bellfarm,2021,Progeny PGY2012VT2P,218.9,102,255,112,13.740353,28.44344156,18.44487013,3311.5,573.41,23.44415584,34,2,121.92,114.3,73.66,63.5,55.88,68.58,497.84,april 6- april 12,CenterEast
Bellfarm,2021,DEKALB DKC 66-18,218.1,102,255,116,13.690137,28.44344156,18.44487013,3311.5,573.41,23.44415584,34,2,121.92,114.3,73.66,63.5,55.88,68.58,497.84,april 6- april 12,CenterEast
Bellfarm,2021,Local LC1307 TC,216.9,102,255,113,13.614813,28.44344156,18.44487013,3311.5,573.41,23.44415584,34,2,121.92,114.3,73.66,63.5,55.88,68.58,497.84,april 6- april 12,CenterEast
Bellfarm,2021,Pioneer P1847VYHR,216.2,102,255,118,13.570874,28.44344156,18.44487013,3311.5,573.41,23.44415584,34,2,121.92,114.3,73.66,63.5,55.88,68.58,497.84,april 6- april 12,CenterEast
Bellfarm,2021,NK1082-3220A,213.3,102,255,110,13.388841,28.44344156,18.44487013,3311.5,573.41,23.44415584,34,2,121.92,114.3,73.66,63.5,55.88,68.58,497.84,april 6- april 12,CenterEast
Bellfarm,2021,Axis Seed 65T29RIB,210.7,102,255,115,13.225639,28.44344156,18.44487013,3311.5,573.41,23.44415584,34,2,121.92,114.3,73.66,63.5,55.88,68.58,497.84,april 6- april 12,CenterEast
Bellfarm,2021,Progeny PGYEXP115TRE,209.6,102,255,115,13.156592,28.44344156,18.44487013,3311.5,573.41,23.44415584,34,2,121.92,114.3,73.66,63.5,55.88,68.58,497.84,april 6- april 12,CenterEast
Bellfarm,2021,DEKALB DKC 62-89,208.7,102,255,112,13.100099,28.44344156,18.44487013,3311.5,573.41,23.44415584,34,2,121.92,114.3,73.66,63.5,55.88,68.58,497.84,april 6- april 12,CenterEast
Bellfarm,2021,Mission A1671TRE,208.5,102,255,116,13.087545,28.44344156,18.44487013,3311.5,573.41,23.44415584,34,2,121.92,114.3,73.66,63.5,55.88,68.58,497.84,april 6- april 12,CenterEast
Bellfarm,2021,NK1661-5222A,207.8,102,255,116,13.043606,28.44344156,18.44487013,3311.5,573.41,23.44415584,34,2,121.92,114.3,73.66,63.5,55.88,68.58,497.84,april 6- april 12,CenterEast
Bellfarm,2021,DEKALB DKC 68-95,207.5,102,255,118,13.024775,28.44344156,18.44487013,3311.5,573.41,23.44415584,34,2,121.92,114.3,73.66,63.5,55.88,68.58,497.84,april 6- april 12,CenterEast
Bellfarm,2021,Progeny PGY8116VT2P,207.1,102,255,116,12.999667,28.44344156,18.44487013,3311.5,573.41,23.44415584,34,2,121.92,114.3,73.66,63.5,55.88,68.58,497.84,april 6- april 12,CenterEast
Bellfarm,2021,Local LC1407 VT2P,207,102,255,114,12.99339,28.44344156,18.44487013,3311.5,573.41,23.44415584,34,2,121.92,114.3,73.66,63.5,55.88,68.58,497.84,april 6- april 12,CenterEast
Bellfarm,2021,NK1523-3220,206.1,102,255,115,12.936897,28.44344156,18.44487013,3311.5,573.41,23.44415584,34,2,121.92,114.3,73.66,63.5,55.88,68.58,497.84,april 6- april 12,CenterEast
Bellfarm,2021,Progeny PGY9117VT2P,205.9,102,255,117,12.924343,28.44344156,18.44487013,3311.5,573.41,23.44415584,34,2,121.92,114.3,73.66,63.5,55.88,68.58,497.84,april 6- april 12,CenterEast
Bellfarm,2021,Progeny PGYEXP116VT2P,205.7,102,255,116,12.911789,28.44344156,18.44487013,3311.5,573.41,23.44415584,34,2,121.92,114.3,73.66,63.5,55.88,68.58,497.84,april 6- april 12,CenterEast
Bellfarm,2021,Local LC1616 TC,205.5,102,255,116,12.899235,28.44344156,18.44487013,3311.5,573.41,23.44415584,34,2,121.92,114.3,73.66,63.5,55.88,68.58,497.84,april 6- april 12,CenterEast
Bellfarm,2021,Progeny PGY2015VT2P,205.5,102,255,115,12.899235,28.44344156,18.44487013,3311.5,573.41,23.44415584,34,2,121.92,114.3,73.66,63.5,55.88,68.58,497.84,april 6- april 12,CenterEast
Bellfarm,2021,NK1677-3110,205.1,102,255,116,12.874127,28.44344156,18.44487013,3311.5,573.41,23.44415584,34,2,121.92,114.3,73.66,63.5,55.88,68.58,497.84,april 6- april 12,CenterEast
Bellfarm,2021,Local LC1987 VT2P,203.9,102,255,119,12.798803,28.44344156,18.44487013,3311.5,573.41,23.44415584,34,2,121.92,114.3,73.66,63.5,55.88,68.58,497.84,april 6- april 12,CenterEast
Bellfarm,2021,Pioneer P2042VYHR,199.7,102,255,120,12.535169,28.44344156,18.44487013,3311.5,573.41,23.44415584,34,2,121.92,114.3,73.66,63.5,55.88,68.58,497.84,april 6- april 12,CenterEast
Bellfarm,2021,Augusta A4467-3220GTD,197.6,102,255,117,12.403352,28.44344156,18.44487013,3311.5,573.41,23.44415584,34,2,121.92,114.3,73.66,63.5,55.88,68.58,497.84,april 6- april 12,CenterEast
Bellfarm,2021,Pioneer P1731YHR,196.7,102,255,117,12.346859,28.44344156,18.44487013,3311.5,573.41,23.44415584,34,2,121.92,114.3,73.66,63.5,55.88,68.58,497.84,april 6- april 12,CenterEast
Bellfarm,2021,Progeny PGY8116SS,194.1,102,255,116,12.183657,28.44344156,18.44487013,3311.5,573.41,23.44415584,34,2,121.92,114.3,73.66,63.5,55.88,68.58,497.84,april 6- april 12,CenterEast
Bellfarm,2021,Mission A1857SS,185.2,102,255,118,11.625004,28.44344156,18.44487013,3311.5,573.41,23.44415584,34,2,121.92,114.3,73.66,63.5,55.88,68.58,497.84,april 6- april 12,CenterEast
Keiser,2022,Revere ZS1525 3220A,226.1,121,283,115,14.192297,31.08754601,19.33343558,3601.72,382.5,25.2104908,72,33,165.1,121.92,137.16,119.38,66.04,12.7,622.3,april 27- may 3,NorthEast
Keiser,2022,Revere 1919 VT2P,225.9,121,283,119,14.179743,31.08754601,19.33343558,3601.72,382.5,25.2104908,72,33,165.1,121.92,137.16,119.38,66.04,12.7,622.3,april 27- may 3,NorthEast
Keiser,2022,Innvictis A1551VT2P,225.6,121,283,115,14.160912,31.08754601,19.33343558,3601.72,382.5,25.2104908,72,33,165.1,121.92,137.16,119.38,66.04,12.7,622.3,april 27- may 3,NorthEast
Keiser,2022,CP5678,225.1,121,283,116,14.129527,31.08754601,19.33343558,3601.72,382.5,25.2104908,72,33,165.1,121.92,137.16,119.38,66.04,12.7,622.3,april 27- may 3,NorthEast
Keiser,2022,DEKALB DKC 64-22,224,121,283,114,14.06048,31.08754601,19.33343558,3601.72,382.5,25.2104908,72,33,165.1,121.92,137.16,119.38,66.04,12.7,622.3,april 27- may 3,NorthEast
Keiser,2022,Master Farmer MBE172-3110,223.8,121,283,117,14.047926,31.08754601,19.33343558,3601.72,382.5,25.2104908,72,33,165.1,121.92,137.16,119.38,66.04,12.7,622.3,april 27- may 3,NorthEast
Keiser,2022,AgriGold A643-52VT2PRO,222.3,121,283,113,13.953771,31.08754601,19.33343558,3601.72,382.5,25.2104908,72,33,165.1,121.92,137.16,119.38,66.04,12.7,622.3,april 27- may 3,NorthEast
Keiser,2022,Pioneer P1608YHR,220.5,121,283,116,13.840785,31.08754601,19.33343558,3601.72,382.5,25.2104908,72,33,165.1,121.92,137.16,119.38,66.04,12.7,622.3,april 27- may 3,NorthEast
Keiser,2022,Axis 64E72RIB,219.2,121,283,114,13.759184,31.08754601,19.33343558,3601.72,382.5,25.2104908,72,33,165.1,121.92,137.16,119.38,66.04,12.7,622.3,april 27- may 3,NorthEast
Keiser,2022,Axis 63M73RIB,218.9,121,283,113,13.740353,31.08754601,19.33343558,3601.72,382.5,25.2104908,72,33,165.1,121.92,137.16,119.38,66.04,12.7,622.3,april 27- may 3,NorthEast
Keiser,2022,Revere 1307 TC,217.7,121,283,113,13.665029,31.08754601,19.33343558,3601.72,382.5,25.2104908,72,33,165.1,121.92,137.16,119.38,66.04,12.7,622.3,april 27- may 3,NorthEast
Keiser,2022,NK1523-3220,217.3,121,283,115,13.639921,31.08754601,19.33343558,3601.72,382.5,25.2104908,72,33,165.1,121.92,137.16,119.38,66.04,12.7,622.3,april 27- may 3,NorthEast
Keiser,2022,NK1460-5222,216.2,121,283,114,13.570874,31.08754601,19.33343558,3601.72,382.5,25.2104908,72,33,165.1,121.92,137.16,119.38,66.04,12.7,622.3,april 27- may 3,NorthEast
Keiser,2022,NK1677-3110,215.6,121,283,116,13.533212,31.08754601,19.33343558,3601.72,382.5,25.2104908,72,33,165.1,121.92,137.16,119.38,66.04,12.7,622.3,april 27- may 3,NorthEast
Keiser,2022,Innvictis A1689T,215.6,121,283,116,13.533212,31.08754601,19.33343558,3601.72,382.5,25.2104908,72,33,165.1,121.92,137.16,119.38,66.04,12.7,622.3,april 27- may 3,NorthEast
Keiser,2022,Progeny PGY2015VT2P,215.6,121,283,115,13.533212,31.08754601,19.33343558,3601.72,382.5,25.2104908,72,33,165.1,121.92,137.16,119.38,66.04,12.7,622.3,april 27- may 3,NorthEast
Keiser,2022,Progeny PGY9114VT2P,215.3,121,283,114,13.514381,31.08754601,19.33343558,3601.72,382.5,25.2104908,72,33,165.1,121.92,137.16,119.38,66.04,12.7,622.3,april 27- may 3,NorthEast
Keiser,2022,DEKALB DKC 62-70,215.1,121,283,112,13.501827,31.08754601,19.33343558,3601.72,382.5,25.2104908,72,33,165.1,121.92,137.16,119.38,66.04,12.7,622.3,april 27- may 3,NorthEast
Keiser,2022,AgriGold A645-16VT2RIB,214.2,121,283,115,13.445334,31.08754601,19.33343558,3601.72,382.5,25.2104908,72,33,165.1,121.92,137.16,119.38,66.04,12.7,622.3,april 27- may 3,NorthEast
Keiser,2022,Dyna-Gro D57VC53,213.4,121,283,117,13.395118,31.08754601,19.33343558,3601.72,382.5,25.2104908,72,33,165.1,121.92,137.16,119.38,66.04,12.7,622.3,april 27- may 3,NorthEast
Keiser,2022,DEKALB DKC 67-44,212.4,121,283,117,13.332348,31.08754601,19.33343558,3601.72,382.5,25.2104908,72,33,165.1,121.92,137.16,119.38,66.04,12.7,622.3,april 27- may 3,NorthEast
Keiser,2022,CP20117C/VT2P,212.4,121,283,117,13.332348,31.08754601,19.33343558,3601.72,382.5,25.2104908,72,33,165.1,121.92,137.16,119.38,66.04,12.7,622.3,april 27- may 3,NorthEast
Keiser,2022,LG67C07VT2Pro,212.3,121,283,117,13.326071,31.08754601,19.33343558,3601.72,382.5,25.2104908,72,33,165.1,121.92,137.16,119.38,66.04,12.7,622.3,april 27- may 3,NorthEast
Keiser,2022,LG66C44VT2Pro,212.2,121,283,116,13.319794,31.08754601,19.33343558,3601.72,382.5,25.2104908,72,33,165.1,121.92,137.16,119.38,66.04,12.7,622.3,april 27- may 3,NorthEast
Keiser,2022,Progeny PGY9117VT2P,212,121,283,117,13.30724,31.08754601,19.33343558,3601.72,382.5,25.2104908,72,33,165.1,121.92,137.16,119.38,66.04,12.7,622.3,april 27- may 3,NorthEast
Keiser,2022,Dyna-Gro D57VC51,211.9,121,283,117,13.300963,31.08754601,19.33343558,3601.72,382.5,25.2104908,72,33,165.1,121.92,137.16,119.38,66.04,12.7,622.3,april 27- may 3,NorthEast
Keiser,2022,DEKALB DKC 66-06,211.7,121,283,116,13.288409,31.08754601,19.33343558,3601.72,382.5,25.2104908,72,33,165.1,121.92,137.16,119.38,66.04,12.7,622.3,april 27- may 3,NorthEast
Keiser,2022,Dyna-Gro D58VC65,211.7,121,283,118,13.288409,31.08754601,19.33343558,3601.72,382.5,25.2104908,72,33,165.1,121.92,137.16,119.38,66.04,12.7,622.3,april 27- may 3,NorthEast
Keiser,2022,Dyna-Gro D54VC14,211.2,121,283,114,13.257024,31.08754601,19.33343558,3601.72,382.5,25.2104908,72,33,165.1,121.92,137.16,119.38,66.04,12.7,622.3,april 27- may 3,NorthEast
Keiser,2022,NK1349-3220,210.5,121,283,113,13.213085,31.08754601,19.33343558,3601.72,382.5,25.2104908,72,33,165.1,121.92,137.16,119.38,66.04,12.7,622.3,april 27- may 3,NorthEast
Keiser,2022,DEKALB DKC 65-99,209.1,121,283,115,13.125207,31.08754601,19.33343558,3601.72,382.5,25.2104908,72,33,165.1,121.92,137.16,119.38,66.04,12.7,622.3,april 27- may 3,NorthEast
Keiser,2022,Pioneer P1289YHR,208.4,121,283,112,13.081268,31.08754601,19.33343558,3601.72,382.5,25.2104908,72,33,165.1,121.92,137.16,119.38,66.04,12.7,622.3,april 27- may 3,NorthEast
Keiser,2022,Pioneer P1718VYHR,208.4,121,283,117,13.081268,31.08754601,19.33343558,3601.72,382.5,25.2104908,72,33,165.1,121.92,137.16,119.38,66.04,12.7,622.3,april 27- may 3,NorthEast
Keiser,2022,LG66C06VT2Pro,208.1,121,283,116,13.062437,31.08754601,19.33343558,3601.72,382.5,25.2104908,72,33,165.1,121.92,137.16,119.38,66.04,12.7,622.3,april 27- may 3,NorthEast
Keiser,2022,BH 8412VT2P,208,121,283,114,13.05616,31.08754601,19.33343558,3601.72,382.5,25.2104908,72,33,165.1,121.92,137.16,119.38,66.04,12.7,622.3,april 27- may 3,NorthEast
Keiser,2022,LG69C03VT2Pro,207.8,121,283,119,13.043606,31.08754601,19.33343558,3601.72,382.5,25.2104908,72,33,165.1,121.92,137.16,119.38,66.04,12.7,622.3,april 27- may 3,NorthEast
Keiser,2022,NK1082-5222A,207.1,121,283,110,12.999667,31.08754601,19.33343558,3601.72,382.5,25.2104908,72,33,165.1,121.92,137.16,119.38,66.04,12.7,622.3,april 27- may 3,NorthEast
Keiser,2022,Pioneer P1511YHR,207,121,283,115,12.99339,31.08754601,19.33343558,3601.72,382.5,25.2104908,72,33,165.1,121.92,137.16,119.38,66.04,12.7,622.3,april 27- may 3,NorthEast
Keiser,2022,Progeny PGY2118VT2P,206.6,121,283,118,12.968282,31.08754601,19.33343558,3601.72,382.5,25.2104908,72,33,165.1,121.92,137.16,119.38,66.04,12.7,622.3,april 27- may 3,NorthEast
Keiser,2022,AgriGold A647-79VT2PRO,206.3,121,283,117,12.949451,31.08754601,19.33343558,3601.72,382.5,25.2104908,72,33,165.1,121.92,137.16,119.38,66.04,12.7,622.3,april 27- may 3,NorthEast
Keiser,2022,Pioneer P1170YHR,205.2,121,283,111,12.880404,31.08754601,19.33343558,3601.72,382.5,25.2104908,72,33,165.1,121.92,137.16,119.38,66.04,12.7,622.3,april 27- may 3,NorthEast
Keiser,2022,BH X22045,205.1,121,283,115,12.874127,31.08754601,19.33343558,3601.72,382.5,25.2104908,72,33,165.1,121.92,137.16,119.38,66.04,12.7,622.3,april 27- may 3,NorthEast
Keiser,2022,NK1838-3110,205,121,283,118,12.86785,31.08754601,19.33343558,3601.72,382.5,25.2104908,72,33,165.1,121.92,137.16,119.38,66.04,12.7,622.3,april 27- may 3,NorthEast
Keiser,2022,BH X22002VT2P,204.6,121,283,115,12.842742,31.08754601,19.33343558,3601.72,382.5,25.2104908,72,33,165.1,121.92,137.16,119.38,66.04,12.7,622.3,april 27- may 3,NorthEast
Keiser,2022,Master Farmer MRZ-C152-5122- EZ1,203.6,121,283,115,12.779972,31.08754601,19.33343558,3601.72,382.5,25.2104908,72,33,165.1,121.92,137.16,119.38,66.04,12.7,622.3,april 27- may 3,NorthEast
Keiser,2022,Revere 1898 TC,203.2,121,283,118,12.754864,31.08754601,19.33343558,3601.72,382.5,25.2104908,72,33,165.1,121.92,137.16,119.38,66.04,12.7,622.3,april 27- may 3,NorthEast
Keiser,2022,Progeny PGY2215TRE,203.1,121,283,115,12.748587,31.08754601,19.33343558,3601.72,382.5,25.2104908,72,33,165.1,121.92,137.16,119.38,66.04,12.7,622.3,april 27- may 3,NorthEast
Keiser,2022,Progeny PGY8116SS,202.9,121,283,116,12.736033,31.08754601,19.33343558,3601.72,382.5,25.2104908,72,33,165.1,121.92,137.16,119.38,66.04,12.7,622.3,april 27- may 3,NorthEast
Keiser,2022,Pioneer P1222YHR,202.8,121,283,112,12.729756,31.08754601,19.33343558,3601.72,382.5,25.2104908,72,33,165.1,121.92,137.16,119.38,66.04,12.7,622.3,april 27- may 3,NorthEast
Keiser,2022,Axis 65T29RIB,202.6,121,283,115,12.717202,31.08754601,19.33343558,3601.72,382.5,25.2104908,72,33,165.1,121.92,137.16,119.38,66.04,12.7,622.3,april 27- may 3,NorthEast
Keiser,2022,Axis 68P28RIB,201.4,121,283,118,12.641878,31.08754601,19.33343558,3601.72,382.5,25.2104908,72,33,165.1,121.92,137.16,119.38,66.04,12.7,622.3,april 27- may 3,NorthEast
Keiser,2022,BH 8721VT2P,200.4,121,283,117,12.579108,31.08754601,19.33343558,3601.72,382.5,25.2104908,72,33,165.1,121.92,137.16,119.38,66.04,12.7,622.3,april 27- may 3,NorthEast
Keiser,2022,Revere 1627 TC,200,121,283,116,12.554,31.08754601,19.33343558,3601.72,382.5,25.2104908,72,33,165.1,121.92,137.16,119.38,66.04,12.7,622.3,april 27- may 3,NorthEast
Keiser,2022,CP5497,199.9,121,283,114,12.547723,31.08754601,19.33343558,3601.72,382.5,25.2104908,72,33,165.1,121.92,137.16,119.38,66.04,12.7,622.3,april 27- may 3,NorthEast
Keiser,2022,DEKALB DKC 70-45,199.6,121,283,120,12.528892,31.08754601,19.33343558,3601.72,382.5,25.2104908,72,33,165.1,121.92,137.16,119.38,66.04,12.7,622.3,april 27- may 3,NorthEast
Keiser,2022,Revere 1707 VT2P,198.6,121,283,117,12.466122,31.08754601,19.33343558,3601.72,382.5,25.2104908,72,33,165.1,121.92,137.16,119.38,66.04,12.7,622.3,april 27- may 3,NorthEast
Keiser,2022,Axis 65W75RIB,198.1,121,283,115,12.434737,31.08754601,19.33343558,3601.72,382.5,25.2104908,72,33,165.1,121.92,137.16,119.38,66.04,12.7,622.3,april 27- may 3,NorthEast
Keiser,2022,CP5550,197.8,121,283,115,12.415906,31.08754601,19.33343558,3601.72,382.5,25.2104908,72,33,165.1,121.92,137.16,119.38,66.04,12.7,622.3,april 27- may 3,NorthEast
Keiser,2022,Dyna-Gro D52VC63,197.7,121,283,112,12.409629,31.08754601,19.33343558,3601.72,382.5,25.2104908,72,33,165.1,121.92,137.16,119.38,66.04,12.7,622.3,april 27- may 3,NorthEast
Keiser,2022,NK1701-3220,197.2,121,283,117,12.378244,31.08754601,19.33343558,3601.72,382.5,25.2104908,72,33,165.1,121.92,137.16,119.38,66.04,12.7,622.3,april 27- may 3,NorthEast
Keiser,2022,BH 8644TRE,196.1,121,283,116,12.309197,31.08754601,19.33343558,3601.72,382.5,25.2104908,72,33,165.1,121.92,137.16,119.38,66.04,12.7,622.3,april 27- may 3,NorthEast
Keiser,2022,Revere 1577 VT2P,196.1,121,283,115,12.309197,31.08754601,19.33343558,3601.72,382.5,25.2104908,72,33,165.1,121.92,137.16,119.38,66.04,12.7,622.3,april 27- may 3,NorthEast
Keiser,2022,DEKALB DKC 69-99,194.6,121,283,119,12.215042,31.08754601,19.33343558,3601.72,382.5,25.2104908,72,33,165.1,121.92,137.16,119.38,66.04,12.7,622.3,april 27- may 3,NorthEast
Keiser,2022,AgriGold A650-21VT2PRO,194.1,121,283,120,12.183657,31.08754601,19.33343558,3601.72,382.5,25.2104908,72,33,165.1,121.92,137.16,119.38,66.04,12.7,622.3,april 27- may 3,NorthEast
Keiser,2022,Dyna-Gro D55VC80,193.7,121,283,115,12.158549,31.08754601,19.33343558,3601.72,382.5,25.2104908,72,33,165.1,121.92,137.16,119.38,66.04,12.7,622.3,april 27- may 3,NorthEast
Keiser,2022,DEKALB DKC 67-94,193.5,121,283,117,12.145995,31.08754601,19.33343558,3601.72,382.5,25.2104908,72,33,165.1,121.92,137.16,119.38,66.04,12.7,622.3,april 27- may 3,NorthEast
Keiser,2022,Innvictis MEX1791VT2P,193.3,121,283,117,12.133441,31.08754601,19.33343558,3601.72,382.5,25.2104908,72,33,165.1,121.92,137.16,119.38,66.04,12.7,622.3,april 27- may 3,NorthEast
Keiser,2022,DEKALB DKC 68-35,186.3,121,283,118,11.694051,31.08754601,19.33343558,3601.72,382.5,25.2104908,72,33,165.1,121.92,137.16,119.38,66.04,12.7,622.3,april 27- may 3,NorthEast
Marianna,2022,CP5678,212.5,113,254,116,13.338625,32,20.8,3210.4,428.5,26.4,78,42,185.42,157.48,60.96,68.58,157.48,40.64,668.02,april 20-april 26,CenterEast
Marianna,2022,LG66C06VT2Pro,212.1,113,254,116,13.313517,32,20.8,3210.4,428.5,26.4,78,42,185.42,157.48,60.96,68.58,157.48,40.64,668.02,april 20-april 26,CenterEast
Marianna,2022,Axis 68P28RIB,211.7,113,254,118,13.288409,32,20.8,3210.4,428.5,26.4,78,42,185.42,157.48,60.96,68.58,157.48,40.64,668.02,april 20-april 26,CenterEast
Marianna,2022,AgriGold A645-16VT2RIB,210.7,113,254,115,13.225639,32,20.8,3210.4,428.5,26.4,78,42,185.42,157.48,60.96,68.58,157.48,40.64,668.02,april 20-april 26,CenterEast
Marianna,2022,Pioneer P1718VYHR,209.9,113,254,117,13.175423,32,20.8,3210.4,428.5,26.4,78,42,185.42,157.48,60.96,68.58,157.48,40.64,668.02,april 20-april 26,CenterEast
Marianna,2022,Progeny PGY2118VT2P,209.4,113,254,118,13.144038,32,20.8,3210.4,428.5,26.4,78,42,185.42,157.48,60.96,68.58,157.48,40.64,668.02,april 20-april 26,CenterEast
Marianna,2022,Dyna-Gro D52VC63,209.3,113,254,112,13.137761,32,20.8,3210.4,428.5,26.4,78,42,185.42,157.48,60.96,68.58,157.48,40.64,668.02,april 20-april 26,CenterEast
Marianna,2022,NK1349-3220,208.2,113,254,113,13.068714,32,20.8,3210.4,428.5,26.4,78,42,185.42,157.48,60.96,68.58,157.48,40.64,668.02,april 20-april 26,CenterEast
Marianna,2022,AgriGold A643-52VT2PRO,208.1,113,254,113,13.062437,32,20.8,3210.4,428.5,26.4,78,42,185.42,157.48,60.96,68.58,157.48,40.64,668.02,april 20-april 26,CenterEast
Marianna,2022,AgriGold A650-21VT2PRO,207.5,113,254,120,13.024775,32,20.8,3210.4,428.5,26.4,78,42,185.42,157.48,60.96,68.58,157.48,40.64,668.02,april 20-april 26,CenterEast
Marianna,2022,NK1460-5222,207.3,113,254,114,13.012221,32,20.8,3210.4,428.5,26.4,78,42,185.42,157.48,60.96,68.58,157.48,40.64,668.02,april 20-april 26,CenterEast
Marianna,2022,BH 8721VT2P,206.5,113,254,117,12.962005,32,20.8,3210.4,428.5,26.4,78,42,185.42,157.48,60.96,68.58,157.48,40.64,668.02,april 20-april 26,CenterEast
Marianna,2022,Progeny PGY8116SS,205.4,113,254,116,12.892958,32,20.8,3210.4,428.5,26.4,78,42,185.42,157.48,60.96,68.58,157.48,40.64,668.02,april 20-april 26,CenterEast
Marianna,2022,Revere 1307 TC,205.1,113,254,113,12.874127,32,20.8,3210.4,428.5,26.4,78,42,185.42,157.48,60.96,68.58,157.48,40.64,668.02,april 20-april 26,CenterEast
Marianna,2022,Axis 65T29RIB,204.8,113,254,115,12.855296,32,20.8,3210.4,428.5,26.4,78,42,185.42,157.48,60.96,68.58,157.48,40.64,668.02,april 20-april 26,CenterEast
Marianna,2022,Revere 1898 TC,204.7,113,254,118,12.849019,32,20.8,3210.4,428.5,26.4,78,42,185.42,157.48,60.96,68.58,157.48,40.64,668.02,april 20-april 26,CenterEast
Marianna,2022,AgriGold A647-79VT2PRO,204.5,113,254,117,12.836465,32,20.8,3210.4,428.5,26.4,78,42,185.42,157.48,60.96,68.58,157.48,40.64,668.02,april 20-april 26,CenterEast
Marianna,2022,DEKALB DKC 68-35,204.4,113,254,118,12.830188,32,20.8,3210.4,428.5,26.4,78,42,185.42,157.48,60.96,68.58,157.48,40.64,668.02,april 20-april 26,CenterEast
Marianna,2022,NK1838-3110,204.3,113,254,118,12.823911,32,20.8,3210.4,428.5,26.4,78,42,185.42,157.48,60.96,68.58,157.48,40.64,668.02,april 20-april 26,CenterEast
Marianna,2022,Revere 1577 VT2P,204.2,113,254,115,12.817634,32,20.8,3210.4,428.5,26.4,78,42,185.42,157.48,60.96,68.58,157.48,40.64,668.02,april 20-april 26,CenterEast
Marianna,2022,Dyna-Gro D55VC80,204,113,254,115,12.80508,32,20.8,3210.4,428.5,26.4,78,42,185.42,157.48,60.96,68.58,157.48,40.64,668.02,april 20-april 26,CenterEast
Marianna,2022,Axis 63M73RIB,203.8,113,254,113,12.792526,32,20.8,3210.4,428.5,26.4,78,42,185.42,157.48,60.96,68.58,157.48,40.64,668.02,april 20-april 26,CenterEast
Marianna,2022,Revere 1707 VT2P,203.7,113,254,117,12.786249,32,20.8,3210.4,428.5,26.4,78,42,185.42,157.48,60.96,68.58,157.48,40.64,668.02,april 20-april 26,CenterEast
Marianna,2022,Progeny PGY9117VT2P,202.1,113,254,117,12.685817,32,20.8,3210.4,428.5,26.4,78,42,185.42,157.48,60.96,68.58,157.48,40.64,668.02,april 20-april 26,CenterEast
Marianna,2022,Dyna-Gro D57VC53,202,113,254,117,12.67954,32,20.8,3210.4,428.5,26.4,78,42,185.42,157.48,60.96,68.58,157.48,40.64,668.02,april 20-april 26,CenterEast
Marianna,2022,NK1677-3110,201.7,113,254,116,12.660709,32,20.8,3210.4,428.5,26.4,78,42,185.42,157.48,60.96,68.58,157.48,40.64,668.02,april 20-april 26,CenterEast
Marianna,2022,Master Farmer MRZ-C152-5122- EZ1,200.9,113,254,115,12.610493,32,20.8,3210.4,428.5,26.4,78,42,185.42,157.48,60.96,68.58,157.48,40.64,668.02,april 20-april 26,CenterEast
Marianna,2022,Innvictis A1689T,200.4,113,254,116,12.579108,32,20.8,3210.4,428.5,26.4,78,42,185.42,157.48,60.96,68.58,157.48,40.64,668.02,april 20-april 26,CenterEast
Marianna,2022,LG66C44VT2Pro,198.7,113,254,116,12.472399,32,20.8,3210.4,428.5,26.4,78,42,185.42,157.48,60.96,68.58,157.48,40.64,668.02,april 20-april 26,CenterEast
Marianna,2022,Dyna-Gro D57VC51,198.6,113,254,117,12.466122,32,20.8,3210.4,428.5,26.4,78,42,185.42,157.48,60.96,68.58,157.48,40.64,668.02,april 20-april 26,CenterEast
Marianna,2022,Master Farmer MBE172-3110,198.2,113,254,117,12.441014,32,20.8,3210.4,428.5,26.4,78,42,185.42,157.48,60.96,68.58,157.48,40.64,668.02,april 20-april 26,CenterEast
Marianna,2022,Pioneer P1511YHR,198.2,113,254,115,12.441014,32,20.8,3210.4,428.5,26.4,78,42,185.42,157.48,60.96,68.58,157.48,40.64,668.02,april 20-april 26,CenterEast
Marianna,2022,Revere 1919 VT2P,198,113,254,119,12.42846,32,20.8,3210.4,428.5,26.4,78,42,185.42,157.48,60.96,68.58,157.48,40.64,668.02,april 20-april 26,CenterEast
Marianna,2022,NK1082-5222A,197.4,113,254,110,12.390798,32,20.8,3210.4,428.5,26.4,78,42,185.42,157.48,60.96,68.58,157.48,40.64,668.02,april 20-april 26,CenterEast
Marianna,2022,LG67C07VT2Pro,197.2,113,254,117,12.378244,32,20.8,3210.4,428.5,26.4,78,42,185.42,157.48,60.96,68.58,157.48,40.64,668.02,april 20-april 26,CenterEast
Marianna,2022,Innvictis A1551VT2P,196.5,113,254,115,12.334305,32,20.8,3210.4,428.5,26.4,78,42,185.42,157.48,60.96,68.58,157.48,40.64,668.02,april 20-april 26,CenterEast
Marianna,2022,LG69C03VT2Pro,196.4,113,254,119,12.328028,32,20.8,3210.4,428.5,26.4,78,42,185.42,157.48,60.96,68.58,157.48,40.64,668.02,april 20-april 26,CenterEast
Marianna,2022,Axis 65W75RIB,196.3,113,254,115,12.321751,32,20.8,3210.4,428.5,26.4,78,42,185.42,157.48,60.96,68.58,157.48,40.64,668.02,april 20-april 26,CenterEast
Marianna,2022,Pioneer P1222YHR,196.2,113,254,112,12.315474,32,20.8,3210.4,428.5,26.4,78,42,185.42,157.48,60.96,68.58,157.48,40.64,668.02,april 20-april 26,CenterEast
Marianna,2022,BH 8412VT2P,195.1,113,254,114,12.246427,32,20.8,3210.4,428.5,26.4,78,42,185.42,157.48,60.96,68.58,157.48,40.64,668.02,april 20-april 26,CenterEast
Marianna,2022,DEKALB DKC 69-99,195,113,254,119,12.24015,32,20.8,3210.4,428.5,26.4,78,42,185.42,157.48,60.96,68.58,157.48,40.64,668.02,april 20-april 26,CenterEast
Marianna,2022,DEKALB DKC 70-45,194.6,113,254,120,12.215042,32,20.8,3210.4,428.5,26.4,78,42,185.42,157.48,60.96,68.58,157.48,40.64,668.02,april 20-april 26,CenterEast
Marianna,2022,Progeny PGY2015VT2P,193.8,113,254,115,12.164826,32,20.8,3210.4,428.5,26.4,78,42,185.42,157.48,60.96,68.58,157.48,40.64,668.02,april 20-april 26,CenterEast
Marianna,2022,BH 8644TRE,193.6,113,254,116,12.152272,32,20.8,3210.4,428.5,26.4,78,42,185.42,157.48,60.96,68.58,157.48,40.64,668.02,april 20-april 26,CenterEast
Marianna,2022,DEKALB DKC 66-06,193.4,113,254,116,12.139718,32,20.8,3210.4,428.5,26.4,78,42,185.42,157.48,60.96,68.58,157.48,40.64,668.02,april 20-april 26,CenterEast
Marianna,2022,DEKALB DKC 67-44,192.3,113,254,117,12.070671,32,20.8,3210.4,428.5,26.4,78,42,185.42,157.48,60.96,68.58,157.48,40.64,668.02,april 20-april 26,CenterEast
Marianna,2022,CP5550,192.2,113,254,115,12.064394,32,20.8,3210.4,428.5,26.4,78,42,185.42,157.48,60.96,68.58,157.48,40.64,668.02,april 20-april 26,CenterEast
Marianna,2022,Pioneer P1608YHR,191.8,113,254,116,12.039286,32,20.8,3210.4,428.5,26.4,78,42,185.42,157.48,60.96,68.58,157.48,40.64,668.02,april 20-april 26,CenterEast
Marianna,2022,NK1523-3220,191.7,113,254,115,12.033009,32,20.8,3210.4,428.5,26.4,78,42,185.42,157.48,60.96,68.58,157.48,40.64,668.02,april 20-april 26,CenterEast
Marianna,2022,Progeny PGY2215TRE,191.5,113,254,115,12.020455,32,20.8,3210.4,428.5,26.4,78,42,185.42,157.48,60.96,68.58,157.48,40.64,668.02,april 20-april 26,CenterEast
Marianna,2022,Dyna-Gro D58VC65,190.7,113,254,118,11.970239,32,20.8,3210.4,428.5,26.4,78,42,185.42,157.48,60.96,68.58,157.48,40.64,668.02,april 20-april 26,CenterEast
Marianna,2022,BH X22002VT2P,190.2,113,254,115,11.938854,32,20.8,3210.4,428.5,26.4,78,42,185.42,157.48,60.96,68.58,157.48,40.64,668.02,april 20-april 26,CenterEast
Marianna,2022,DEKALB DKC 64-22,189.3,113,254,114,11.882361,32,20.8,3210.4,428.5,26.4,78,42,185.42,157.48,60.96,68.58,157.48,40.64,668.02,april 20-april 26,CenterEast
Marianna,2022,Revere ZS1525 3220A,189.1,113,254,115,11.869807,32,20.8,3210.4,428.5,26.4,78,42,185.42,157.48,60.96,68.58,157.48,40.64,668.02,april 20-april 26,CenterEast
Marianna,2022,Revere 1627 TC,189,113,254,116,11.86353,32,20.8,3210.4,428.5,26.4,78,42,185.42,157.48,60.96,68.58,157.48,40.64,668.02,april 20-april 26,CenterEast
Marianna,2022,Innvictis MEX1791VT2P,188.5,113,254,117,11.832145,32,20.8,3210.4,428.5,26.4,78,42,185.42,157.48,60.96,68.58,157.48,40.64,668.02,april 20-april 26,CenterEast
Marianna,2022,CP5497,188.3,113,254,114,11.819591,32,20.8,3210.4,428.5,26.4,78,42,185.42,157.48,60.96,68.58,157.48,40.64,668.02,april 20-april 26,CenterEast
Marianna,2022,Dyna-Gro D54VC14,188,113,254,114,11.80076,32,20.8,3210.4,428.5,26.4,78,42,185.42,157.48,60.96,68.58,157.48,40.64,668.02,april 20-april 26,CenterEast
Marianna,2022,Pioneer P1289YHR,187.9,113,254,112,11.794483,32,20.8,3210.4,428.5,26.4,78,42,185.42,157.48,60.96,68.58,157.48,40.64,668.02,april 20-april 26,CenterEast
Marianna,2022,DEKALB DKC 65-99,187.8,113,254,115,11.788206,32,20.8,3210.4,428.5,26.4,78,42,185.42,157.48,60.96,68.58,157.48,40.64,668.02,april 20-april 26,CenterEast
Marianna,2022,Progeny PGY9114VT2P,187.6,113,254,114,11.775652,32,20.8,3210.4,428.5,26.4,78,42,185.42,157.48,60.96,68.58,157.48,40.64,668.02,april 20-april 26,CenterEast
Marianna,2022,CP20117C/VT2P,187.1,113,254,117,11.744267,32,20.8,3210.4,428.5,26.4,78,42,185.42,157.48,60.96,68.58,157.48,40.64,668.02,april 20-april 26,CenterEast
Marianna,2022,Pioneer P1170YHR,186.1,113,254,111,11.681497,32,20.8,3210.4,428.5,26.4,78,42,185.42,157.48,60.96,68.58,157.48,40.64,668.02,april 20-april 26,CenterEast
Marianna,2022,Axis 64E72RIB,185.3,113,254,114,11.631281,32,20.8,3210.4,428.5,26.4,78,42,185.42,157.48,60.96,68.58,157.48,40.64,668.02,april 20-april 26,CenterEast
Marianna,2022,DEKALB DKC 62-70,184.3,113,254,112,11.568511,32,20.8,3210.4,428.5,26.4,78,42,185.42,157.48,60.96,68.58,157.48,40.64,668.02,april 20-april 26,CenterEast
Marianna,2022,DEKALB DKC 67-94,184.1,113,254,117,11.555957,32,20.8,3210.4,428.5,26.4,78,42,185.42,157.48,60.96,68.58,157.48,40.64,668.02,april 20-april 26,CenterEast
Marianna,2022,NK1701-3220,179.7,113,254,117,11.279769,32,20.8,3210.4,428.5,26.4,78,42,185.42,157.48,60.96,68.58,157.48,40.64,668.02,april 20-april 26,CenterEast
Marianna,2022,BH X22045,169.6,113,254,115,10.645792,32,20.8,3210.4,428.5,26.4,78,42,185.42,157.48,60.96,68.58,157.48,40.64,668.02,april 20-april 26,CenterEast
Rohwer,2022,Pioneer P1718VYHR,235.1,97,250,117,14.757227,31.73214286,20.02714286,3374.62,531.93,25.87964286,84,46,114.3,127,114.3,48.26,55.88,0,490.22,april 6- april 12,SouthEast
Rohwer,2022,DEKALB DKC 66-06,234.1,97,250,116,14.694457,31.73214286,20.02714286,3374.62,531.93,25.87964286,84,46,114.3,127,114.3,48.26,55.88,0,490.22,april 6- april 12,SouthEast
Rohwer,2022,DEKALB DKC 68-35,233.3,97,250,118,14.644241,31.73214286,20.02714286,3374.62,531.93,25.87964286,84,46,114.3,127,114.3,48.26,55.88,0,490.22,april 6- april 12,SouthEast
Rohwer,2022,CP5497,230.5,97,250,114,14.468485,31.73214286,20.02714286,3374.62,531.93,25.87964286,84,46,114.3,127,114.3,48.26,55.88,0,490.22,april 6- april 12,SouthEast
Rohwer,2022,DEKALB DKC 69-99,228.3,97,250,119,14.330391,31.73214286,20.02714286,3374.62,531.93,25.87964286,84,46,114.3,127,114.3,48.26,55.88,0,490.22,april 6- april 12,SouthEast
Rohwer,2022,BH X22002VT2P,226.4,97,250,115,14.211128,31.73214286,20.02714286,3374.62,531.93,25.87964286,84,46,114.3,127,114.3,48.26,55.88,0,490.22,april 6- april 12,SouthEast
Rohwer,2022,LG67C07VT2Pro,224.8,97,250,117,14.110696,31.73214286,20.02714286,3374.62,531.93,25.87964286,84,46,114.3,127,114.3,48.26,55.88,0,490.22,april 6- april 12,SouthEast
Rohwer,2022,Revere 1307 TC,222.4,97,250,113,13.960048,31.73214286,20.02714286,3374.62,531.93,25.87964286,84,46,114.3,127,114.3,48.26,55.88,0,490.22,april 6- april 12,SouthEast
Rohwer,2022,AgriGold A643-52VT2PRO,222.4,97,250,113,13.960048,31.73214286,20.02714286,3374.62,531.93,25.87964286,84,46,114.3,127,114.3,48.26,55.88,0,490.22,april 6- april 12,SouthEast
Rohwer,2022,DEKALB DKC 67-94,219.9,97,250,117,13.803123,31.73214286,20.02714286,3374.62,531.93,25.87964286,84,46,114.3,127,114.3,48.26,55.88,0,490.22,april 6- april 12,SouthEast
Rohwer,2022,Pioneer P1511YHR,219.1,97,250,115,13.752907,31.73214286,20.02714286,3374.62,531.93,25.87964286,84,46,114.3,127,114.3,48.26,55.88,0,490.22,april 6- april 12,SouthEast
Rohwer,2022,BH 8644TRE,218.9,97,250,116,13.740353,31.73214286,20.02714286,3374.62,531.93,25.87964286,84,46,114.3,127,114.3,48.26,55.88,0,490.22,april 6- april 12,SouthEast
Rohwer,2022,AgriGold A647-79VT2PRO,218.1,97,250,117,13.690137,31.73214286,20.02714286,3374.62,531.93,25.87964286,84,46,114.3,127,114.3,48.26,55.88,0,490.22,april 6- april 12,SouthEast
Rohwer,2022,Dyna-Gro D57VC51,217.9,97,250,117,13.677583,31.73214286,20.02714286,3374.62,531.93,25.87964286,84,46,114.3,127,114.3,48.26,55.88,0,490.22,april 6- april 12,SouthEast
Rohwer,2022,DEKALB DKC 64-22,217.6,97,250,114,13.658752,31.73214286,20.02714286,3374.62,531.93,25.87964286,84,46,114.3,127,114.3,48.26,55.88,0,490.22,april 6- april 12,SouthEast
Rohwer,2022,CP5550,217.5,97,250,115,13.652475,31.73214286,20.02714286,3374.62,531.93,25.87964286,84,46,114.3,127,114.3,48.26,55.88,0,490.22,april 6- april 12,SouthEast
Rohwer,2022,Axis 64E72RIB,216.8,97,250,114,13.608536,31.73214286,20.02714286,3374.62,531.93,25.87964286,84,46,114.3,127,114.3,48.26,55.88,0,490.22,april 6- april 12,SouthEast
Rohwer,2022,Revere 1898 TC,216.6,97,250,118,13.595982,31.73214286,20.02714286,3374.62,531.93,25.87964286,84,46,114.3,127,114.3,48.26,55.88,0,490.22,april 6- april 12,SouthEast
Rohwer,2022,Revere 1627 TC,215.9,97,250,116,13.552043,31.73214286,20.02714286,3374.62,531.93,25.87964286,84,46,114.3,127,114.3,48.26,55.88,0,490.22,april 6- april 12,SouthEast
Rohwer,2022,Revere ZS1525 3220A,213.8,97,250,115,13.420226,31.73214286,20.02714286,3374.62,531.93,25.87964286,84,46,114.3,127,114.3,48.26,55.88,0,490.22,april 6- april 12,SouthEast
Rohwer,2022,Progeny PGY2118VT2P,213.5,97,250,118,13.401395,31.73214286,20.02714286,3374.62,531.93,25.87964286,84,46,114.3,127,114.3,48.26,55.88,0,490.22,april 6- april 12,SouthEast
Rohwer,2022,DEKALB DKC 67-44,213.4,97,250,117,13.395118,31.73214286,20.02714286,3374.62,531.93,25.87964286,84,46,114.3,127,114.3,48.26,55.88,0,490.22,april 6- april 12,SouthEast
Rohwer,2022,Axis 65W75RIB,212,97,250,115,13.30724,31.73214286,20.02714286,3374.62,531.93,25.87964286,84,46,114.3,127,114.3,48.26,55.88,0,490.22,april 6- april 12,SouthEast
Rohwer,2022,Pioneer P1170YHR,210.5,97,250,111,13.213085,31.73214286,20.02714286,3374.62,531.93,25.87964286,84,46,114.3,127,114.3,48.26,55.88,0,490.22,april 6- april 12,SouthEast
Rohwer,2022,BH X22045,210.5,97,250,115,13.213085,31.73214286,20.02714286,3374.62,531.93,25.87964286,84,46,114.3,127,114.3,48.26,55.88,0,490.22,april 6- april 12,SouthEast
Rohwer,2022,Dyna-Gro D55VC80,209.8,97,250,115,13.169146,31.73214286,20.02714286,3374.62,531.93,25.87964286,84,46,114.3,127,114.3,48.26,55.88,0,490.22,april 6- april 12,SouthEast
Rohwer,2022,AgriGold A645-16VT2RIB,209.3,97,250,115,13.137761,31.73214286,20.02714286,3374.62,531.93,25.87964286,84,46,114.3,127,114.3,48.26,55.88,0,490.22,april 6- april 12,SouthEast
Rohwer,2022,Axis 63M73RIB,209.2,97,250,113,13.131484,31.73214286,20.02714286,3374.62,531.93,25.87964286,84,46,114.3,127,114.3,48.26,55.88,0,490.22,april 6- april 12,SouthEast
Rohwer,2022,Progeny PGY2215TRE,209.1,97,250,115,13.125207,31.73214286,20.02714286,3374.62,531.93,25.87964286,84,46,114.3,127,114.3,48.26,55.88,0,490.22,april 6- april 12,SouthEast
Rohwer,2022,Revere 1707 VT2P,209.1,97,250,117,13.125207,31.73214286,20.02714286,3374.62,531.93,25.87964286,84,46,114.3,127,114.3,48.26,55.88,0,490.22,april 6- april 12,SouthEast
Rohwer,2022,Pioneer P1289YHR,208.1,97,250,112,13.062437,31.73214286,20.02714286,3374.62,531.93,25.87964286,84,46,114.3,127,114.3,48.26,55.88,0,490.22,april 6- april 12,SouthEast
Rohwer,2022,Innvictis A1689T,207.1,97,250,116,12.999667,31.73214286,20.02714286,3374.62,531.93,25.87964286,84,46,114.3,127,114.3,48.26,55.88,0,490.22,april 6- april 12,SouthEast
Rohwer,2022,Dyna-Gro D54VC14,206.4,97,250,114,12.955728,31.73214286,20.02714286,3374.62,531.93,25.87964286,84,46,114.3,127,114.3,48.26,55.88,0,490.22,april 6- april 12,SouthEast
Rohwer,2022,Progeny PGY9117VT2P,206.4,97,250,117,12.955728,31.73214286,20.02714286,3374.62,531.93,25.87964286,84,46,114.3,127,114.3,48.26,55.88,0,490.22,april 6- april 12,SouthEast
Rohwer,2022,Innvictis A1551VT2P,205.1,97,250,115,12.874127,31.73214286,20.02714286,3374.62,531.93,25.87964286,84,46,114.3,127,114.3,48.26,55.88,0,490.22,april 6- april 12,SouthEast
Rohwer,2022,DEKALB DKC 65-99,204.7,97,250,115,12.849019,31.73214286,20.02714286,3374.62,531.93,25.87964286,84,46,114.3,127,114.3,48.26,55.88,0,490.22,april 6- april 12,SouthEast
Rohwer,2022,Revere 1919 VT2P,204.3,97,250,119,12.823911,31.73214286,20.02714286,3374.62,531.93,25.87964286,84,46,114.3,127,114.3,48.26,55.88,0,490.22,april 6- april 12,SouthEast
Rohwer,2022,LG66C44VT2Pro,203.6,97,250,116,12.779972,31.73214286,20.02714286,3374.62,531.93,25.87964286,84,46,114.3,127,114.3,48.26,55.88,0,490.22,april 6- april 12,SouthEast
Rohwer,2022,Revere 1577 VT2P,202.8,97,250,115,12.729756,31.73214286,20.02714286,3374.62,531.93,25.87964286,84,46,114.3,127,114.3,48.26,55.88,0,490.22,april 6- april 12,SouthEast
Rohwer,2022,Progeny PGY9114VT2P,202.1,97,250,114,12.685817,31.73214286,20.02714286,3374.62,531.93,25.87964286,84,46,114.3,127,114.3,48.26,55.88,0,490.22,april 6- april 12,SouthEast
Rohwer,2022,BH 8721VT2P,202.1,97,250,117,12.685817,31.73214286,20.02714286,3374.62,531.93,25.87964286,84,46,114.3,127,114.3,48.26,55.88,0,490.22,april 6- april 12,SouthEast
Rohwer,2022,DEKALB DKC 62-70,201.8,97,250,112,12.666986,31.73214286,20.02714286,3374.62,531.93,25.87964286,84,46,114.3,127,114.3,48.26,55.88,0,490.22,april 6- april 12,SouthEast
Rohwer,2022,Dyna-Gro D58VC65,201.3,97,250,118,12.635601,31.73214286,20.02714286,3374.62,531.93,25.87964286,84,46,114.3,127,114.3,48.26,55.88,0,490.22,april 6- april 12,SouthEast
Rohwer,2022,Axis 68P28RIB,200.5,97,250,118,12.585385,31.73214286,20.02714286,3374.62,531.93,25.87964286,84,46,114.3,127,114.3,48.26,55.88,0,490.22,april 6- april 12,SouthEast
Rohwer,2022,DEKALB DKC 70-45,200.1,97,250,120,12.560277,31.73214286,20.02714286,3374.62,531.93,25.87964286,84,46,114.3,127,114.3,48.26,55.88,0,490.22,april 6- april 12,SouthEast
Rohwer,2022,Progeny PGY8116SS,199.5,97,250,116,12.522615,31.73214286,20.02714286,3374.62,531.93,25.87964286,84,46,114.3,127,114.3,48.26,55.88,0,490.22,april 6- april 12,SouthEast
Rohwer,2022,Dyna-Gro D57VC53,199.4,97,250,117,12.516338,31.73214286,20.02714286,3374.62,531.93,25.87964286,84,46,114.3,127,114.3,48.26,55.88,0,490.22,april 6- april 12,SouthEast
Rohwer,2022,Innvictis MEX1791VT2P,197.3,97,250,117,12.384521,31.73214286,20.02714286,3374.62,531.93,25.87964286,84,46,114.3,127,114.3,48.26,55.88,0,490.22,april 6- april 12,SouthEast
Rohwer,2022,CP5678,197.3,97,250,116,12.384521,31.73214286,20.02714286,3374.62,531.93,25.87964286,84,46,114.3,127,114.3,48.26,55.88,0,490.22,april 6- april 12,SouthEast
Rohwer,2022,Pioneer P1608YHR,196,97,250,116,12.30292,31.73214286,20.02714286,3374.62,531.93,25.87964286,84,46,114.3,127,114.3,48.26,55.88,0,490.22,april 6- april 12,SouthEast
Rohwer,2022,Pioneer P1222YHR,195.5,97,250,112,12.271535,31.73214286,20.02714286,3374.62,531.93,25.87964286,84,46,114.3,127,114.3,48.26,55.88,0,490.22,april 6- april 12,SouthEast
Rohwer,2022,BH 8412VT2P,195,97,250,114,12.24015,31.73214286,20.02714286,3374.62,531.93,25.87964286,84,46,114.3,127,114.3,48.26,55.88,0,490.22,april 6- april 12,SouthEast
Rohwer,2022,CP20117C/VT2P,194.1,97,250,117,12.183657,31.73214286,20.02714286,3374.62,531.93,25.87964286,84,46,114.3,127,114.3,48.26,55.88,0,490.22,april 6- april 12,SouthEast
Rohwer,2022,NK1460-5222,193.4,97,250,114,12.139718,31.73214286,20.02714286,3374.62,531.93,25.87964286,84,46,114.3,127,114.3,48.26,55.88,0,490.22,april 6- april 12,SouthEast
Rohwer,2022,Progeny PGY2015VT2P,192.4,97,250,115,12.076948,31.73214286,20.02714286,3374.62,531.93,25.87964286,84,46,114.3,127,114.3,48.26,55.88,0,490.22,april 6- april 12,SouthEast
Rohwer,2022,NK1082-5222A,191.2,97,250,110,12.001624,31.73214286,20.02714286,3374.62,531.93,25.87964286,84,46,114.3,127,114.3,48.26,55.88,0,490.22,april 6- april 12,SouthEast
Rohwer,2022,Dyna-Gro D52VC63,190.3,97,250,112,11.945131,31.73214286,20.02714286,3374.62,531.93,25.87964286,84,46,114.3,127,114.3,48.26,55.88,0,490.22,april 6- april 12,SouthEast
Rohwer,2022,NK1677-3110,190.2,97,250,116,11.938854,31.73214286,20.02714286,3374.62,531.93,25.87964286,84,46,114.3,127,114.3,48.26,55.88,0,490.22,april 6- april 12,SouthEast
Rohwer,2022,NK1523-3220,190,97,250,115,11.9263,31.73214286,20.02714286,3374.62,531.93,25.87964286,84,46,114.3,127,114.3,48.26,55.88,0,490.22,april 6- april 12,SouthEast
Rohwer,2022,AgriGold A650-21VT2PRO,189.3,97,250,120,11.882361,31.73214286,20.02714286,3374.62,531.93,25.87964286,84,46,114.3,127,114.3,48.26,55.88,0,490.22,april 6- april 12,SouthEast
Rohwer,2022,NK1349-3220,187.3,97,250,113,11.756821,31.73214286,20.02714286,3374.62,531.93,25.87964286,84,46,114.3,127,114.3,48.26,55.88,0,490.22,april 6- april 12,SouthEast
Rohwer,2022,Axis 65T29RIB,187.1,97,250,115,11.744267,31.73214286,20.02714286,3374.62,531.93,25.87964286,84,46,114.3,127,114.3,48.26,55.88,0,490.22,april 6- april 12,SouthEast
Rohwer,2022,LG66C06VT2Pro,186.1,97,250,116,11.681497,31.73214286,20.02714286,3374.62,531.93,25.87964286,84,46,114.3,127,114.3,48.26,55.88,0,490.22,april 6- april 12,SouthEast
Rohwer,2022,NK1701-3220,183.7,97,250,117,11.530849,31.73214286,20.02714286,3374.62,531.93,25.87964286,84,46,114.3,127,114.3,48.26,55.88,0,490.22,april 6- april 12,SouthEast
Rohwer,2022,LG69C03VT2Pro,183.2,97,250,119,11.499464,31.73214286,20.02714286,3374.62,531.93,25.87964286,84,46,114.3,127,114.3,48.26,55.88,0,490.22,april 6- april 12,SouthEast
Rohwer,2022,Master Farmer MRZ-C152-5122- EZ1,181.9,97,250,115,11.417863,31.73214286,20.02714286,3374.62,531.93,25.87964286,84,46,114.3,127,114.3,48.26,55.88,0,490.22,april 6- april 12,SouthEast
Rohwer,2022,Master Farmer MBE172-3110,179.3,97,250,117,11.254661,31.73214286,20.02714286,3374.62,531.93,25.87964286,84,46,114.3,127,114.3,48.26,55.88,0,490.22,april 6- april 12,SouthEast
Rohwer,2022,NK1838-3110,173.8,97,250,118,10.909426,31.73214286,20.02714286,3374.62,531.93,25.87964286,84,46,114.3,127,114.3,48.26,55.88,0,490.22,april 6- april 12,SouthEast
Stuttgart,2022,BH X22002VT2P,272.8,118,265,115,17.123656,32.39905405,20.84297297,3331.36,418.61,26.62101351,87,43,134.62,111.76,68.58,17.78,78.74,25.4,436.88,april 27- may 3,SouthEast
Stuttgart,2022,CP5497,264.8,118,265,114,16.621496,32.39905405,20.84297297,3331.36,418.61,26.62101351,87,43,134.62,111.76,68.58,17.78,78.74,25.4,436.88,april 27- may 3,SouthEast
Stuttgart,2022,Revere 1577 VT2P,262.3,118,265,115,16.464571,32.39905405,20.84297297,3331.36,418.61,26.62101351,87,43,134.62,111.76,68.58,17.78,78.74,25.4,436.88,april 27- may 3,SouthEast
Stuttgart,2022,BH X22045,260.7,118,265,115,16.364139,32.39905405,20.84297297,3331.36,418.61,26.62101351,87,43,134.62,111.76,68.58,17.78,78.74,25.4,436.88,april 27- may 3,SouthEast
Stuttgart,2022,AgriGold A647-79VT2PRO,260.2,118,265,117,16.332754,32.39905405,20.84297297,3331.36,418.61,26.62101351,87,43,134.62,111.76,68.58,17.78,78.74,25.4,436.88,april 27- may 3,SouthEast
Stuttgart,2022,Axis 65W75RIB,259.8,118,265,115,16.307646,32.39905405,20.84297297,3331.36,418.61,26.62101351,87,43,134.62,111.76,68.58,17.78,78.74,25.4,436.88,april 27- may 3,SouthEast
Stuttgart,2022,BH 8721VT2P,259.7,118,265,117,16.301369,32.39905405,20.84297297,3331.36,418.61,26.62101351,87,43,134.62,111.76,68.58,17.78,78.74,25.4,436.88,april 27- may 3,SouthEast
Stuttgart,2022,DEKALB DKC 64-22,259.4,118,265,114,16.282538,32.39905405,20.84297297,3331.36,418.61,26.62101351,87,43,134.62,111.76,68.58,17.78,78.74,25.4,436.88,april 27- may 3,SouthEast
Stuttgart,2022,NK1677-3110,259,118,265,116,16.25743,32.39905405,20.84297297,3331.36,418.61,26.62101351,87,43,134.62,111.76,68.58,17.78,78.74,25.4,436.88,april 27- may 3,SouthEast
Stuttgart,2022,Progeny PGY 2215TRE,258.8,118,265,115,16.244876,32.39905405,20.84297297,3331.36,418.61,26.62101351,87,43,134.62,111.76,68.58,17.78,78.74,25.4,436.88,april 27- may 3,SouthEast
Stuttgart,2022,DEKALB DKC 66-06,258.4,118,265,116,16.219768,32.39905405,20.84297297,3331.36,418.61,26.62101351,87,43,134.62,111.76,68.58,17.78,78.74,25.4,436.88,april 27- may 3,SouthEast
Stuttgart,2022,DEKALB DKC 69-99,256,118,265,119,16.06912,32.39905405,20.84297297,3331.36,418.61,26.62101351,87,43,134.62,111.76,68.58,17.78,78.74,25.4,436.88,april 27- may 3,SouthEast
Stuttgart,2022,DEKALB DKC 68-35,256,118,265,118,16.06912,32.39905405,20.84297297,3331.36,418.61,26.62101351,87,43,134.62,111.76,68.58,17.78,78.74,25.4,436.88,april 27- may 3,SouthEast
Stuttgart,2022,Dyna-Gro D58VC65,255,118,265,118,16.00635,32.39905405,20.84297297,3331.36,418.61,26.62101351,87,43,134.62,111.76,68.58,17.78,78.74,25.4,436.88,april 27- may 3,SouthEast
Stuttgart,2022,DEKALB DKC 70-45,254.8,118,265,120,15.993796,32.39905405,20.84297297,3331.36,418.61,26.62101351,87,43,134.62,111.76,68.58,17.78,78.74,25.4,436.88,april 27- may 3,SouthEast
Stuttgart,2022,Pioneer P1718VYHR,254.6,118,265,117,15.981242,32.39905405,20.84297297,3331.36,418.61,26.62101351,87,43,134.62,111.76,68.58,17.78,78.74,25.4,436.88,april 27- may 3,SouthEast
Stuttgart,2022,BH 8412VT2P,254.3,118,265,114,15.962411,32.39905405,20.84297297,3331.36,418.61,26.62101351,87,43,134.62,111.76,68.58,17.78,78.74,25.4,436.88,april 27- may 3,SouthEast
Stuttgart,2022,Revere 1307 TC,253.7,118,265,113,15.924749,32.39905405,20.84297297,3331.36,418.61,26.62101351,87,43,134.62,111.76,68.58,17.78,78.74,25.4,436.88,april 27- may 3,SouthEast
Stuttgart,2022,LG66C44VT2Pro,253.7,118,265,116,15.924749,32.39905405,20.84297297,3331.36,418.61,26.62101351,87,43,134.62,111.76,68.58,17.78,78.74,25.4,436.88,april 27- may 3,SouthEast
Stuttgart,2022,LG67C07VT2Pro,252.6,118,265,117,15.855702,32.39905405,20.84297297,3331.36,418.61,26.62101351,87,43,134.62,111.76,68.58,17.78,78.74,25.4,436.88,april 27- may 3,SouthEast
Stuttgart,2022,Dyna-Gro D54VC14,251.7,118,265,114,15.799209,32.39905405,20.84297297,3331.36,418.61,26.62101351,87,43,134.62,111.76,68.58,17.78,78.74,25.4,436.88,april 27- may 3,SouthEast
Stuttgart,2022,DEKALB DKC 62-70,251.4,118,265,112,15.780378,32.39905405,20.84297297,3331.36,418.61,26.62101351,87,43,134.62,111.76,68.58,17.78,78.74,25.4,436.88,april 27- may 3,SouthEast
Stuttgart,2022,Pioneer P1511YHR,251.4,118,265,115,15.780378,32.39905405,20.84297297,3331.36,418.61,26.62101351,87,43,134.62,111.76,68.58,17.78,78.74,25.4,436.88,april 27- may 3,SouthEast
Stuttgart,2022,Revere 1898 TC,250.6,118,265,118,15.730162,32.39905405,20.84297297,3331.36,418.61,26.62101351,87,43,134.62,111.76,68.58,17.78,78.74,25.4,436.88,april 27- may 3,SouthEast
Stuttgart,2022,DEKALB DKC 67-44,248.8,118,265,117,15.617176,32.39905405,20.84297297,3331.36,418.61,26.62101351,87,43,134.62,111.76,68.58,17.78,78.74,25.4,436.88,april 27- may 3,SouthEast
Stuttgart,2022,LG69C03VT2Pro,248.4,118,265,119,15.592068,32.39905405,20.84297297,3331.36,418.61,26.62101351,87,43,134.62,111.76,68.58,17.78,78.74,25.4,436.88,april 27- may 3,SouthEast
Stuttgart,2022,Dyna-Gro D55VC80,247.6,118,265,115,15.541852,32.39905405,20.84297297,3331.36,418.61,26.62101351,87,43,134.62,111.76,68.58,17.78,78.74,25.4,436.88,april 27- may 3,SouthEast
Stuttgart,2022,Axis 63M73RIB,247.4,118,265,113,15.529298,32.39905405,20.84297297,3331.36,418.61,26.62101351,87,43,134.62,111.76,68.58,17.78,78.74,25.4,436.88,april 27- may 3,SouthEast
Stuttgart,2022,Dyna-Gro D57VC51,247.3,118,265,117,15.523021,32.39905405,20.84297297,3331.36,418.61,26.62101351,87,43,134.62,111.76,68.58,17.78,78.74,25.4,436.88,april 27- may 3,SouthEast
Stuttgart,2022,AgriGold A643-52VT2PRO,247,118,265,113,15.50419,32.39905405,20.84297297,3331.36,418.61,26.62101351,87,43,134.62,111.76,68.58,17.78,78.74,25.4,436.88,april 27- may 3,SouthEast
Stuttgart,2022,CP5678,246.3,118,265,116,15.460251,32.39905405,20.84297297,3331.36,418.61,26.62101351,87,43,134.62,111.76,68.58,17.78,78.74,25.4,436.88,april 27- may 3,SouthEast
Stuttgart,2022,AgriGold A645-16VT2RIB,245.5,118,265,115,15.410035,32.39905405,20.84297297,3331.36,418.61,26.62101351,87,43,134.62,111.76,68.58,17.78,78.74,25.4,436.88,april 27- may 3,SouthEast
Stuttgart,2022,LG66C06VT2Pro,245.2,118,265,116,15.391204,32.39905405,20.84297297,3331.36,418.61,26.62101351,87,43,134.62,111.76,68.58,17.78,78.74,25.4,436.88,april 27- may 3,SouthEast
Stuttgart,2022,Progeny PGY 9117VT2P,245,118,265,117,15.37865,32.39905405,20.84297297,3331.36,418.61,26.62101351,87,43,134.62,111.76,68.58,17.78,78.74,25.4,436.88,april 27- may 3,SouthEast
Stuttgart,2022,Progeny PGY 2015VT2P,244.1,118,265,115,15.322157,32.39905405,20.84297297,3331.36,418.61,26.62101351,87,43,134.62,111.76,68.58,17.78,78.74,25.4,436.88,april 27- may 3,SouthEast
Stuttgart,2022,Axis 64E72RIB,244.1,118,265,114,15.322157,32.39905405,20.84297297,3331.36,418.61,26.62101351,87,43,134.62,111.76,68.58,17.78,78.74,25.4,436.88,april 27- may 3,SouthEast
Stuttgart,2022,BH 8644TRE,242.6,118,265,116,15.228002,32.39905405,20.84297297,3331.36,418.61,26.62101351,87,43,134.62,111.76,68.58,17.78,78.74,25.4,436.88,april 27- may 3,SouthEast
Stuttgart,2022,Progeny PGY 9114VT2P,240.5,118,265,114,15.096185,32.39905405,20.84297297,3331.36,418.61,26.62101351,87,43,134.62,111.76,68.58,17.78,78.74,25.4,436.88,april 27- may 3,SouthEast
Stuttgart,2022,Pioneer P1608YHR,239.1,118,265,116,15.008307,32.39905405,20.84297297,3331.36,418.61,26.62101351,87,43,134.62,111.76,68.58,17.78,78.74,25.4,436.88,april 27- may 3,SouthEast
Stuttgart,2022,Dyna-Gro D52VC63,238.2,118,265,112,14.951814,32.39905405,20.84297297,3331.36,418.61,26.62101351,87,43,134.62,111.76,68.58,17.78,78.74,25.4,436.88,april 27- may 3,SouthEast
Stuttgart,2022,NK1082-5222A,237.7,118,265,110,14.920429,32.39905405,20.84297297,3331.36,418.61,26.62101351,87,43,134.62,111.76,68.58,17.78,78.74,25.4,436.88,april 27- may 3,SouthEast
Stuttgart,2022,Axis 68P28RIB,237.5,118,265,118,14.907875,32.39905405,20.84297297,3331.36,418.61,26.62101351,87,43,134.62,111.76,68.58,17.78,78.74,25.4,436.88,april 27- may 3,SouthEast
Stuttgart,2022,Pioneer P1289YHR,237.5,118,265,112,14.907875,32.39905405,20.84297297,3331.36,418.61,26.62101351,87,43,134.62,111.76,68.58,17.78,78.74,25.4,436.88,april 27- may 3,SouthEast
Stuttgart,2022,DEKALB DKC 65-99,236.7,118,265,115,14.857659,32.39905405,20.84297297,3331.36,418.61,26.62101351,87,43,134.62,111.76,68.58,17.78,78.74,25.4,436.88,april 27- may 3,SouthEast
Stuttgart,2022,Revere 1919 VT2P,236.3,118,265,119,14.832551,32.39905405,20.84297297,3331.36,418.61,26.62101351,87,43,134.62,111.76,68.58,17.78,78.74,25.4,436.88,april 27- may 3,SouthEast
Stuttgart,2022,Progeny PGY 8116SS,234.5,118,265,116,14.719565,32.39905405,20.84297297,3331.36,418.61,26.62101351,87,43,134.62,111.76,68.58,17.78,78.74,25.4,436.88,april 27- may 3,SouthEast
Stuttgart,2022,Innvictis A1551VT2P,234.3,118,265,115,14.707011,32.39905405,20.84297297,3331.36,418.61,26.62101351,87,43,134.62,111.76,68.58,17.78,78.74,25.4,436.88,april 27- may 3,SouthEast
Stuttgart,2022,NK1460-5222,234.3,118,265,114,14.707011,32.39905405,20.84297297,3331.36,418.61,26.62101351,87,43,134.62,111.76,68.58,17.78,78.74,25.4,436.88,april 27- may 3,SouthEast
Stuttgart,2022,Progeny PGY 2118VT2P,233.9,118,265,118,14.681903,32.39905405,20.84297297,3331.36,418.61,26.62101351,87,43,134.62,111.76,68.58,17.78,78.74,25.4,436.88,april 27- may 3,SouthEast
Stuttgart,2022,Axis 65T29RIB,233.2,118,265,115,14.637964,32.39905405,20.84297297,3331.36,418.61,26.62101351,87,43,134.62,111.76,68.58,17.78,78.74,25.4,436.88,april 27- may 3,SouthEast
Stuttgart,2022,DEKALB DKC 67-94,232.4,118,265,117,14.587748,32.39905405,20.84297297,3331.36,418.61,26.62101351,87,43,134.62,111.76,68.58,17.78,78.74,25.4,436.88,april 27- may 3,SouthEast
Stuttgart,2022,Dyna-Gro D57VC53,232.4,118,265,117,14.587748,32.39905405,20.84297297,3331.36,418.61,26.62101351,87,43,134.62,111.76,68.58,17.78,78.74,25.4,436.88,april 27- may 3,SouthEast
Stuttgart,2022,NK1523-3220,231.2,118,265,115,14.512424,32.39905405,20.84297297,3331.36,418.61,26.62101351,87,43,134.62,111.76,68.58,17.78,78.74,25.4,436.88,april 27- may 3,SouthEast
Stuttgart,2022,Master Farmer MRZ-C152-5122- EZ1,230.9,118,265,115,14.493593,32.39905405,20.84297297,3331.36,418.61,26.62101351,87,43,134.62,111.76,68.58,17.78,78.74,25.4,436.88,april 27- may 3,SouthEast
Stuttgart,2022,Revere 1627 TC,230,118,265,116,14.4371,32.39905405,20.84297297,3331.36,418.61,26.62101351,87,43,134.62,111.76,68.58,17.78,78.74,25.4,436.88,april 27- may 3,SouthEast
Stuttgart,2022,Revere 1707 VT2P,229.6,118,265,117,14.411992,32.39905405,20.84297297,3331.36,418.61,26.62101351,87,43,134.62,111.76,68.58,17.78,78.74,25.4,436.88,april 27- may 3,SouthEast
Stuttgart,2022,AgriGold A650-21VT2PRO,229.3,118,265,120,14.393161,32.39905405,20.84297297,3331.36,418.61,26.62101351,87,43,134.62,111.76,68.58,17.78,78.74,25.4,436.88,april 27- may 3,SouthEast
Stuttgart,2022,Pioneer P1222YHR,229,118,265,112,14.37433,32.39905405,20.84297297,3331.36,418.61,26.62101351,87,43,134.62,111.76,68.58,17.78,78.74,25.4,436.88,april 27- may 3,SouthEast
Stuttgart,2022,Pioneer P1170YHR,228.8,118,265,111,14.361776,32.39905405,20.84297297,3331.36,418.61,26.62101351,87,43,134.62,111.76,68.58,17.78,78.74,25.4,436.88,april 27- may 3,SouthEast
Stuttgart,2022,CP20117C/VT2P,228.2,118,265,117,14.324114,32.39905405,20.84297297,3331.36,418.61,26.62101351,87,43,134.62,111.76,68.58,17.78,78.74,25.4,436.88,april 27- may 3,SouthEast
Stuttgart,2022,CP5550,227.3,118,265,115,14.267621,32.39905405,20.84297297,3331.36,418.61,26.62101351,87,43,134.62,111.76,68.58,17.78,78.74,25.4,436.88,april 27- may 3,SouthEast
Stuttgart,2022,Master Farmer MBE172-3110,225.1,118,265,117,14.129527,32.39905405,20.84297297,3331.36,418.61,26.62101351,87,43,134.62,111.76,68.58,17.78,78.74,25.4,436.88,april 27- may 3,SouthEast
Stuttgart,2022,Innvictis MEX1791VT2P,222.7,118,265,117,13.978879,32.39905405,20.84297297,3331.36,418.61,26.62101351,87,43,134.62,111.76,68.58,17.78,78.74,25.4,436.88,april 27- may 3,SouthEast
Stuttgart,2022,NK1838-3110,220.5,118,265,118,13.840785,32.39905405,20.84297297,3331.36,418.61,26.62101351,87,43,134.62,111.76,68.58,17.78,78.74,25.4,436.88,april 27- may 3,SouthEast
Stuttgart,2022,NK1349-3220,215.5,118,265,113,13.526935,32.39905405,20.84297297,3331.36,418.61,26.62101351,87,43,134.62,111.76,68.58,17.78,78.74,25.4,436.88,april 27- may 3,SouthEast
Stuttgart,2022,Innvictis A1689T,213.1,118,265,116,13.376287,32.39905405,20.84297297,3331.36,418.61,26.62101351,87,43,134.62,111.76,68.58,17.78,78.74,25.4,436.88,april 27- may 3,SouthEast
Stuttgart,2022,NK1701-3220,211.5,118,265,117,13.275855,32.39905405,20.84297297,3331.36,418.61,26.62101351,87,43,134.62,111.76,68.58,17.78,78.74,25.4,436.88,april 27- may 3,SouthEast
Stuttgart,2022,Revere ZS1525 3220A,208.7,118,265,115,13.100099,32.39905405,20.84297297,3331.36,418.61,26.62101351,87,43,134.62,111.76,68.58,17.78,78.74,25.4,436.88,april 27- may 3,SouthEast
Greenfield,2022,Axis 65W75RIB,245,135,269,115,15.37865,,,,,,,,187.96,154.94,20.32,124.46,68.58,12.7,566.42,may 11- may 17,NorthEast
Greenfield,2022,DEKALB DKC 67-44,241.2,135,269,117,15.140124,,,,,,,,187.96,154.94,20.32,124.46,68.58,12.7,566.42,may 11- may 17,NorthEast
Greenfield,2022,Revere 1898 TC,234.8,135,269,118,14.738396,,,,,,,,187.96,154.94,20.32,124.46,68.58,12.7,566.42,may 11- may 17,NorthEast
Greenfield,2022,BH X22002VT2P,232.3,135,269,115,14.581471,,,,,,,,187.96,154.94,20.32,124.46,68.58,12.7,566.42,may 11- may 17,NorthEast
Greenfield,2022,Axis 63M73RIB,231.3,135,269,113,14.518701,,,,,,,,187.96,154.94,20.32,124.46,68.58,12.7,566.42,may 11- may 17,NorthEast
Greenfield,2022,AgriGold A645-16VT2RIB,230.8,135,269,115,14.487316,,,,,,,,187.96,154.94,20.32,124.46,68.58,12.7,566.42,may 11- may 17,NorthEast
Greenfield,2022,DEKALB DKC 70-45,228.5,135,269,120,14.342945,,,,,,,,187.96,154.94,20.32,124.46,68.58,12.7,566.42,may 11- may 17,NorthEast
Greenfield,2022,Revere 1307 TC,228.5,135,269,113,14.342945,,,,,,,,187.96,154.94,20.32,124.46,68.58,12.7,566.42,may 11- may 17,NorthEast
Greenfield,2022,CP5497,227.6,135,269,114,14.286452,,,,,,,,187.96,154.94,20.32,124.46,68.58,12.7,566.42,may 11- may 17,NorthEast
Greenfield,2022,Axis 64E72RIB,225.7,135,269,114,14.167189,,,,,,,,187.96,154.94,20.32,124.46,68.58,12.7,566.42,may 11- may 17,NorthEast
Greenfield,2022,AgriGold A647-79VT2PRO,224.2,135,269,117,14.073034,,,,,,,,187.96,154.94,20.32,124.46,68.58,12.7,566.42,may 11- may 17,NorthEast
Greenfield,2022,Progeny PGY 2215TRE,224.1,135,269,115,14.066757,,,,,,,,187.96,154.94,20.32,124.46,68.58,12.7,566.42,may 11- may 17,NorthEast
Greenfield,2022,BH 8412VT2P,221.2,135,269,114,13.884724,,,,,,,,187.96,154.94,20.32,124.46,68.58,12.7,566.42,may 11- may 17,NorthEast
Greenfield,2022,DEKALB DKC 68-35,219,135,269,118,13.74663,,,,,,,,187.96,154.94,20.32,124.46,68.58,12.7,566.42,may 11- may 17,NorthEast
Greenfield,2022,DEKALB DKC 64-22,218.2,135,269,114,13.696414,,,,,,,,187.96,154.94,20.32,124.46,68.58,12.7,566.42,may 11- may 17,NorthEast
Greenfield,2022,Revere 1627 TC,216.9,135,269,116,13.614813,,,,,,,,187.96,154.94,20.32,124.46,68.58,12.7,566.42,may 11- may 17,NorthEast
Greenfield,2022,DEKALB DKC 65-99,216.4,135,269,115,13.583428,,,,,,,,187.96,154.94,20.32,124.46,68.58,12.7,566.42,may 11- may 17,NorthEast
Greenfield,2022,LG67C07VT2Pro,214.2,135,269,117,13.445334,,,,,,,,187.96,154.94,20.32,124.46,68.58,12.7,566.42,may 11- may 17,NorthEast
Greenfield,2022,Revere ZS1525 3220A,214,135,269,115,13.43278,,,,,,,,187.96,154.94,20.32,124.46,68.58,12.7,566.42,may 11- may 17,NorthEast
Greenfield,2022,DEKALB DKC 69-99,213.5,135,269,119,13.401395,,,,,,,,187.96,154.94,20.32,124.46,68.58,12.7,566.42,may 11- may 17,NorthEast
Greenfield,2022,DEKALB DKC 67-94,212.7,135,269,117,13.351179,,,,,,,,187.96,154.94,20.32,124.46,68.58,12.7,566.42,may 11- may 17,NorthEast
Greenfield,2022,Pioneer P1170YHR,209.6,135,269,111,13.156592,,,,,,,,187.96,154.94,20.32,124.46,68.58,12.7,566.42,may 11- may 17,NorthEast
Greenfield,2022,BH 8721VT2P,208.5,135,269,117,13.087545,,,,,,,,187.96,154.94,20.32,124.46,68.58,12.7,566.42,may 11- may 17,NorthEast
Greenfield,2022,CP5550,207.8,135,269,115,13.043606,,,,,,,,187.96,154.94,20.32,124.46,68.58,12.7,566.42,may 11- may 17,NorthEast
Greenfield,2022,Progeny PGY 9114VT2P,207.8,135,269,114,13.043606,,,,,,,,187.96,154.94,20.32,124.46,68.58,12.7,566.42,may 11- may 17,NorthEast
Greenfield,2022,BH 8644TRE,207.6,135,269,116,13.031052,,,,,,,,187.96,154.94,20.32,124.46,68.58,12.7,566.42,may 11- may 17,NorthEast
Greenfield,2022,Revere 1577 VT2P,205.2,135,269,115,12.880404,,,,,,,,187.96,154.94,20.32,124.46,68.58,12.7,566.42,may 11- may 17,NorthEast
Greenfield,2022,LG66C44VT2Pro,204,135,269,116,12.80508,,,,,,,,187.96,154.94,20.32,124.46,68.58,12.7,566.42,may 11- may 17,NorthEast
Greenfield,2022,Dyna-Gro D54VC14,203,135,269,114,12.74231,,,,,,,,187.96,154.94,20.32,124.46,68.58,12.7,566.42,may 11- may 17,NorthEast
Greenfield,2022,Progeny PGY 2118VT2P,200.5,135,269,118,12.585385,,,,,,,,187.96,154.94,20.32,124.46,68.58,12.7,566.42,may 11- may 17,NorthEast
Greenfield,2022,Pioneer P1718VYHR,200.4,135,269,117,12.579108,,,,,,,,187.96,154.94,20.32,124.46,68.58,12.7,566.42,may 11- may 17,NorthEast
Greenfield,2022,Dyna-Gro D52VC63,198.7,135,269,112,12.472399,,,,,,,,187.96,154.94,20.32,124.46,68.58,12.7,566.42,may 11- may 17,NorthEast
Greenfield,2022,DEKALB DKC 66-06,197.8,135,269,116,12.415906,,,,,,,,187.96,154.94,20.32,124.46,68.58,12.7,566.42,may 11- may 17,NorthEast
Greenfield,2022,DEKALB DKC 62-70,197.7,135,269,112,12.409629,,,,,,,,187.96,154.94,20.32,124.46,68.58,12.7,566.42,may 11- may 17,NorthEast
Greenfield,2022,Dyna-Gro D57VC51,197,135,269,117,12.36569,,,,,,,,187.96,154.94,20.32,124.46,68.58,12.7,566.42,may 11- may 17,NorthEast
Greenfield,2022,Pioneer P1511YHR,195.3,135,269,115,12.258981,,,,,,,,187.96,154.94,20.32,124.46,68.58,12.7,566.42,may 11- may 17,NorthEast
Greenfield,2022,AgriGold A650-21VT2PRO,194.9,135,269,120,12.233873,,,,,,,,187.96,154.94,20.32,124.46,68.58,12.7,566.42,may 11- may 17,NorthEast
Greenfield,2022,NK1082-5222A,194.1,135,269,110,12.183657,,,,,,,,187.96,154.94,20.32,124.46,68.58,12.7,566.42,may 11- may 17,NorthEast
Greenfield,2022,Progeny PGY 8116SS,194.1,135,269,116,12.183657,,,,,,,,187.96,154.94,20.32,124.46,68.58,12.7,566.42,may 11- may 17,NorthEast
Greenfield,2022,Innvictis A1551VT2P,193.6,135,269,115,12.152272,,,,,,,,187.96,154.94,20.32,124.46,68.58,12.7,566.42,may 11- may 17,NorthEast
Greenfield,2022,Axis 65T29RIB,193.1,135,269,115,12.120887,,,,,,,,187.96,154.94,20.32,124.46,68.58,12.7,566.42,may 11- may 17,NorthEast
Greenfield,2022,Dyna-Gro D57VC53,192.4,135,269,117,12.076948,,,,,,,,187.96,154.94,20.32,124.46,68.58,12.7,566.42,may 11- may 17,NorthEast
Greenfield,2022,Dyna-Gro D55VC80,192.1,135,269,115,12.058117,,,,,,,,187.96,154.94,20.32,124.46,68.58,12.7,566.42,may 11- may 17,NorthEast
Greenfield,2022,LG66C06VT2Pro,191.8,135,269,116,12.039286,,,,,,,,187.96,154.94,20.32,124.46,68.58,12.7,566.42,may 11- may 17,NorthEast
Greenfield,2022,Pioneer P1608YHR,191.3,135,269,116,12.007901,,,,,,,,187.96,154.94,20.32,124.46,68.58,12.7,566.42,may 11- may 17,NorthEast
Greenfield,2022,NK1701-3220,189.6,135,269,117,11.901192,,,,,,,,187.96,154.94,20.32,124.46,68.58,12.7,566.42,may 11- may 17,NorthEast
Greenfield,2022,Progeny PGY 9117VT2P,187.8,135,269,117,11.788206,,,,,,,,187.96,154.94,20.32,124.46,68.58,12.7,566.42,may 11- may 17,NorthEast
Greenfield,2022,AgriGold A643-52VT2PRO,187.7,135,269,113,11.781929,,,,,,,,187.96,154.94,20.32,124.46,68.58,12.7,566.42,may 11- may 17,NorthEast
Greenfield,2022,Innvictis MEX1791VT2P,187.7,135,269,117,11.781929,,,,,,,,187.96,154.94,20.32,124.46,68.58,12.7,566.42,may 11- may 17,NorthEast
Greenfield,2022,Pioneer P1222YHR,186.2,135,269,112,11.687774,,,,,,,,187.96,154.94,20.32,124.46,68.58,12.7,566.42,may 11- may 17,NorthEast
Greenfield,2022,Progeny PGY 2015VT2P,184.7,135,269,115,11.593619,,,,,,,,187.96,154.94,20.32,124.46,68.58,12.7,566.42,may 11- may 17,NorthEast
Greenfield,2022,Axis 68P28RIB,183.8,135,269,118,11.537126,,,,,,,,187.96,154.94,20.32,124.46,68.58,12.7,566.42,may 11- may 17,NorthEast
Greenfield,2022,Dyna-Gro D58VC65,183,135,269,118,11.48691,,,,,,,,187.96,154.94,20.32,124.46,68.58,12.7,566.42,may 11- may 17,NorthEast
Greenfield,2022,CP5678,181.5,135,269,116,11.392755,,,,,,,,187.96,154.94,20.32,124.46,68.58,12.7,566.42,may 11- may 17,NorthEast
Greenfield,2022,Revere 1919 VT2P,180.3,135,269,119,11.317431,,,,,,,,187.96,154.94,20.32,124.46,68.58,12.7,566.42,may 11- may 17,NorthEast
Greenfield,2022,CP20117C/VT2P,178,135,269,117,11.17306,,,,,,,,187.96,154.94,20.32,124.46,68.58,12.7,566.42,may 11- may 17,NorthEast
Greenfield,2022,LG69C03VT2Pro,174.2,135,269,119,10.934534,,,,,,,,187.96,154.94,20.32,124.46,68.58,12.7,566.42,may 11- may 17,NorthEast
Greenfield,2022,Revere 1707 VT2P,174,135,269,117,10.92198,,,,,,,,187.96,154.94,20.32,124.46,68.58,12.7,566.42,may 11- may 17,NorthEast
Greenfield,2022,Pioneer P1289YHR,172.9,135,269,112,10.852933,,,,,,,,187.96,154.94,20.32,124.46,68.58,12.7,566.42,may 11- may 17,NorthEast
Greenfield,2022,NK1838-3110,171.7,135,269,118,10.777609,,,,,,,,187.96,154.94,20.32,124.46,68.58,12.7,566.42,may 11- may 17,NorthEast
Greenfield,2022,NK1677-3110,168.5,135,269,116,10.576745,,,,,,,,187.96,154.94,20.32,124.46,68.58,12.7,566.42,may 11- may 17,NorthEast
Greenfield,2022,NK1460-5222,168,135,269,114,10.54536,,,,,,,,187.96,154.94,20.32,124.46,68.58,12.7,566.42,may 11- may 17,NorthEast
Greenfield,2022,NK1349-3220,166.3,135,269,113,10.438651,,,,,,,,187.96,154.94,20.32,124.46,68.58,12.7,566.42,may 11- may 17,NorthEast
Greenfield,2022,Innvictis A1689T,161.2,135,269,116,10.118524,,,,,,,,187.96,154.94,20.32,124.46,68.58,12.7,566.42,may 11- may 17,NorthEast
Greenfield,2022,Master Farmer MRZ-C152-5122- EZ1,160.1,135,269,115,10.049477,,,,,,,,187.96,154.94,20.32,124.46,68.58,12.7,566.42,may 11- may 17,NorthEast
Greenfield,2022,BH X22045,159.2,135,269,115,9.992984,,,,,,,,187.96,154.94,20.32,124.46,68.58,12.7,566.42,may 11- may 17,NorthEast
Greenfield,2022,Master Farmer MBE172-3110,159,135,269,117,9.98043,,,,,,,,187.96,154.94,20.32,124.46,68.58,12.7,566.42,may 11- may 17,NorthEast
Greenfield,2022,NK1523-3220,157.6,135,269,115,9.892552,,,,,,,,187.96,154.94,20.32,124.46,68.58,12.7,566.42,may 11- may 17,NorthEast
Keiser,2023,DEKALB DKC 69-99,232.1,101,264,119,14.568917,29.31390244,18.2325,3618.42,529.58,23.77320122,46,17,124.46,96.52,76.2,266.7,149.86,66.04,779.78,april 6- april 12,NorthEast
Keiser,2023,Revere 1839 TC,231.5,101,264,118,14.531255,29.31390244,18.2325,3618.42,529.58,23.77320122,46,17,124.46,96.52,76.2,266.7,149.86,66.04,779.78,april 6- april 12,NorthEast
Keiser,2023,Pioneer P1718VYHR,230,101,264,117,14.4371,29.31390244,18.2325,3618.42,529.58,23.77320122,46,17,124.46,96.52,76.2,266.7,149.86,66.04,779.78,april 6- april 12,NorthEast
Keiser,2023,NK1480-DV,229.8,101,264,114,14.424546,29.31390244,18.2325,3618.42,529.58,23.77320122,46,17,124.46,96.52,76.2,266.7,149.86,66.04,779.78,april 6- april 12,NorthEast
Keiser,2023,Progeny PGY 2314TRE,227.9,101,264,114,14.305283,29.31390244,18.2325,3618.42,529.58,23.77320122,46,17,124.46,96.52,76.2,266.7,149.86,66.04,779.78,april 6- april 12,NorthEast
Keiser,2023,Progeny PGY 2215TRE,227.4,101,264,115,14.273898,29.31390244,18.2325,3618.42,529.58,23.77320122,46,17,124.46,96.52,76.2,266.7,149.86,66.04,779.78,april 6- april 12,NorthEast
Keiser,2023,NK1838-3110,227,101,264,118,14.24879,29.31390244,18.2325,3618.42,529.58,23.77320122,46,17,124.46,96.52,76.2,266.7,149.86,66.04,779.78,april 6- april 12,NorthEast
Keiser,2023,Dyna-Gro D57TC29,226.9,101,264,117,14.242513,29.31390244,18.2325,3618.42,529.58,23.77320122,46,17,124.46,96.52,76.2,266.7,149.86,66.04,779.78,april 6- april 12,NorthEast
Keiser,2023,Revere 1577 VT2P,225.7,101,264,115,14.167189,29.31390244,18.2325,3618.42,529.58,23.77320122,46,17,124.46,96.52,76.2,266.7,149.86,66.04,779.78,april 6- april 12,NorthEast
Keiser,2023,DEKALB DKC 64-22,225.4,101,264,114,14.148358,29.31390244,18.2325,3618.42,529.58,23.77320122,46,17,124.46,96.52,76.2,266.7,149.86,66.04,779.78,april 6- april 12,NorthEast
Keiser,2023,DEKALB DKC 117-78,225.1,101,264,117,14.129527,29.31390244,18.2325,3618.42,529.58,23.77320122,46,17,124.46,96.52,76.2,266.7,149.86,66.04,779.78,april 6- april 12,NorthEast
Keiser,2023,DEKALB DKC 66-06,225.1,101,264,116,14.129527,29.31390244,18.2325,3618.42,529.58,23.77320122,46,17,124.46,96.52,76.2,266.7,149.86,66.04,779.78,april 6- april 12,NorthEast
Keiser,2023,Revere 1307 TC,223.8,101,264,113,14.047926,29.31390244,18.2325,3618.42,529.58,23.77320122,46,17,124.46,96.52,76.2,266.7,149.86,66.04,779.78,april 6- april 12,NorthEast
Keiser,2023,Dyna-Gro D53TC23,223.7,101,264,113,14.041649,29.31390244,18.2325,3618.42,529.58,23.77320122,46,17,124.46,96.52,76.2,266.7,149.86,66.04,779.78,april 6- april 12,NorthEast
Keiser,2023,Innvictis A1551VT2P,221.9,101,264,115,13.928663,29.31390244,18.2325,3618.42,529.58,23.77320122,46,17,124.46,96.52,76.2,266.7,149.86,66.04,779.78,april 6- april 12,NorthEast
Keiser,2023,Innvictis X1993VT2P,221.5,101,264,119,13.903555,29.31390244,18.2325,3618.42,529.58,23.77320122,46,17,124.46,96.52,76.2,266.7,149.86,66.04,779.78,april 6- april 12,NorthEast
Keiser,2023,DEKALB DKC 67-94,221.5,101,264,117,13.903555,29.31390244,18.2325,3618.42,529.58,23.77320122,46,17,124.46,96.52,76.2,266.7,149.86,66.04,779.78,april 6- april 12,NorthEast
Keiser,2023,NK1701-V,220.9,101,264,117,13.865893,29.31390244,18.2325,3618.42,529.58,23.77320122,46,17,124.46,96.52,76.2,266.7,149.86,66.04,779.78,april 6- april 12,NorthEast
Keiser,2023,Axis Seed 65W75RIB,220.6,101,264,115,13.847062,29.31390244,18.2325,3618.42,529.58,23.77320122,46,17,124.46,96.52,76.2,266.7,149.86,66.04,779.78,april 6- april 12,NorthEast
Keiser,2023,BH 8566VT2P,220.6,101,264,115,13.847062,29.31390244,18.2325,3618.42,529.58,23.77320122,46,17,124.46,96.52,76.2,266.7,149.86,66.04,779.78,april 6- april 12,NorthEast
Keiser,2023,CP5208VT2P,219,101,264,112,13.74663,29.31390244,18.2325,3618.42,529.58,23.77320122,46,17,124.46,96.52,76.2,266.7,149.86,66.04,779.78,april 6- april 12,NorthEast
Keiser,2023,Revere 1627 TC,218.8,101,264,116,13.734076,29.31390244,18.2325,3618.42,529.58,23.77320122,46,17,124.46,96.52,76.2,266.7,149.86,66.04,779.78,april 6- april 12,NorthEast
Keiser,2023,Dyna-Gro D56TC44,218.5,101,264,116,13.715245,29.31390244,18.2325,3618.42,529.58,23.77320122,46,17,124.46,96.52,76.2,266.7,149.86,66.04,779.78,april 6- april 12,NorthEast
Keiser,2023,Pioneer P17052YHR,217.7,101,264,117,13.665029,29.31390244,18.2325,3618.42,529.58,23.77320122,46,17,124.46,96.52,76.2,266.7,149.86,66.04,779.78,april 6- april 12,NorthEast
Keiser,2023,Innvictis A1689T,217,101,264,116,13.62109,29.31390244,18.2325,3618.42,529.58,23.77320122,46,17,124.46,96.52,76.2,266.7,149.86,66.04,779.78,april 6- april 12,NorthEast
Keiser,2023,Axis Seed 63M73RIB,216.8,101,264,113,13.608536,29.31390244,18.2325,3618.42,529.58,23.77320122,46,17,124.46,96.52,76.2,266.7,149.86,66.04,779.78,april 6- april 12,NorthEast
Keiser,2023,Progeny PGY 2118VT2P,216.6,101,264,118,13.595982,29.31390244,18.2325,3618.42,529.58,23.77320122,46,17,124.46,96.52,76.2,266.7,149.86,66.04,779.78,april 6- april 12,NorthEast
Keiser,2023,CP5893TRE,216.5,101,264,118,13.589705,29.31390244,18.2325,3618.42,529.58,23.77320122,46,17,124.46,96.52,76.2,266.7,149.86,66.04,779.78,april 6- april 12,NorthEast
Keiser,2023,Axis Seed 64E72RIB,216.2,101,264,114,13.570874,29.31390244,18.2325,3618.42,529.58,23.77320122,46,17,124.46,96.52,76.2,266.7,149.86,66.04,779.78,april 6- april 12,NorthEast
Keiser,2023,Progeny PGY 9114VT2P,215.1,101,264,114,13.501827,29.31390244,18.2325,3618.42,529.58,23.77320122,46,17,124.46,96.52,76.2,266.7,149.86,66.04,779.78,april 6- april 12,NorthEast
Keiser,2023,Pioneer P1847VYHR,215,101,264,118,13.49555,29.31390244,18.2325,3618.42,529.58,23.77320122,46,17,124.46,96.52,76.2,266.7,149.86,66.04,779.78,april 6- april 12,NorthEast
Keiser,2023,DEKALB DKC 62-70,215,101,264,112,13.49555,29.31390244,18.2325,3618.42,529.58,23.77320122,46,17,124.46,96.52,76.2,266.7,149.86,66.04,779.78,april 6- april 12,NorthEast
Keiser,2023,Pioneer P1511YHR,214.8,101,264,115,13.482996,29.31390244,18.2325,3618.42,529.58,23.77320122,46,17,124.46,96.52,76.2,266.7,149.86,66.04,779.78,april 6- april 12,NorthEast
Keiser,2023,Innvictis A1542T,214.6,101,264,115,13.470442,29.31390244,18.2325,3618.42,529.58,23.77320122,46,17,124.46,96.52,76.2,266.7,149.86,66.04,779.78,april 6- april 12,NorthEast
Keiser,2023,DEKALB DKC 113-83,214.6,101,264,113,13.470442,29.31390244,18.2325,3618.42,529.58,23.77320122,46,17,124.46,96.52,76.2,266.7,149.86,66.04,779.78,april 6- april 12,NorthEast
Keiser,2023,Dyna-Gro D57VC53,212.4,101,264,117,13.332348,29.31390244,18.2325,3618.42,529.58,23.77320122,46,17,124.46,96.52,76.2,266.7,149.86,66.04,779.78,april 6- april 12,NorthEast
Keiser,2023,Pioneer P1222YHR,211,101,264,112,13.24447,29.31390244,18.2325,3618.42,529.58,23.77320122,46,17,124.46,96.52,76.2,266.7,149.86,66.04,779.78,april 6- april 12,NorthEast
Keiser,2023,Pioneer P17677YHR,210,101,264,117,13.1817,29.31390244,18.2325,3618.42,529.58,23.77320122,46,17,124.46,96.52,76.2,266.7,149.86,66.04,779.78,april 6- april 12,NorthEast
Keiser,2023,Axis Seed 69A79,209.3,101,264,119,13.137761,29.31390244,18.2325,3618.42,529.58,23.77320122,46,17,124.46,96.52,76.2,266.7,149.86,66.04,779.78,april 6- april 12,NorthEast
Keiser,2023,DEKALB DKC 70-45,208.5,101,264,120,13.087545,29.31390244,18.2325,3618.42,529.58,23.77320122,46,17,124.46,96.52,76.2,266.7,149.86,66.04,779.78,april 6- april 12,NorthEast
Keiser,2023,BH 8721VT2P,208,101,264,117,13.05616,29.31390244,18.2325,3618.42,529.58,23.77320122,46,17,124.46,96.52,76.2,266.7,149.86,66.04,779.78,april 6- april 12,NorthEast
Keiser,2023,DEKALB DKC 68-35,207.5,101,264,118,13.024775,29.31390244,18.2325,3618.42,529.58,23.77320122,46,17,124.46,96.52,76.2,266.7,149.86,66.04,779.78,april 6- april 12,NorthEast
Keiser,2023,Progeny PGY 9117VT2P,207.4,101,264,117,13.018498,29.31390244,18.2325,3618.42,529.58,23.77320122,46,17,124.46,96.52,76.2,266.7,149.86,66.04,779.78,april 6- april 12,NorthEast
Keiser,2023,Progeny PGY 2010TRE,205,101,264,110,12.86785,29.31390244,18.2325,3618.42,529.58,23.77320122,46,17,124.46,96.52,76.2,266.7,149.86,66.04,779.78,april 6- april 12,NorthEast
Keiser,2023,DEKALB DKC 65-99,204,101,264,115,12.80508,29.31390244,18.2325,3618.42,529.58,23.77320122,46,17,124.46,96.52,76.2,266.7,149.86,66.04,779.78,april 6- april 12,NorthEast
Keiser,2023,Dyna-Gro D58VC74,203.1,101,264,118,12.748587,29.31390244,18.2325,3618.42,529.58,23.77320122,46,17,124.46,96.52,76.2,266.7,149.86,66.04,779.78,april 6- april 12,NorthEast
Marianna,2023,CP5893TRE,239,103,261,118,15.00203,31.3,19.5,3512,463.4,25.4,82,37,208.28,30.48,55.88,104.14,71.12,30.48,502.92,april 13- april 19,CenterEast
Marianna,2023,Innvictis X1993VT2P,238.2,103,261,119,14.951814,31.3,19.5,3512,463.4,25.4,82,37,208.28,30.48,55.88,104.14,71.12,30.48,502.92,april 13- april 19,CenterEast
Marianna,2023,Revere 1307 TC,234.4,103,261,113,14.713288,31.3,19.5,3512,463.4,25.4,82,37,208.28,30.48,55.88,104.14,71.12,30.48,502.92,april 13- april 19,CenterEast
Marianna,2023,DEKALB DKC 117-78,233.2,103,261,117,14.637964,31.3,19.5,3512,463.4,25.4,82,37,208.28,30.48,55.88,104.14,71.12,30.48,502.92,april 13- april 19,CenterEast
Marianna,2023,Axis Seed 69A79,228.8,103,261,119,14.361776,31.3,19.5,3512,463.4,25.4,82,37,208.28,30.48,55.88,104.14,71.12,30.48,502.92,april 13- april 19,CenterEast
Marianna,2023,DEKALB DKC 113-83,227.8,103,261,113,14.299006,31.3,19.5,3512,463.4,25.4,82,37,208.28,30.48,55.88,104.14,71.12,30.48,502.92,april 13- april 19,CenterEast
Marianna,2023,Revere 1839 TC,226.6,103,261,118,14.223682,31.3,19.5,3512,463.4,25.4,82,37,208.28,30.48,55.88,104.14,71.12,30.48,502.92,april 13- april 19,CenterEast
Marianna,2023,DEKALB DKC 68-35,226.5,103,261,118,14.217405,31.3,19.5,3512,463.4,25.4,82,37,208.28,30.48,55.88,104.14,71.12,30.48,502.92,april 13- april 19,CenterEast
Marianna,2023,Dyna-Gro D56TC44,224.8,103,261,116,14.110696,31.3,19.5,3512,463.4,25.4,82,37,208.28,30.48,55.88,104.14,71.12,30.48,502.92,april 13- april 19,CenterEast
Marianna,2023,BH 8566VT2P,222.6,103,261,115,13.972602,31.3,19.5,3512,463.4,25.4,82,37,208.28,30.48,55.88,104.14,71.12,30.48,502.92,april 13- april 19,CenterEast
Marianna,2023,DEKALB DKC 70-45,222.3,103,261,120,13.953771,31.3,19.5,3512,463.4,25.4,82,37,208.28,30.48,55.88,104.14,71.12,30.48,502.92,april 13- april 19,CenterEast
Marianna,2023,Revere 1627 TC,220.6,103,261,116,13.847062,31.3,19.5,3512,463.4,25.4,82,37,208.28,30.48,55.88,104.14,71.12,30.48,502.92,april 13- april 19,CenterEast
Marianna,2023,CP5208VT2P,219.4,103,261,112,13.771738,31.3,19.5,3512,463.4,25.4,82,37,208.28,30.48,55.88,104.14,71.12,30.48,502.92,april 13- april 19,CenterEast
Marianna,2023,Axis Seed 65W75RIB,218.1,103,261,115,13.690137,31.3,19.5,3512,463.4,25.4,82,37,208.28,30.48,55.88,104.14,71.12,30.48,502.92,april 13- april 19,CenterEast
Marianna,2023,Dyna-Gro D57TC29,218.1,103,261,117,13.690137,31.3,19.5,3512,463.4,25.4,82,37,208.28,30.48,55.88,104.14,71.12,30.48,502.92,april 13- april 19,CenterEast
Marianna,2023,Pioneer P1718VYHR,217.8,103,261,117,13.671306,31.3,19.5,3512,463.4,25.4,82,37,208.28,30.48,55.88,104.14,71.12,30.48,502.92,april 13- april 19,CenterEast
Marianna,2023,DEKALB DKC 65-99,217.8,103,261,115,13.671306,31.3,19.5,3512,463.4,25.4,82,37,208.28,30.48,55.88,104.14,71.12,30.48,502.92,april 13- april 19,CenterEast
Marianna,2023,DEKALB DKC 64-22,216,103,261,114,13.55832,31.3,19.5,3512,463.4,25.4,82,37,208.28,30.48,55.88,104.14,71.12,30.48,502.92,april 13- april 19,CenterEast
Marianna,2023,Innvictis A1689T,215.1,103,261,116,13.501827,31.3,19.5,3512,463.4,25.4,82,37,208.28,30.48,55.88,104.14,71.12,30.48,502.92,april 13- april 19,CenterEast
Marianna,2023,Progeny PGY 9117VT2P,214.4,103,261,117,13.457888,31.3,19.5,3512,463.4,25.4,82,37,208.28,30.48,55.88,104.14,71.12,30.48,502.92,april 13- april 19,CenterEast
Marianna,2023,Pioneer P1847VYHR,213,103,261,118,13.37001,31.3,19.5,3512,463.4,25.4,82,37,208.28,30.48,55.88,104.14,71.12,30.48,502.92,april 13- april 19,CenterEast
Marianna,2023,Axis Seed 63M73RIB,213,103,261,113,13.37001,31.3,19.5,3512,463.4,25.4,82,37,208.28,30.48,55.88,104.14,71.12,30.48,502.92,april 13- april 19,CenterEast
Marianna,2023,Progeny PGY 9114VT2P,212.4,103,261,114,13.332348,31.3,19.5,3512,463.4,25.4,82,37,208.28,30.48,55.88,104.14,71.12,30.48,502.92,april 13- april 19,CenterEast
Marianna,2023,Progeny PGY 2215TRE,211.7,103,261,115,13.288409,31.3,19.5,3512,463.4,25.4,82,37,208.28,30.48,55.88,104.14,71.12,30.48,502.92,april 13- april 19,CenterEast
Marianna,2023,Progeny PGY 2314TRE,211.6,103,261,114,13.282132,31.3,19.5,3512,463.4,25.4,82,37,208.28,30.48,55.88,104.14,71.12,30.48,502.92,april 13- april 19,CenterEast
Marianna,2023,Revere 1577 VT2P,210.3,103,261,115,13.200531,31.3,19.5,3512,463.4,25.4,82,37,208.28,30.48,55.88,104.14,71.12,30.48,502.92,april 13- april 19,CenterEast
Marianna,2023,Dyna-Gro D53TC23,210,103,261,113,13.1817,31.3,19.5,3512,463.4,25.4,82,37,208.28,30.48,55.88,104.14,71.12,30.48,502.92,april 13- april 19,CenterEast
Marianna,2023,DEKALB DKC 69-99,209,103,261,119,13.11893,31.3,19.5,3512,463.4,25.4,82,37,208.28,30.48,55.88,104.14,71.12,30.48,502.92,april 13- april 19,CenterEast
Marianna,2023,NK1838-3110,208,103,261,118,13.05616,31.3,19.5,3512,463.4,25.4,82,37,208.28,30.48,55.88,104.14,71.12,30.48,502.92,april 13- april 19,CenterEast
Marianna,2023,Pioneer P1511YHR,208,103,261,115,13.05616,31.3,19.5,3512,463.4,25.4,82,37,208.28,30.48,55.88,104.14,71.12,30.48,502.92,april 13- april 19,CenterEast
Marianna,2023,DEKALB DKC 67-94,206.5,103,261,117,12.962005,31.3,19.5,3512,463.4,25.4,82,37,208.28,30.48,55.88,104.14,71.12,30.48,502.92,april 13- april 19,CenterEast
Marianna,2023,Innvictis A1551VT2P,206.3,103,261,115,12.949451,31.3,19.5,3512,463.4,25.4,82,37,208.28,30.48,55.88,104.14,71.12,30.48,502.92,april 13- april 19,CenterEast
Marianna,2023,Pioneer P17677YHR,206,103,261,117,12.93062,31.3,19.5,3512,463.4,25.4,82,37,208.28,30.48,55.88,104.14,71.12,30.48,502.92,april 13- april 19,CenterEast
Marianna,2023,Pioneer P1222YHR,205.1,103,261,112,12.874127,31.3,19.5,3512,463.4,25.4,82,37,208.28,30.48,55.88,104.14,71.12,30.48,502.92,april 13- april 19,CenterEast
Marianna,2023,Pioneer P17052YHR,205,103,261,117,12.86785,31.3,19.5,3512,463.4,25.4,82,37,208.28,30.48,55.88,104.14,71.12,30.48,502.92,april 13- april 19,CenterEast
Marianna,2023,Dyna-Gro D58VC74,203.7,103,261,118,12.786249,31.3,19.5,3512,463.4,25.4,82,37,208.28,30.48,55.88,104.14,71.12,30.48,502.92,april 13- april 19,CenterEast
Marianna,2023,NK1480-DV,203.1,103,261,114,12.748587,31.3,19.5,3512,463.4,25.4,82,37,208.28,30.48,55.88,104.14,71.12,30.48,502.92,april 13- april 19,CenterEast
Marianna,2023,DEKALB DKC 62-70,202.8,103,261,112,12.729756,31.3,19.5,3512,463.4,25.4,82,37,208.28,30.48,55.88,104.14,71.12,30.48,502.92,april 13- april 19,CenterEast
Marianna,2023,Progeny PGY 2118VT2P,202.3,103,261,118,12.698371,31.3,19.5,3512,463.4,25.4,82,37,208.28,30.48,55.88,104.14,71.12,30.48,502.92,april 13- april 19,CenterEast
Marianna,2023,BH 8721VT2P,201.9,103,261,117,12.673263,31.3,19.5,3512,463.4,25.4,82,37,208.28,30.48,55.88,104.14,71.12,30.48,502.92,april 13- april 19,CenterEast
Marianna,2023,Innvictis A1542T,200.6,103,261,115,12.591662,31.3,19.5,3512,463.4,25.4,82,37,208.28,30.48,55.88,104.14,71.12,30.48,502.92,april 13- april 19,CenterEast
Marianna,2023,Axis Seed 64E72RIB,194.9,103,261,114,12.233873,31.3,19.5,3512,463.4,25.4,82,37,208.28,30.48,55.88,104.14,71.12,30.48,502.92,april 13- april 19,CenterEast
Marianna,2023,Progeny PGY 2010TRE,194.1,103,261,110,12.183657,31.3,19.5,3512,463.4,25.4,82,37,208.28,30.48,55.88,104.14,71.12,30.48,502.92,april 13- april 19,CenterEast
Marianna,2023,NK1701-V,191.9,103,261,117,12.045563,31.3,19.5,3512,463.4,25.4,82,37,208.28,30.48,55.88,104.14,71.12,30.48,502.92,april 13- april 19,CenterEast
Marianna,2023,Dyna-Gro D57VC53,190.9,103,261,117,11.982793,31.3,19.5,3512,463.4,25.4,82,37,208.28,30.48,55.88,104.14,71.12,30.48,502.92,april 13- april 19,CenterEast
Marianna,2023,DEKALB DKC 66-06,188.9,103,261,116,11.857253,31.3,19.5,3512,463.4,25.4,82,37,208.28,30.48,55.88,104.14,71.12,30.48,502.92,april 13- april 19,CenterEast
Rohwer,2023,Progeny PGY 2314TRE,224.7,102,255,114,14.104419,31.79422078,19.98675325,3407.9,495.99,25.89048701,86,47,223.52,33.02,139.7,124.46,35.56,45.72,604.52,april 6- april 12,SouthEast
Rohwer,2023,Innvictis X1993VT2P,223.5,102,255,119,14.029095,31.79422078,19.98675325,3407.9,495.99,25.89048701,86,47,223.52,33.02,139.7,124.46,35.56,45.72,604.52,april 6- april 12,SouthEast
Rohwer,2023,Revere 1839 TC,223.2,102,255,118,14.010264,31.79422078,19.98675325,3407.9,495.99,25.89048701,86,47,223.52,33.02,139.7,124.46,35.56,45.72,604.52,april 6- april 12,SouthEast
Rohwer,2023,Revere 1627 TC,223.1,102,255,116,14.003987,31.79422078,19.98675325,3407.9,495.99,25.89048701,86,47,223.52,33.02,139.7,124.46,35.56,45.72,604.52,april 6- april 12,SouthEast
Rohwer,2023,DEKALB DKC 70-45,221.1,102,255,120,13.878447,31.79422078,19.98675325,3407.9,495.99,25.89048701,86,47,223.52,33.02,139.7,124.46,35.56,45.72,604.52,april 6- april 12,SouthEast
Rohwer,2023,DEKALB DKC 64-22,219.9,102,255,114,13.803123,31.79422078,19.98675325,3407.9,495.99,25.89048701,86,47,223.52,33.02,139.7,124.46,35.56,45.72,604.52,april 6- april 12,SouthEast
Rohwer,2023,BH 8566VT2P,217.4,102,255,115,13.646198,31.79422078,19.98675325,3407.9,495.99,25.89048701,86,47,223.52,33.02,139.7,124.46,35.56,45.72,604.52,april 6- april 12,SouthEast
Rohwer,2023,Innvictis A1689T,215,102,255,116,13.49555,31.79422078,19.98675325,3407.9,495.99,25.89048701,86,47,223.52,33.02,139.7,124.46,35.56,45.72,604.52,april 6- april 12,SouthEast
Rohwer,2023,Progeny PGY 9114VT2P,214,102,255,114,13.43278,31.79422078,19.98675325,3407.9,495.99,25.89048701,86,47,223.52,33.02,139.7,124.46,35.56,45.72,604.52,april 6- april 12,SouthEast
Rohwer,2023,DEKALB DKC 117-78,213.2,102,255,117,13.382564,31.79422078,19.98675325,3407.9,495.99,25.89048701,86,47,223.52,33.02,139.7,124.46,35.56,45.72,604.52,april 6- april 12,SouthEast
Rohwer,2023,Axis Seed 69A79,212.3,102,255,119,13.326071,31.79422078,19.98675325,3407.9,495.99,25.89048701,86,47,223.52,33.02,139.7,124.46,35.56,45.72,604.52,april 6- april 12,SouthEast
Rohwer,2023,DEKALB DKC 66-06,210.8,102,255,116,13.231916,31.79422078,19.98675325,3407.9,495.99,25.89048701,86,47,223.52,33.02,139.7,124.46,35.56,45.72,604.52,april 6- april 12,SouthEast
Rohwer,2023,Dyna-Gro D57TC29,210.5,102,255,117,13.213085,31.79422078,19.98675325,3407.9,495.99,25.89048701,86,47,223.52,33.02,139.7,124.46,35.56,45.72,604.52,april 6- april 12,SouthEast
Rohwer,2023,Dyna-Gro D56TC44,210.4,102,255,116,13.206808,31.79422078,19.98675325,3407.9,495.99,25.89048701,86,47,223.52,33.02,139.7,124.46,35.56,45.72,604.52,april 6- april 12,SouthEast
Rohwer,2023,DEKALB DKC 68-35,209.3,102,255,118,13.137761,31.79422078,19.98675325,3407.9,495.99,25.89048701,86,47,223.52,33.02,139.7,124.46,35.56,45.72,604.52,april 6- april 12,SouthEast
Rohwer,2023,Axis Seed 65W75RIB,209.2,102,255,115,13.131484,31.79422078,19.98675325,3407.9,495.99,25.89048701,86,47,223.52,33.02,139.7,124.46,35.56,45.72,604.52,april 6- april 12,SouthEast
Rohwer,2023,Dyna-Gro D58VC74,209.2,102,255,118,13.131484,31.79422078,19.98675325,3407.9,495.99,25.89048701,86,47,223.52,33.02,139.7,124.46,35.56,45.72,604.52,april 6- april 12,SouthEast
Rohwer,2023,CP5893TRE,207,102,255,118,12.99339,31.79422078,19.98675325,3407.9,495.99,25.89048701,86,47,223.52,33.02,139.7,124.46,35.56,45.72,604.52,april 6- april 12,SouthEast
Rohwer,2023,Pioneer P17052YHR,205.4,102,255,117,12.892958,31.79422078,19.98675325,3407.9,495.99,25.89048701,86,47,223.52,33.02,139.7,124.46,35.56,45.72,604.52,april 6- april 12,SouthEast
Rohwer,2023,Innvictis A1542T,205.3,102,255,115,12.886681,31.79422078,19.98675325,3407.9,495.99,25.89048701,86,47,223.52,33.02,139.7,124.46,35.56,45.72,604.52,april 6- april 12,SouthEast
Rohwer,2023,Pioneer P1718VYHR,205.2,102,255,117,12.880404,31.79422078,19.98675325,3407.9,495.99,25.89048701,86,47,223.52,33.02,139.7,124.46,35.56,45.72,604.52,april 6- april 12,SouthEast
Rohwer,2023,DEKALB DKC 113-83,205.2,102,255,113,12.880404,31.79422078,19.98675325,3407.9,495.99,25.89048701,86,47,223.52,33.02,139.7,124.46,35.56,45.72,604.52,april 6- april 12,SouthEast
Rohwer,2023,DEKALB DKC 65-99,204.9,102,255,115,12.861573,31.79422078,19.98675325,3407.9,495.99,25.89048701,86,47,223.52,33.02,139.7,124.46,35.56,45.72,604.52,april 6- april 12,SouthEast
Rohwer,2023,Revere 1307 TC,204.4,102,255,113,12.830188,31.79422078,19.98675325,3407.9,495.99,25.89048701,86,47,223.52,33.02,139.7,124.46,35.56,45.72,604.52,april 6- april 12,SouthEast
Rohwer,2023,DEKALB DKC 69-99,202.4,102,255,119,12.704648,31.79422078,19.98675325,3407.9,495.99,25.89048701,86,47,223.52,33.02,139.7,124.46,35.56,45.72,604.52,april 6- april 12,SouthEast
Rohwer,2023,Progeny PGY 2215TRE,201.4,102,255,115,12.641878,31.79422078,19.98675325,3407.9,495.99,25.89048701,86,47,223.52,33.02,139.7,124.46,35.56,45.72,604.52,april 6- april 12,SouthEast
Rohwer,2023,Revere 1577 VT2P,200.4,102,255,115,12.579108,31.79422078,19.98675325,3407.9,495.99,25.89048701,86,47,223.52,33.02,139.7,124.46,35.56,45.72,604.52,april 6- april 12,SouthEast
Rohwer,2023,CP5208VT2P,200.1,102,255,112,12.560277,31.79422078,19.98675325,3407.9,495.99,25.89048701,86,47,223.52,33.02,139.7,124.46,35.56,45.72,604.52,april 6- april 12,SouthEast
Rohwer,2023,Innvictis A1551VT2P,199.4,102,255,115,12.516338,31.79422078,19.98675325,3407.9,495.99,25.89048701,86,47,223.52,33.02,139.7,124.46,35.56,45.72,604.52,april 6- april 12,SouthEast
Rohwer,2023,Progeny PGY 2118VT2P,199.2,102,255,118,12.503784,31.79422078,19.98675325,3407.9,495.99,25.89048701,86,47,223.52,33.02,139.7,124.46,35.56,45.72,604.52,april 6- april 12,SouthEast
Rohwer,2023,Axis Seed 64E72RIB,198.7,102,255,114,12.472399,31.79422078,19.98675325,3407.9,495.99,25.89048701,86,47,223.52,33.02,139.7,124.46,35.56,45.72,604.52,april 6- april 12,SouthEast
Rohwer,2023,Axis Seed 63M73RIB,198.1,102,255,113,12.434737,31.79422078,19.98675325,3407.9,495.99,25.89048701,86,47,223.52,33.02,139.7,124.46,35.56,45.72,604.52,april 6- april 12,SouthEast
Rohwer,2023,Progeny PGY 9117VT2P,197.5,102,255,117,12.397075,31.79422078,19.98675325,3407.9,495.99,25.89048701,86,47,223.52,33.02,139.7,124.46,35.56,45.72,604.52,april 6- april 12,SouthEast
Rohwer,2023,BH 8721VT2P,197.5,102,255,117,12.397075,31.79422078,19.98675325,3407.9,495.99,25.89048701,86,47,223.52,33.02,139.7,124.46,35.56,45.72,604.52,april 6- april 12,SouthEast
Rohwer,2023,Pioneer P1511YHR,197.2,102,255,115,12.378244,31.79422078,19.98675325,3407.9,495.99,25.89048701,86,47,223.52,33.02,139.7,124.46,35.56,45.72,604.52,april 6- april 12,SouthEast
Rohwer,2023,DEKALB DKC 67-94,196.6,102,255,117,12.340582,31.79422078,19.98675325,3407.9,495.99,25.89048701,86,47,223.52,33.02,139.7,124.46,35.56,45.72,604.52,april 6- april 12,SouthEast
Rohwer,2023,NK1480-DV,194.5,102,255,114,12.208765,31.79422078,19.98675325,3407.9,495.99,25.89048701,86,47,223.52,33.02,139.7,124.46,35.56,45.72,604.52,april 6- april 12,SouthEast
Rohwer,2023,DEKALB DKC 62-70,193.9,102,255,112,12.171103,31.79422078,19.98675325,3407.9,495.99,25.89048701,86,47,223.52,33.02,139.7,124.46,35.56,45.72,604.52,april 6- april 12,SouthEast
Rohwer,2023,Dyna-Gro D53TC23,191.7,102,255,113,12.033009,31.79422078,19.98675325,3407.9,495.99,25.89048701,86,47,223.52,33.02,139.7,124.46,35.56,45.72,604.52,april 6- april 12,SouthEast
Rohwer,2023,Progeny PGY 2010TRE,187.8,102,255,110,11.788206,31.79422078,19.98675325,3407.9,495.99,25.89048701,86,47,223.52,33.02,139.7,124.46,35.56,45.72,604.52,april 6- april 12,SouthEast
Rohwer,2023,Pioneer P1222YHR,186.9,102,255,112,11.731713,31.79422078,19.98675325,3407.9,495.99,25.89048701,86,47,223.52,33.02,139.7,124.46,35.56,45.72,604.52,april 6- april 12,SouthEast
Rohwer,2023,Pioneer P1847VYHR,185.9,102,255,118,11.668943,31.79422078,19.98675325,3407.9,495.99,25.89048701,86,47,223.52,33.02,139.7,124.46,35.56,45.72,604.52,april 6- april 12,SouthEast
Rohwer,2023,Pioneer P17677YHR,185.7,102,255,117,11.656389,31.79422078,19.98675325,3407.9,495.99,25.89048701,86,47,223.52,33.02,139.7,124.46,35.56,45.72,604.52,april 6- april 12,SouthEast
Rohwer,2023,NK1701-V,184.9,102,255,117,11.606173,31.79422078,19.98675325,3407.9,495.99,25.89048701,86,47,223.52,33.02,139.7,124.46,35.56,45.72,604.52,april 6- april 12,SouthEast
Rohwer,2023,Dyna-Gro D57VC53,181.2,102,255,117,11.373924,31.79422078,19.98675325,3407.9,495.99,25.89048701,86,47,223.52,33.02,139.7,124.46,35.56,45.72,604.52,april 6- april 12,SouthEast
Rohwer,2023,NK1838-3110,148.4,102,255,118,9.315068,31.79422078,19.98675325,3407.9,495.99,25.89048701,86,47,223.52,33.02,139.7,124.46,35.56,45.72,604.52,april 6- april 12,SouthEast
Harrisburg,2023,Dyna-Gro D53TC23,281,103,268,113,17.63837,29.82560241,18.50126506,3598.24,492.29,24.16343373,59,18,119.38,76.2,71.12,149.86,109.22,25.4,551.18,april 13- april 19,NorthEast
Harrisburg,2023,DEKALB DKC 113-83,279.5,103,268,113,17.544215,29.82560241,18.50126506,3598.24,492.29,24.16343373,59,18,119.38,76.2,71.12,149.86,109.22,25.4,551.18,april 13- april 19,NorthEast
Harrisburg,2023,Innvictis A1542T,276.2,103,268,115,17.337074,29.82560241,18.50126506,3598.24,492.29,24.16343373,59,18,119.38,76.2,71.12,149.86,109.22,25.4,551.18,april 13- april 19,NorthEast
Harrisburg,2023,Revere 1839 TC,273.7,103,268,118,17.180149,29.82560241,18.50126506,3598.24,492.29,24.16343373,59,18,119.38,76.2,71.12,149.86,109.22,25.4,551.18,april 13- april 19,NorthEast
Harrisburg,2023,Pioneer P1718VYHR,273.6,103,268,117,17.173872,29.82560241,18.50126506,3598.24,492.29,24.16343373,59,18,119.38,76.2,71.12,149.86,109.22,25.4,551.18,april 13- april 19,NorthEast
Harrisburg,2023,Axis Seed 65W75RIB,272.9,103,268,115,17.129933,29.82560241,18.50126506,3598.24,492.29,24.16343373,59,18,119.38,76.2,71.12,149.86,109.22,25.4,551.18,april 13- april 19,NorthEast
Harrisburg,2023,Progeny PGY 2314TRE,272.6,103,268,114,17.111102,29.82560241,18.50126506,3598.24,492.29,24.16343373,59,18,119.38,76.2,71.12,149.86,109.22,25.4,551.18,april 13- april 19,NorthEast
Harrisburg,2023,Dyna-Gro D56TC44,269.1,103,268,116,16.891407,29.82560241,18.50126506,3598.24,492.29,24.16343373,59,18,119.38,76.2,71.12,149.86,109.22,25.4,551.18,april 13- april 19,NorthEast
Harrisburg,2023,Axis Seed 69A79,266.4,103,268,119,16.721928,29.82560241,18.50126506,3598.24,492.29,24.16343373,59,18,119.38,76.2,71.12,149.86,109.22,25.4,551.18,april 13- april 19,NorthEast
Harrisburg,2023,Axis Seed 63M73RIB,265.5,103,268,113,16.665435,29.82560241,18.50126506,3598.24,492.29,24.16343373,59,18,119.38,76.2,71.12,149.86,109.22,25.4,551.18,april 13- april 19,NorthEast
Harrisburg,2023,Dyna-Gro D57TC29,263.8,103,268,117,16.558726,29.82560241,18.50126506,3598.24,492.29,24.16343373,59,18,119.38,76.2,71.12,149.86,109.22,25.4,551.18,april 13- april 19,NorthEast
Harrisburg,2023,Pioneer P17052YHR,261.1,103,268,117,16.389247,29.82560241,18.50126506,3598.24,492.29,24.16343373,59,18,119.38,76.2,71.12,149.86,109.22,25.4,551.18,april 13- april 19,NorthEast
Harrisburg,2023,DEKALB DKC 69-99,260.6,103,268,119,16.357862,29.82560241,18.50126506,3598.24,492.29,24.16343373,59,18,119.38,76.2,71.12,149.86,109.22,25.4,551.18,april 13- april 19,NorthEast
Harrisburg,2023,DEKALB DKC 64-22,260,103,268,114,16.3202,29.82560241,18.50126506,3598.24,492.29,24.16343373,59,18,119.38,76.2,71.12,149.86,109.22,25.4,551.18,april 13- april 19,NorthEast
Harrisburg,2023,DEKALB DKC 68-35,259.9,103,268,118,16.313923,29.82560241,18.50126506,3598.24,492.29,24.16343373,59,18,119.38,76.2,71.12,149.86,109.22,25.4,551.18,april 13- april 19,NorthEast
Harrisburg,2023,Revere 1627 TC,259,103,268,116,16.25743,29.82560241,18.50126506,3598.24,492.29,24.16343373,59,18,119.38,76.2,71.12,149.86,109.22,25.4,551.18,april 13- april 19,NorthEast
Harrisburg,2023,Innvictis X1993VT2P,257.4,103,268,119,16.156998,29.82560241,18.50126506,3598.24,492.29,24.16343373,59,18,119.38,76.2,71.12,149.86,109.22,25.4,551.18,april 13- april 19,NorthEast
Harrisburg,2023,Pioneer P1511YHR,256,103,268,115,16.06912,29.82560241,18.50126506,3598.24,492.29,24.16343373,59,18,119.38,76.2,71.12,149.86,109.22,25.4,551.18,april 13- april 19,NorthEast
Harrisburg,2023,Pioneer P17677YHR,254.5,103,268,117,15.974965,29.82560241,18.50126506,3598.24,492.29,24.16343373,59,18,119.38,76.2,71.12,149.86,109.22,25.4,551.18,april 13- april 19,NorthEast
Harrisburg,2023,DEKALB DKC 117-78,254.2,103,268,117,15.956134,29.82560241,18.50126506,3598.24,492.29,24.16343373,59,18,119.38,76.2,71.12,149.86,109.22,25.4,551.18,april 13- april 19,NorthEast
Harrisburg,2023,Revere 1307 TC,252,103,268,113,15.81804,29.82560241,18.50126506,3598.24,492.29,24.16343373,59,18,119.38,76.2,71.12,149.86,109.22,25.4,551.18,april 13- april 19,NorthEast
Harrisburg,2023,Axis Seed 64E72RIB,250.7,103,268,114,15.736439,29.82560241,18.50126506,3598.24,492.29,24.16343373,59,18,119.38,76.2,71.12,149.86,109.22,25.4,551.18,april 13- april 19,NorthEast
Harrisburg,2023,Progeny PGY 2118VT2P,250.2,103,268,118,15.705054,29.82560241,18.50126506,3598.24,492.29,24.16343373,59,18,119.38,76.2,71.12,149.86,109.22,25.4,551.18,april 13- april 19,NorthEast
Harrisburg,2023,DEKALB DKC 66-06,247.8,103,268,116,15.554406,29.82560241,18.50126506,3598.24,492.29,24.16343373,59,18,119.38,76.2,71.12,149.86,109.22,25.4,551.18,april 13- april 19,NorthEast
Harrisburg,2023,Progeny PGY 2010TRE,247.6,103,268,110,15.541852,29.82560241,18.50126506,3598.24,492.29,24.16343373,59,18,119.38,76.2,71.12,149.86,109.22,25.4,551.18,april 13- april 19,NorthEast
Harrisburg,2023,Pioneer P1222YHR,245.7,103,268,112,15.422589,29.82560241,18.50126506,3598.24,492.29,24.16343373,59,18,119.38,76.2,71.12,149.86,109.22,25.4,551.18,april 13- april 19,NorthEast
Harrisburg,2023,Pioneer P1847VYHR,245.3,103,268,118,15.397481,29.82560241,18.50126506,3598.24,492.29,24.16343373,59,18,119.38,76.2,71.12,149.86,109.22,25.4,551.18,april 13- april 19,NorthEast
Harrisburg,2023,Innvictis A1689T,245,103,268,116,15.37865,29.82560241,18.50126506,3598.24,492.29,24.16343373,59,18,119.38,76.2,71.12,149.86,109.22,25.4,551.18,april 13- april 19,NorthEast
Harrisburg,2023,Progeny PGY 2215TRE,243.8,103,268,115,15.303326,29.82560241,18.50126506,3598.24,492.29,24.16343373,59,18,119.38,76.2,71.12,149.86,109.22,25.4,551.18,april 13- april 19,NorthEast
Harrisburg,2023,Progeny PGY 9117VT2P,242.6,103,268,117,15.228002,29.82560241,18.50126506,3598.24,492.29,24.16343373,59,18,119.38,76.2,71.12,149.86,109.22,25.4,551.18,april 13- april 19,NorthEast
Harrisburg,2023,NK1480-DV,242.1,103,268,114,15.196617,29.82560241,18.50126506,3598.24,492.29,24.16343373,59,18,119.38,76.2,71.12,149.86,109.22,25.4,551.18,april 13- april 19,NorthEast
Harrisburg,2023,Progeny PGY 9114VT2P,239.6,103,268,114,15.039692,29.82560241,18.50126506,3598.24,492.29,24.16343373,59,18,119.38,76.2,71.12,149.86,109.22,25.4,551.18,april 13- april 19,NorthEast
Harrisburg,2023,CP5208VT2P,238.7,103,268,112,14.983199,29.82560241,18.50126506,3598.24,492.29,24.16343373,59,18,119.38,76.2,71.12,149.86,109.22,25.4,551.18,april 13- april 19,NorthEast
Harrisburg,2023,BH 8721VT2P,238.2,103,268,117,14.951814,29.82560241,18.50126506,3598.24,492.29,24.16343373,59,18,119.38,76.2,71.12,149.86,109.22,25.4,551.18,april 13- april 19,NorthEast
Harrisburg,2023,Innvictis A1551VT2P,234.6,103,268,115,14.725842,29.82560241,18.50126506,3598.24,492.29,24.16343373,59,18,119.38,76.2,71.12,149.86,109.22,25.4,551.18,april 13- april 19,NorthEast
Harrisburg,2023,NK1701-V,234.3,103,268,117,14.707011,29.82560241,18.50126506,3598.24,492.29,24.16343373,59,18,119.38,76.2,71.12,149.86,109.22,25.4,551.18,april 13- april 19,NorthEast
Harrisburg,2023,DEKALB DKC 65-99,232.3,103,268,115,14.581471,29.82560241,18.50126506,3598.24,492.29,24.16343373,59,18,119.38,76.2,71.12,149.86,109.22,25.4,551.18,april 13- april 19,NorthEast
Harrisburg,2023,DEKALB DKC 67-94,229.2,103,268,117,14.386884,29.82560241,18.50126506,3598.24,492.29,24.16343373,59,18,119.38,76.2,71.12,149.86,109.22,25.4,551.18,april 13- april 19,NorthEast
Harrisburg,2023,BH 8566VT2P,229.1,103,268,115,14.380607,29.82560241,18.50126506,3598.24,492.29,24.16343373,59,18,119.38,76.2,71.12,149.86,109.22,25.4,551.18,april 13- april 19,NorthEast
Harrisburg,2023,NK1838-3110,227.3,103,268,118,14.267621,29.82560241,18.50126506,3598.24,492.29,24.16343373,59,18,119.38,76.2,71.12,149.86,109.22,25.4,551.18,april 13- april 19,NorthEast
Harrisburg,2023,Dyna-Gro D57VC53,227.1,103,268,117,14.255067,29.82560241,18.50126506,3598.24,492.29,24.16343373,59,18,119.38,76.2,71.12,149.86,109.22,25.4,551.18,april 13- april 19,NorthEast
Harrisburg,2023,Dyna-Gro D58VC74,225.9,103,268,118,14.179743,29.82560241,18.50126506,3598.24,492.29,24.16343373,59,18,119.38,76.2,71.12,149.86,109.22,25.4,551.18,april 13- april 19,NorthEast
Harrisburg,2023,Revere 1577 VT2P,225.9,103,268,115,14.179743,29.82560241,18.50126506,3598.24,492.29,24.16343373,59,18,119.38,76.2,71.12,149.86,109.22,25.4,551.18,april 13- april 19,NorthEast
Harrisburg,2023,DEKALB DKC 62-70,217.3,103,268,112,13.639921,29.82560241,18.50126506,3598.24,492.29,24.16343373,59,18,119.38,76.2,71.12,149.86,109.22,25.4,551.18,april 13- april 19,NorthEast
Harrisburg,2023,CP5893TRE,216.1,103,268,118,13.564597,29.82560241,18.50126506,3598.24,492.29,24.16343373,59,18,119.38,76.2,71.12,149.86,109.22,25.4,551.18,april 13- april 19,NorthEast
Harrisburg,2023,DEKALB DKC 70-45,172.5,103,268,120,10.827825,29.82560241,18.50126506,3598.24,492.29,24.16343373,59,18,119.38,76.2,71.12,149.86,109.22,25.4,551.18,april 13- april 19,NorthEast
Harrisburg,2024,Dyna-Gro D60TC45,286.8,115,,120,,31.58866667,20.56533333,2950.24,398.5,26.077,59,33,,,,,,,797.56,april 20-april 26,NorthEast
Harrisburg,2024,Revere 1839 TC,281,115,,118,,31.58866667,20.56533333,2950.24,398.5,26.077,59,33,,,,,,,797.56,april 20-april 26,NorthEast
Harrisburg,2024,Integra 6915 TRE,276,115,,119,,31.58866667,20.56533333,2950.24,398.5,26.077,59,33,,,,,,,797.56,april 20-april 26,NorthEast
Harrisburg,2024,Innvictis A1993T,272.8,115,,119,,31.58866667,20.56533333,2950.24,398.5,26.077,59,33,,,,,,,797.56,april 20-april 26,NorthEast
Harrisburg,2024,Axis Seed 69A79 Trecepta,262.4,115,,119,,31.58866667,20.56533333,2950.24,398.5,26.077,59,33,,,,,,,797.56,april 20-april 26,NorthEast
Harrisburg,2024,Innvictis A1792T,262.2,115,,117,,31.58866667,20.56533333,2950.24,398.5,26.077,59,33,,,,,,,797.56,april 20-april 26,NorthEast
Harrisburg,2024,Gateway 3919TRE,261.9,115,,119,,31.58866667,20.56533333,2950.24,398.5,26.077,59,33,,,,,,,797.56,april 20-april 26,NorthEast
Harrisburg,2024,Revere 1627 TC,257.6,115,,116,,31.58866667,20.56533333,2950.24,398.5,26.077,59,33,,,,,,,797.56,april 20-april 26,NorthEast
Harrisburg,2024,BH 8939TRE,256.4,115,,118,,31.58866667,20.56533333,2950.24,398.5,26.077,59,33,,,,,,,797.56,april 20-april 26,NorthEast
Harrisburg,2024,Axis Seed 66Z71RIB Trecepta,255.7,115,,116,,31.58866667,20.56533333,2950.24,398.5,26.077,59,33,,,,,,,797.56,april 20-april 26,NorthEast
Harrisburg,2024,BH X24001TRE,253.7,115,,116,,31.58866667,20.56533333,2950.24,398.5,26.077,59,33,,,,,,,797.56,april 20-april 26,NorthEast
Harrisburg,2024,BH X24004TRE,250.8,115,,116,,31.58866667,20.56533333,2950.24,398.5,26.077,59,33,,,,,,,797.56,april 20-april 26,NorthEast
Harrisburg,2024,Progeny PGY 2215TRE,250.5,115,,115,,31.58866667,20.56533333,2950.24,398.5,26.077,59,33,,,,,,,797.56,april 20-april 26,NorthEast
Harrisburg,2024,Pioneer P1511YHR,249.3,115,,115,,31.58866667,20.56533333,2950.24,398.5,26.077,59,33,,,,,,,797.56,april 20-april 26,NorthEast
Harrisburg,2024,Integra 6624 TRE,248.6,115,,116,,31.58866667,20.56533333,2950.24,398.5,26.077,59,33,,,,,,,797.56,april 20-april 26,NorthEast
Harrisburg,2024,Dyna-Gro D58VC74,246.9,115,,118,,31.58866667,20.56533333,2950.24,398.5,26.077,59,33,,,,,,,797.56,april 20-april 26,NorthEast
Harrisburg,2024,Dyna-Gro D57TC29,246.4,115,,117,,31.58866667,20.56533333,2950.24,398.5,26.077,59,33,,,,,,,797.56,april 20-april 26,NorthEast
Harrisburg,2024,Innvictis A1551VT2P,245,115,,115,,31.58866667,20.56533333,2950.24,398.5,26.077,59,33,,,,,,,797.56,april 20-april 26,NorthEast
Harrisburg,2024,Innvictis A1689T,244.9,115,,116,,31.58866667,20.56533333,2950.24,398.5,26.077,59,33,,,,,,,797.56,april 20-april 26,NorthEast
Harrisburg,2024,Pioneer P13841PWUE,244.2,115,,113,,31.58866667,20.56533333,2950.24,398.5,26.077,59,33,,,,,,,797.56,april 20-april 26,NorthEast
Harrisburg,2024,Progeny PGY 2314TRE,243,115,,114,,31.58866667,20.56533333,2950.24,398.5,26.077,59,33,,,,,,,797.56,april 20-april 26,NorthEast
Harrisburg,2024,Axis Seed 64H70RIB Trecepta,242.1,115,,114,,31.58866667,20.56533333,2950.24,398.5,26.077,59,33,,,,,,,797.56,april 20-april 26,NorthEast
Harrisburg,2024,DEKALB DKC 64-22,241.5,115,,114,,31.58866667,20.56533333,2950.24,398.5,26.077,59,33,,,,,,,797.56,april 20-april 26,NorthEast
Harrisburg,2024,Pioneer P1718VYHR,241.4,115,,117,,31.58866667,20.56533333,2950.24,398.5,26.077,59,33,,,,,,,797.56,april 20-april 26,NorthEast
Harrisburg,2024,Dyna-Gro D56TC44,241.3,115,,116,,31.58866667,20.56533333,2950.24,398.5,26.077,59,33,,,,,,,797.56,april 20-april 26,NorthEast
Harrisburg,2024,Innvictis A1312VT2PRIB,240.9,115,,114,,31.58866667,20.56533333,2950.24,398.5,26.077,59,33,,,,,,,797.56,april 20-april 26,NorthEast
Harrisburg,2024,Pioneer P17677YHR,239.2,115,,117,,31.58866667,20.56533333,2950.24,398.5,26.077,59,33,,,,,,,797.56,april 20-april 26,NorthEast
Harrisburg,2024,Progeny PGY 9117VT2P,238.9,115,,117,,31.58866667,20.56533333,2950.24,398.5,26.077,59,33,,,,,,,797.56,april 20-april 26,NorthEast
Harrisburg,2024,DEKALB DKC 68-35,237.6,115,,118,,31.58866667,20.56533333,2950.24,398.5,26.077,59,33,,,,,,,797.56,april 20-april 26,NorthEast
Harrisburg,2024,Pioneer P14830VYHR,236.7,115,,114,,31.58866667,20.56533333,2950.24,398.5,26.077,59,33,,,,,,,797.56,april 20-april 26,NorthEast
Harrisburg,2024,Pioneer P13777PWUE,233.7,115,,113,,31.58866667,20.56533333,2950.24,398.5,26.077,59,33,,,,,,,797.56,april 20-april 26,NorthEast
Harrisburg,2024,DEKALB DKC 66-06,232.3,115,,116,,31.58866667,20.56533333,2950.24,398.5,26.077,59,33,,,,,,,797.56,april 20-april 26,NorthEast
Harrisburg,2024,Gateway 2716VT2P,229.6,115,,116,,31.58866667,20.56533333,2950.24,398.5,26.077,59,33,,,,,,,797.56,april 20-april 26,NorthEast
Harrisburg,2024,BH X23048VT2P,228.1,115,,114,,31.58866667,20.56533333,2950.24,398.5,26.077,59,33,,,,,,,797.56,april 20-april 26,NorthEast
Harrisburg,2024,Integra 6342 TRE,223.8,115,,113,,31.58866667,20.56533333,2950.24,398.5,26.077,59,33,,,,,,,797.56,april 20-april 26,NorthEast
Harrisburg,2024,DEKALB DKC 70-45,223.3,115,,120,,31.58866667,20.56533333,2950.24,398.5,26.077,59,33,,,,,,,797.56,april 20-april 26,NorthEast
Harrisburg,2024,Revere 114-P35,221,115,,114,,31.58866667,20.56533333,2950.24,398.5,26.077,59,33,,,,,,,797.56,april 20-april 26,NorthEast
Harrisburg,2024,Integra 6493,220.8,115,,114,,31.58866667,20.56533333,2950.24,398.5,26.077,59,33,,,,,,,797.56,april 20-april 26,NorthEast
Harrisburg,2024,Innvictis A1542T,220.7,115,,115,,31.58866667,20.56533333,2950.24,398.5,26.077,59,33,,,,,,,797.56,april 20-april 26,NorthEast
Harrisburg,2024,Progeny PGY 9114VT2P,219.4,115,,114,,31.58866667,20.56533333,2950.24,398.5,26.077,59,33,,,,,,,797.56,april 20-april 26,NorthEast
Harrisburg,2024,Progeny PGY 2010TRE,218.7,115,,110,,31.58866667,20.56533333,2950.24,398.5,26.077,59,33,,,,,,,797.56,april 20-april 26,NorthEast
Harrisburg,2024,Axis Seed 65W75RIB Trecepta,216.7,115,,115,,31.58866667,20.56533333,2950.24,398.5,26.077,59,33,,,,,,,797.56,april 20-april 26,NorthEast
Harrisburg,2024,Pioneer P1608YHR,212.9,115,,116,,31.58866667,20.56533333,2950.24,398.5,26.077,59,33,,,,,,,797.56,april 20-april 26,NorthEast
Harrisburg,2024,Progeny PGY 2118VT2P,205.4,115,,118,,31.58866667,20.56533333,2950.24,398.5,26.077,59,33,,,,,,,797.56,april 20-april 26,NorthEast
Marianna,2024,Innvictis A1993T,201.3,113,,119,,32,21,2784,335,26,62,39,,,,,,,937.26,april 20-april 26,CenterEast
Marianna,2024,DEKALB DKC 68-35,199.1,113,,118,,32,21,2784,335,26,62,39,,,,,,,937.26,april 20-april 26,CenterEast
Marianna,2024,Innvictis A1792T,198.2,113,,117,,32,21,2784,335,26,62,39,,,,,,,937.26,april 20-april 26,CenterEast
Marianna,2024,Innvictis A1312VT2PRIB,194,113,,114,,32,21,2784,335,26,62,39,,,,,,,937.26,april 20-april 26,CenterEast
Marianna,2024,Pioneer P13841PWUE,193.9,113,,113,,32,21,2784,335,26,62,39,,,,,,,937.26,april 20-april 26,CenterEast
Marianna,2024,DEKALB DKC 64-22,193.8,113,,114,,32,21,2784,335,26,62,39,,,,,,,937.26,april 20-april 26,CenterEast
Marianna,2024,Axis Seed 69A79 Trecepta,192.7,113,,119,,32,21,2784,335,26,62,39,,,,,,,937.26,april 20-april 26,CenterEast
Marianna,2024,BH 8939TRE,192.1,113,,118,,32,21,2784,335,26,62,39,,,,,,,937.26,april 20-april 26,CenterEast
Marianna,2024,Revere 1627 TC,190,113,,116,,32,21,2784,335,26,62,39,,,,,,,937.26,april 20-april 26,CenterEast
Marianna,2024,DEKALB DKC 70-45,189.7,113,,120,,32,21,2784,335,26,62,39,,,,,,,937.26,april 20-april 26,CenterEast
Marianna,2024,BH X23048VT2P,188.9,113,,114,,32,21,2784,335,26,62,39,,,,,,,937.26,april 20-april 26,CenterEast
Marianna,2024,Gateway 2716VT2P,188.8,113,,116,,32,21,2784,335,26,62,39,,,,,,,937.26,april 20-april 26,CenterEast
Marianna,2024,Dyna-Gro D60TC45,188.2,113,,120,,32,21,2784,335,26,62,39,,,,,,,937.26,april 20-april 26,CenterEast
Marianna,2024,Gateway 3919TRE,188,113,,119,,32,21,2784,335,26,62,39,,,,,,,937.26,april 20-april 26,CenterEast
Marianna,2024,Axis Seed 66Z71RIB Trecepta,187.8,113,,116,,32,21,2784,335,26,62,39,,,,,,,937.26,april 20-april 26,CenterEast
Marianna,2024,BH X24004TRE,186.5,113,,116,,32,21,2784,335,26,62,39,,,,,,,937.26,april 20-april 26,CenterEast
Marianna,2024,Innvictis A1689T,185.5,113,,116,,32,21,2784,335,26,62,39,,,,,,,937.26,april 20-april 26,CenterEast
Marianna,2024,Integra 6915 TRE,183.6,113,,119,,32,21,2784,335,26,62,39,,,,,,,937.26,april 20-april 26,CenterEast
Marianna,2024,Axis Seed 65W75RIB Trecepta,183.5,113,,115,,32,21,2784,335,26,62,39,,,,,,,937.26,april 20-april 26,CenterEast
Marianna,2024,Progeny PGY 2314TRE,183.4,113,,114,,32,21,2784,335,26,62,39,,,,,,,937.26,april 20-april 26,CenterEast
Marianna,2024,Progeny PGY 9114VT2P,182.7,113,,114,,32,21,2784,335,26,62,39,,,,,,,937.26,april 20-april 26,CenterEast
Marianna,2024,Dyna-Gro D56TC44,181.8,113,,116,,32,21,2784,335,26,62,39,,,,,,,937.26,april 20-april 26,CenterEast
Marianna,2024,Innvictis A1542T,180.9,113,,115,,32,21,2784,335,26,62,39,,,,,,,937.26,april 20-april 26,CenterEast
Marianna,2024,Integra 6342 TRE,178.7,113,,113,,32,21,2784,335,26,62,39,,,,,,,937.26,april 20-april 26,CenterEast
Marianna,2024,Revere 1839 TC,178.3,113,,118,,32,21,2784,335,26,62,39,,,,,,,937.26,april 20-april 26,CenterEast
Marianna,2024,Revere 114-P35,177.9,113,,114,,32,21,2784,335,26,62,39,,,,,,,937.26,april 20-april 26,CenterEast
Marianna,2024,Innvictis A1551VT2P,177.1,113,,115,,32,21,2784,335,26,62,39,,,,,,,937.26,april 20-april 26,CenterEast
Marianna,2024,Dyna-Gro D58VC74,177.1,113,,118,,32,21,2784,335,26,62,39,,,,,,,937.26,april 20-april 26,CenterEast
Marianna,2024,Integra 6624 TRE,176.1,113,,116,,32,21,2784,335,26,62,39,,,,,,,937.26,april 20-april 26,CenterEast
Marianna,2024,DEKALB DKC 66-06,175.5,113,,116,,32,21,2784,335,26,62,39,,,,,,,937.26,april 20-april 26,CenterEast
Marianna,2024,Pioneer P13777PWUE,175.2,113,,113,,32,21,2784,335,26,62,39,,,,,,,937.26,april 20-april 26,CenterEast
Marianna,2024,BH X24001TRE,175,113,,116,,32,21,2784,335,26,62,39,,,,,,,937.26,april 20-april 26,CenterEast
Marianna,2024,Progeny PGY 2118VT2P,173.2,113,,118,,32,21,2784,335,26,62,39,,,,,,,937.26,april 20-april 26,CenterEast
Marianna,2024,Pioneer P1718VYHR,173,113,,117,,32,21,2784,335,26,62,39,,,,,,,937.26,april 20-april 26,CenterEast
Marianna,2024,Pioneer P14830VYHR,172.9,113,,114,,32,21,2784,335,26,62,39,,,,,,,937.26,april 20-april 26,CenterEast
Marianna,2024,Progeny PGY 2010TRE,171.6,113,,110,,32,21,2784,335,26,62,39,,,,,,,937.26,april 20-april 26,CenterEast
Marianna,2024,Pioneer P1608YHR,167.6,113,,116,,32,21,2784,335,26,62,39,,,,,,,937.26,april 20-april 26,CenterEast
Marianna,2024,Progeny PGY 9117VT2P,167.5,113,,117,,32,21,2784,335,26,62,39,,,,,,,937.26,april 20-april 26,CenterEast
Marianna,2024,Integra 6493,166.6,113,,114,,32,21,2784,335,26,62,39,,,,,,,937.26,april 20-april 26,CenterEast
Marianna,2024,Dyna-Gro D57TC29,165.9,113,,117,,32,21,2784,335,26,62,39,,,,,,,937.26,april 20-april 26,CenterEast
Marianna,2024,Axis Seed 64H70RIB Trecepta,165.6,113,,114,,32,21,2784,335,26,62,39,,,,,,,937.26,april 20-april 26,CenterEast
Marianna,2024,Pioneer P17677YHR,164.4,113,,117,,32,21,2784,335,26,62,39,,,,,,,937.26,april 20-april 26,CenterEast
Marianna,2024,Progeny PGY 2215TRE,159,113,,115,,32,21,2784,335,26,62,39,,,,,,,937.26,april 20-april 26,CenterEast
Marianna,2024,Pioneer P1511YHR,147.8,113,,115,,32,21,2784,335,26,62,39,,,,,,,937.26,april 20-april 26,CenterEast
Marianna,2024,Axis Seed 64H70RIB Trecepta,188.1,141,,114,,33,21,2761,431,27,76,43,,,,,,,937.26,may 18- may 24,CenterEast
Marianna,2024,Axis Seed 65W75RIB Trecepta,185.2,141,,115,,33,21,2761,431,27,76,43,,,,,,,937.26,may 18- may 24,CenterEast
Marianna,2024,Axis Seed 66Z71RIB Trecepta,196.8,141,,116,,33,21,2761,431,27,76,43,,,,,,,937.26,may 18- may 24,CenterEast
Marianna,2024,Axis Seed 69A79 Trecepta,198.5,141,,119,,33,21,2761,431,27,76,43,,,,,,,937.26,may 18- may 24,CenterEast
Marianna,2024,BH 8939TRE,210.7,141,,118,,33,21,2761,431,27,76,43,,,,,,,937.26,may 18- may 24,CenterEast
Marianna,2024,BH X23048VT2P,191.5,141,,114,,33,21,2761,431,27,76,43,,,,,,,937.26,may 18- may 24,CenterEast
Marianna,2024,BH X24001TRE,212,141,,116,,33,21,2761,431,27,76,43,,,,,,,937.26,may 18- may 24,CenterEast
Marianna,2024,BH X24004TRE,206.3,141,,116,,33,21,2761,431,27,76,43,,,,,,,937.26,may 18- may 24,CenterEast
Marianna,2024,DEKALB DKC 64-22,196.6,141,,117,,33,21,2761,431,27,76,43,,,,,,,937.26,may 18- may 24,CenterEast
Marianna,2024,DEKALB DKC 66-06,200.5,141,,116,,33,21,2761,431,27,76,43,,,,,,,937.26,may 18- may 24,CenterEast
Marianna,2024,DEKALB DKC 68-35,204,141,,118,,33,21,2761,431,27,76,43,,,,,,,937.26,may 18- may 24,CenterEast
Marianna,2024,DEKALB DKC 70-45,226.6,141,,120,,33,21,2761,431,27,76,43,,,,,,,937.26,may 18- may 24,CenterEast
Marianna,2024,Dyna-Gro D56TC44,205,141,,116,,33,21,2761,431,27,76,43,,,,,,,937.26,may 18- may 24,CenterEast
Marianna,2024,Dyna-Gro D57TC29,190.9,141,,117,,33,21,2761,431,27,76,43,,,,,,,937.26,may 18- may 24,CenterEast
Marianna,2024,Dyna-Gro D58VC74,201.3,141,,118,,33,21,2761,431,27,76,43,,,,,,,937.26,may 18- may 24,CenterEast
Marianna,2024,Dyna-Gro D60TC45,217.7,141,,120,,33,21,2761,431,27,76,43,,,,,,,937.26,may 18- may 24,CenterEast
Marianna,2024,Gateway 2716VT2P,182.4,141,,116,,33,21,2761,431,27,76,43,,,,,,,937.26,may 18- may 24,CenterEast
Marianna,2024,Gateway 3919TRE,214.3,141,,119,,33,21,2761,431,27,76,43,,,,,,,937.26,may 18- may 24,CenterEast
Marianna,2024,Innvictis A1312VT2PRIB,188,141,,114,,33,21,2761,431,27,76,43,,,,,,,937.26,may 18- may 24,CenterEast
Marianna,2024,Innvictis A1542T,213.9,141,,115,,33,21,2761,431,27,76,43,,,,,,,937.26,may 18- may 24,CenterEast
Marianna,2024,Innvictis A1551VT2P,180.4,141,,115,,33,21,2761,431,27,76,43,,,,,,,937.26,may 18- may 24,CenterEast
Marianna,2024,Innvictis A1689T,194.2,141,,116,,33,21,2761,431,27,76,43,,,,,,,937.26,may 18- may 24,CenterEast
Marianna,2024,Innvictis A1792T,199.6,141,,117,,33,21,2761,431,27,76,43,,,,,,,937.26,may 18- may 24,CenterEast
Marianna,2024,Innvictis A1993T,212.7,141,,119,,33,21,2761,431,27,76,43,,,,,,,937.26,may 18- may 24,CenterEast
Marianna,2024,Integra 6342 TRE,171.4,141,,113,,33,21,2761,431,27,76,43,,,,,,,937.26,may 18- may 24,CenterEast
Marianna,2024,Integra 6493,176.9,141,,114,,33,21,2761,431,27,76,43,,,,,,,937.26,may 18- may 24,CenterEast
Marianna,2024,Integra 6624 TRE,209.9,141,,116,,33,21,2761,431,27,76,43,,,,,,,937.26,may 18- may 24,CenterEast
Marianna,2024,Integra 6915 TRE,219,141,,119,,33,21,2761,431,27,76,43,,,,,,,937.26,may 18- may 24,CenterEast
Marianna,2024,Pioneer P13777PWUE,189.8,141,,113,,33,21,2761,431,27,76,43,,,,,,,937.26,may 18- may 24,CenterEast
Marianna,2024,Pioneer P13841PWUE,181.8,141,,113,,33,21,2761,431,27,76,43,,,,,,,937.26,may 18- may 24,CenterEast
Marianna,2024,Pioneer P14830VYHR,192.9,141,,114,,33,21,2761,431,27,76,43,,,,,,,937.26,may 18- may 24,CenterEast
Marianna,2024,Pioneer P1511YHR,187.2,141,,115,,33,21,2761,431,27,76,43,,,,,,,937.26,may 18- may 24,CenterEast
Marianna,2024,Pioneer P1608YHR,189.2,141,,116,,33,21,2761,431,27,76,43,,,,,,,937.26,may 18- may 24,CenterEast
Marianna,2024,Pioneer P1718VYHR,183.1,141,,117,,33,21,2761,431,27,76,43,,,,,,,937.26,may 18- may 24,CenterEast
Marianna,2024,Pioneer P17677YHR,183.8,141,,117,,33,21,2761,431,27,76,43,,,,,,,937.26,may 18- may 24,CenterEast
Marianna,2024,Progeny PGY 2010TRE,174.5,141,,110,,33,21,2761,431,27,76,43,,,,,,,937.26,may 18- may 24,CenterEast
Marianna,2024,Progeny PGY 2118VT2P,171.9,141,,118,,33,21,2761,431,27,76,43,,,,,,,937.26,may 18- may 24,CenterEast
Marianna,2024,Progeny PGY 2215TRE,190.1,141,,115,,33,21,2761,431,27,76,43,,,,,,,937.26,may 18- may 24,CenterEast
Marianna,2024,Progeny PGY 2314TRE,183.8,141,,114,,33,21,2761,431,27,76,43,,,,,,,937.26,may 18- may 24,CenterEast
Marianna,2024,Progeny PGY 9114VT2P,183,141,,114,,33,21,2761,431,27,76,43,,,,,,,937.26,may 18- may 24,CenterEast
Marianna,2024,Progeny PGY 9117VT2P,177,141,,117,,33,21,2761,431,27,76,43,,,,,,,937.26,may 18- may 24,CenterEast
Marianna,2024,Revere 114-P35,194.4,141,,114,,33,21,2761,431,27,76,43,,,,,,,937.26,may 18- may 24,CenterEast
Marianna,2024,Revere 1627 TC,204.8,141,,116,,33,21,2761,431,27,76,43,,,,,,,937.26,may 18- may 24,CenterEast
Marianna,2024,Revere 1839 TC,218.8,141,,118,,33,21,2761,431,27,76,43,,,,,,,937.26,may 18- may 24,CenterEast
Rohwer,2024,Innvictis A1993T,259.8,107,,119,,32.26681481,21.01014815,2928.28,361.97,26.63848148,66,51,,,,,,,853.44,april 13- april 19,SouthEast
Rohwer,2024,Revere 1839 TC,248.8,107,,118,,32.26681481,21.01014815,2928.28,361.97,26.63848148,66,51,,,,,,,853.44,april 13- april 19,SouthEast
Rohwer,2024,Gateway 3919TRE,243.1,107,,119,,32.26681481,21.01014815,2928.28,361.97,26.63848148,66,51,,,,,,,853.44,april 13- april 19,SouthEast
Rohwer,2024,Dyna-Gro D60TC45,242.4,107,,120,,32.26681481,21.01014815,2928.28,361.97,26.63848148,66,51,,,,,,,853.44,april 13- april 19,SouthEast
Rohwer,2024,BH 8939TRE,239.4,107,,118,,32.26681481,21.01014815,2928.28,361.97,26.63848148,66,51,,,,,,,853.44,april 13- april 19,SouthEast
Rohwer,2024,Integra 6915 TRE,235.3,107,,119,,32.26681481,21.01014815,2928.28,361.97,26.63848148,66,51,,,,,,,853.44,april 13- april 19,SouthEast
Rohwer,2024,Gateway 2716VT2P,233.9,107,,116,,32.26681481,21.01014815,2928.28,361.97,26.63848148,66,51,,,,,,,853.44,april 13- april 19,SouthEast
Rohwer,2024,BH X24001TRE,232,107,,116,,32.26681481,21.01014815,2928.28,361.97,26.63848148,66,51,,,,,,,853.44,april 13- april 19,SouthEast
Rohwer,2024,Innvictis A1542T,231.8,107,,115,,32.26681481,21.01014815,2928.28,361.97,26.63848148,66,51,,,,,,,853.44,april 13- april 19,SouthEast
Rohwer,2024,Integra 6624 TRE,228.5,107,,116,,32.26681481,21.01014815,2928.28,361.97,26.63848148,66,51,,,,,,,853.44,april 13- april 19,SouthEast
Rohwer,2024,DEKALB DKC 68-35,227.5,107,,118,,32.26681481,21.01014815,2928.28,361.97,26.63848148,66,51,,,,,,,853.44,april 13- april 19,SouthEast
Rohwer,2024,Innvictis A1792T,227,107,,117,,32.26681481,21.01014815,2928.28,361.97,26.63848148,66,51,,,,,,,853.44,april 13- april 19,SouthEast
Rohwer,2024,Innvictis A1689T,226.5,107,,116,,32.26681481,21.01014815,2928.28,361.97,26.63848148,66,51,,,,,,,853.44,april 13- april 19,SouthEast
Rohwer,2024,Progeny PGY 2314TRE,226,107,,114,,32.26681481,21.01014815,2928.28,361.97,26.63848148,66,51,,,,,,,853.44,april 13- april 19,SouthEast
Rohwer,2024,Innvictis A1551VT2P,220.6,107,,115,,32.26681481,21.01014815,2928.28,361.97,26.63848148,66,51,,,,,,,853.44,april 13- april 19,SouthEast
Rohwer,2024,Dyna-Gro D56TC44,218.9,107,,116,,32.26681481,21.01014815,2928.28,361.97,26.63848148,66,51,,,,,,,853.44,april 13- april 19,SouthEast
Rohwer,2024,BH X24004TRE,218.9,107,,116,,32.26681481,21.01014815,2928.28,361.97,26.63848148,66,51,,,,,,,853.44,april 13- april 19,SouthEast
Rohwer,2024,DEKALB DKC 66-06,218.4,107,,116,,32.26681481,21.01014815,2928.28,361.97,26.63848148,66,51,,,,,,,853.44,april 13- april 19,SouthEast
Rohwer,2024,DEKALB DKC 64-22,218.2,107,,114,,32.26681481,21.01014815,2928.28,361.97,26.63848148,66,51,,,,,,,853.44,april 13- april 19,SouthEast
Rohwer,2024,DEKALB DKC 70-45,218,107,,120,,32.26681481,21.01014815,2928.28,361.97,26.63848148,66,51,,,,,,,853.44,april 13- april 19,SouthEast
Rohwer,2024,Pioneer P14830VYHR,215.7,107,,114,,32.26681481,21.01014815,2928.28,361.97,26.63848148,66,51,,,,,,,853.44,april 13- april 19,SouthEast
Rohwer,2024,Dyna-Gro D58VC74,215.6,107,,118,,32.26681481,21.01014815,2928.28,361.97,26.63848148,66,51,,,,,,,853.44,april 13- april 19,SouthEast
Rohwer,2024,Pioneer P13777PWUE,215.3,107,,113,,32.26681481,21.01014815,2928.28,361.97,26.63848148,66,51,,,,,,,853.44,april 13- april 19,SouthEast
Rohwer,2024,Progeny PGY 2215TRE,214.9,107,,115,,32.26681481,21.01014815,2928.28,361.97,26.63848148,66,51,,,,,,,853.44,april 13- april 19,SouthEast
Rohwer,2024,Axis Seed 69A79 Trecepta,214.9,107,,119,,32.26681481,21.01014815,2928.28,361.97,26.63848148,66,51,,,,,,,853.44,april 13- april 19,SouthEast
Rohwer,2024,BH X23048VT2P,213.6,107,,114,,32.26681481,21.01014815,2928.28,361.97,26.63848148,66,51,,,,,,,853.44,april 13- april 19,SouthEast
Rohwer,2024,Axis Seed 65W75RIB Trecepta,212.6,107,,115,,32.26681481,21.01014815,2928.28,361.97,26.63848148,66,51,,,,,,,853.44,april 13- april 19,SouthEast
Rohwer,2024,Progeny PGY 9114VT2P,212.5,107,,114,,32.26681481,21.01014815,2928.28,361.97,26.63848148,66,51,,,,,,,853.44,april 13- april 19,SouthEast
Rohwer,2024,Revere 1627 TC,212.2,107,,116,,32.26681481,21.01014815,2928.28,361.97,26.63848148,66,51,,,,,,,853.44,april 13- april 19,SouthEast
Rohwer,2024,Progeny PGY 2010TRE,210.9,107,,110,,32.26681481,21.01014815,2928.28,361.97,26.63848148,66,51,,,,,,,853.44,april 13- april 19,SouthEast
Rohwer,2024,Integra 6342 TRE,210.9,107,,113,,32.26681481,21.01014815,2928.28,361.97,26.63848148,66,51,,,,,,,853.44,april 13- april 19,SouthEast
Rohwer,2024,Pioneer P1511YHR,208.3,107,,115,,32.26681481,21.01014815,2928.28,361.97,26.63848148,66,51,,,,,,,853.44,april 13- april 19,SouthEast
Rohwer,2024,Progeny PGY 9117VT2P,208.1,107,,117,,32.26681481,21.01014815,2928.28,361.97,26.63848148,66,51,,,,,,,853.44,april 13- april 19,SouthEast
Rohwer,2024,Pioneer P13841PWUE,207,107,,113,,32.26681481,21.01014815,2928.28,361.97,26.63848148,66,51,,,,,,,853.44,april 13- april 19,SouthEast
Rohwer,2024,Axis Seed 64H70RIB Trecepta,201.8,107,,114,,32.26681481,21.01014815,2928.28,361.97,26.63848148,66,51,,,,,,,853.44,april 13- april 19,SouthEast
Rohwer,2024,Revere 114-P35,200.6,107,,114,,32.26681481,21.01014815,2928.28,361.97,26.63848148,66,51,,,,,,,853.44,april 13- april 19,SouthEast
Rohwer,2024,Dyna-Gro D57TC29,200,107,,117,,32.26681481,21.01014815,2928.28,361.97,26.63848148,66,51,,,,,,,853.44,april 13- april 19,SouthEast
Rohwer,2024,Integra 6493,197.4,107,,114,,32.26681481,21.01014815,2928.28,361.97,26.63848148,66,51,,,,,,,853.44,april 13- april 19,SouthEast
Rohwer,2024,Pioneer P1718VYHR,196.9,107,,117,,32.26681481,21.01014815,2928.28,361.97,26.63848148,66,51,,,,,,,853.44,april 13- april 19,SouthEast
Rohwer,2024,Pioneer P1608YHR,196.9,107,,116,,32.26681481,21.01014815,2928.28,361.97,26.63848148,66,51,,,,,,,853.44,april 13- april 19,SouthEast
Rohwer,2024,Axis Seed 66Z71RIB Trecepta,194.9,107,,116,,32.26681481,21.01014815,2928.28,361.97,26.63848148,66,51,,,,,,,853.44,april 13- april 19,SouthEast
Rohwer,2024,Innvictis A1312VT2PRIB,192.3,107,,114,,32.26681481,21.01014815,2928.28,361.97,26.63848148,66,51,,,,,,,853.44,april 13- april 19,SouthEast
Rohwer,2024,Progeny PGY 2118VT2P,181.7,107,,118,,32.26681481,21.01014815,2928.28,361.97,26.63848148,66,51,,,,,,,853.44,april 13- april 19,SouthEast
Rohwer,2024,Pioneer P17677YHR,180.6,107,,117,,32.26681481,21.01014815,2928.28,361.97,26.63848148,66,51,,,,,,,853.44,april 13- april 19,SouthEast
Rohwer,2024,Axis Seed 64H70RIB Trecepta,204.1,143,,114,,33.34637037,21.54414815,2843.99,392.38,27.44525926,77,52,,,,,,,853.44,may 18- may 24,SouthEast
Rohwer,2024,Axis Seed 65W75RIB Trecepta,194.6,143,,115,,33.34637037,21.54414815,2843.99,392.38,27.44525926,77,52,,,,,,,853.44,may 18- may 24,SouthEast
Rohwer,2024,Axis Seed 66Z71RIB Trecepta,204.9,143,,116,,33.34637037,21.54414815,2843.99,392.38,27.44525926,77,52,,,,,,,853.44,may 18- may 24,SouthEast
Rohwer,2024,Axis Seed 69A79 Trecepta,209.2,143,,119,,33.34637037,21.54414815,2843.99,392.38,27.44525926,77,52,,,,,,,853.44,may 18- may 24,SouthEast
Rohwer,2024,BH 8939TRE,233.4,143,,118,,33.34637037,21.54414815,2843.99,392.38,27.44525926,77,52,,,,,,,853.44,may 18- may 24,SouthEast
Rohwer,2024,BH X23048VT2P,188,143,,114,,33.34637037,21.54414815,2843.99,392.38,27.44525926,77,52,,,,,,,853.44,may 18- may 24,SouthEast
Rohwer,2024,BH X24001TRE,187.5,143,,116,,33.34637037,21.54414815,2843.99,392.38,27.44525926,77,52,,,,,,,853.44,may 18- may 24,SouthEast
Rohwer,2024,BH X24004TRE,202.1,143,,116,,33.34637037,21.54414815,2843.99,392.38,27.44525926,77,52,,,,,,,853.44,may 18- may 24,SouthEast
Rohwer,2024,DEKALB DKC 64-22,185.9,143,,114,,33.34637037,21.54414815,2843.99,392.38,27.44525926,77,52,,,,,,,853.44,may 18- may 24,SouthEast
Rohwer,2024,DEKALB DKC 66-06,195.8,143,,116,,33.34637037,21.54414815,2843.99,392.38,27.44525926,77,52,,,,,,,853.44,may 18- may 24,SouthEast
Rohwer,2024,DEKALB DKC 68-35,202,143,,118,,33.34637037,21.54414815,2843.99,392.38,27.44525926,77,52,,,,,,,853.44,may 18- may 24,SouthEast
Rohwer,2024,DEKALB DKC 70-45,191.4,143,,120,,33.34637037,21.54414815,2843.99,392.38,27.44525926,77,52,,,,,,,853.44,may 18- may 24,SouthEast
Rohwer,2024,Dyna-Gro D56TC44,197.3,143,,116,,33.34637037,21.54414815,2843.99,392.38,27.44525926,77,52,,,,,,,853.44,may 18- may 24,SouthEast
Rohwer,2024,Dyna-Gro D57TC29,179.8,143,,117,,33.34637037,21.54414815,2843.99,392.38,27.44525926,77,52,,,,,,,853.44,may 18- may 24,SouthEast
Rohwer,2024,Dyna-Gro D58VC74,193.8,143,,118,,33.34637037,21.54414815,2843.99,392.38,27.44525926,77,52,,,,,,,853.44,may 18- may 24,SouthEast
Rohwer,2024,Dyna-Gro D60TC45,227.5,143,,120,,33.34637037,21.54414815,2843.99,392.38,27.44525926,77,52,,,,,,,853.44,may 18- may 24,SouthEast
Rohwer,2024,Gateway 2716VT2P,183.9,143,,116,,33.34637037,21.54414815,2843.99,392.38,27.44525926,77,52,,,,,,,853.44,may 18- may 24,SouthEast
Rohwer,2024,Gateway 3919TRE,232.7,143,,119,,33.34637037,21.54414815,2843.99,392.38,27.44525926,77,52,,,,,,,853.44,may 18- may 24,SouthEast
Rohwer,2024,Innvictis A1312VT2PRIB,184.7,143,,114,,33.34637037,21.54414815,2843.99,392.38,27.44525926,77,52,,,,,,,853.44,may 18- may 24,SouthEast
Rohwer,2024,Innvictis A1542T,212.4,143,,115,,33.34637037,21.54414815,2843.99,392.38,27.44525926,77,52,,,,,,,853.44,may 18- may 24,SouthEast
Rohwer,2024,Innvictis A1551VT2P,181.6,143,,115,,33.34637037,21.54414815,2843.99,392.38,27.44525926,77,52,,,,,,,853.44,may 18- may 24,SouthEast
Rohwer,2024,Innvictis A1689T,200.3,143,,116,,33.34637037,21.54414815,2843.99,392.38,27.44525926,77,52,,,,,,,853.44,may 18- may 24,SouthEast
Rohwer,2024,Innvictis A1792T,215.3,143,,117,,33.34637037,21.54414815,2843.99,392.38,27.44525926,77,52,,,,,,,853.44,may 18- may 24,SouthEast
Rohwer,2024,Innvictis A1993T,242.3,143,,119,,33.34637037,21.54414815,2843.99,392.38,27.44525926,77,52,,,,,,,853.44,may 18- may 24,SouthEast
Rohwer,2024,Integra 6342 TRE,176.2,143,,113,,33.34637037,21.54414815,2843.99,392.38,27.44525926,77,52,,,,,,,853.44,may 18- may 24,SouthEast
Rohwer,2024,Integra 6493,188.2,143,,114,,33.34637037,21.54414815,2843.99,392.38,27.44525926,77,52,,,,,,,853.44,may 18- may 24,SouthEast
Rohwer,2024,Integra 6624 TRE,211.4,143,,116,,33.34637037,21.54414815,2843.99,392.38,27.44525926,77,52,,,,,,,853.44,may 18- may 24,SouthEast
Rohwer,2024,Integra 6915 TRE,227.5,143,,119,,33.34637037,21.54414815,2843.99,392.38,27.44525926,77,52,,,,,,,853.44,may 18- may 24,SouthEast
Rohwer,2024,Pioneer P13777PWUE,179.4,143,,113,,33.34637037,21.54414815,2843.99,392.38,27.44525926,77,52,,,,,,,853.44,may 18- may 24,SouthEast
Rohwer,2024,Pioneer P13841PWUE,189.9,143,,113,,33.34637037,21.54414815,2843.99,392.38,27.44525926,77,52,,,,,,,853.44,may 18- may 24,SouthEast
Rohwer,2024,Pioneer P14830VYHR,194.8,143,,114,,33.34637037,21.54414815,2843.99,392.38,27.44525926,77,52,,,,,,,853.44,may 18- may 24,SouthEast
Rohwer,2024,Pioneer P1511YHR,192,143,,115,,33.34637037,21.54414815,2843.99,392.38,27.44525926,77,52,,,,,,,853.44,may 18- may 24,SouthEast
Rohwer,2024,Pioneer P1608YHR,160.7,143,,116,,33.34637037,21.54414815,2843.99,392.38,27.44525926,77,52,,,,,,,853.44,may 18- may 24,SouthEast
Rohwer,2024,Pioneer P1718VYHR,186.8,143,,117,,33.34637037,21.54414815,2843.99,392.38,27.44525926,77,52,,,,,,,853.44,may 18- may 24,SouthEast
Rohwer,2024,Pioneer P17677YHR,165.9,143,,117,,33.34637037,21.54414815,2843.99,392.38,27.44525926,77,52,,,,,,,853.44,may 18- may 24,SouthEast
Rohwer,2024,Progeny PGY 2010TRE,167.8,143,,110,,33.34637037,21.54414815,2843.99,392.38,27.44525926,77,52,,,,,,,853.44,may 18- may 24,SouthEast
Rohwer,2024,Progeny PGY 2118VT2P,144.4,143,,118,,33.34637037,21.54414815,2843.99,392.38,27.44525926,77,52,,,,,,,853.44,may 18- may 24,SouthEast
Rohwer,2024,Progeny PGY 2215TRE,180.6,143,,115,,33.34637037,21.54414815,2843.99,392.38,27.44525926,77,52,,,,,,,853.44,may 18- may 24,SouthEast
Rohwer,2024,Progeny PGY 2314TRE,192,143,,114,,33.34637037,21.54414815,2843.99,392.38,27.44525926,77,52,,,,,,,853.44,may 18- may 24,SouthEast
Rohwer,2024,Progeny PGY 9114VT2P,164.1,143,,114,,33.34637037,21.54414815,2843.99,392.38,27.44525926,77,52,,,,,,,853.44,may 18- may 24,SouthEast
Rohwer,2024,Progeny PGY 9117VT2P,172,143,,117,,33.34637037,21.54414815,2843.99,392.38,27.44525926,77,52,,,,,,,853.44,may 18- may 24,SouthEast
Rohwer,2024,Revere 114-P35,176.8,143,,114,,33.34637037,21.54414815,2843.99,392.38,27.44525926,77,52,,,,,,,853.44,may 18- may 24,SouthEast
Rohwer,2024,Revere 1627 TC,200.5,143,,116,,33.34637037,21.54414815,2843.99,392.38,27.44525926,77,52,,,,,,,853.44,may 18- may 24,SouthEast
Rohwer,2024,Revere 1839 TC,222.4,143,,118,,33.34637037,21.54414815,2843.99,392.38,27.44525926,77,52,,,,,,,853.44,may 18- may 24,SouthEast
Stuttgart,2024,BH X24001TRE,217.7,107,,116,,31.29077922,20.18766234,3315.87,472.27,25.73922078,71,38,,,,,,,718.82,april 13- april 19,SouthEast
Stuttgart,2024,Progeny PGY 2314TRE,215.7,107,,114,,31.29077922,20.18766234,3315.87,472.27,25.73922078,71,38,,,,,,,718.82,april 13- april 19,SouthEast
Stuttgart,2024,BH X23048VT2P,215.2,107,,114,,31.29077922,20.18766234,3315.87,472.27,25.73922078,71,38,,,,,,,718.82,april 13- april 19,SouthEast
Stuttgart,2024,DEKALB DKC 64-22,212.4,107,,114,,31.29077922,20.18766234,3315.87,472.27,25.73922078,71,38,,,,,,,718.82,april 13- april 19,SouthEast
Stuttgart,2024,Gateway 2716VT2P,212.4,107,,116,,31.29077922,20.18766234,3315.87,472.27,25.73922078,71,38,,,,,,,718.82,april 13- april 19,SouthEast
Stuttgart,2024,Revere 1627 TC,211.9,107,,116,,31.29077922,20.18766234,3315.87,472.27,25.73922078,71,38,,,,,,,718.82,april 13- april 19,SouthEast
Stuttgart,2024,Axis Seed 65W75RIB Trecepta,209.8,107,,115,,31.29077922,20.18766234,3315.87,472.27,25.73922078,71,38,,,,,,,718.82,april 13- april 19,SouthEast
Stuttgart,2024,DEKALB DKC 70-45,209.7,107,,120,,31.29077922,20.18766234,3315.87,472.27,25.73922078,71,38,,,,,,,718.82,april 13- april 19,SouthEast
Stuttgart,2024,Axis Seed 64H70RIB Trecepta,204.6,107,,114,,31.29077922,20.18766234,3315.87,472.27,25.73922078,71,38,,,,,,,718.82,april 13- april 19,SouthEast
Stuttgart,2024,Axis Seed 66Z71RIB Trecepta,202.3,107,,116,,31.29077922,20.18766234,3315.87,472.27,25.73922078,71,38,,,,,,,718.82,april 13- april 19,SouthEast
Stuttgart,2024,Pioneer P13777PWUE,202.1,107,,113,,31.29077922,20.18766234,3315.87,472.27,25.73922078,71,38,,,,,,,718.82,april 13- april 19,SouthEast
Stuttgart,2024,DEKALB DKC 68-35,201.9,107,,118,,31.29077922,20.18766234,3315.87,472.27,25.73922078,71,38,,,,,,,718.82,april 13- april 19,SouthEast
Stuttgart,2024,Pioneer P13841PWUE,196.7,107,,113,,31.29077922,20.18766234,3315.87,472.27,25.73922078,71,38,,,,,,,718.82,april 13- april 19,SouthEast
Stuttgart,2024,Integra 6624 TRE,196.2,107,,116,,31.29077922,20.18766234,3315.87,472.27,25.73922078,71,38,,,,,,,718.82,april 13- april 19,SouthEast
Stuttgart,2024,Innvictis A1312VT2PRIB,195.5,107,,114,,31.29077922,20.18766234,3315.87,472.27,25.73922078,71,38,,,,,,,718.82,april 13- april 19,SouthEast
Stuttgart,2024,Pioneer P17677YHR,194.8,107,,117,,31.29077922,20.18766234,3315.87,472.27,25.73922078,71,38,,,,,,,718.82,april 13- april 19,SouthEast
Stuttgart,2024,Innvictis A1542T,193.3,107,,115,,31.29077922,20.18766234,3315.87,472.27,25.73922078,71,38,,,,,,,718.82,april 13- april 19,SouthEast
Stuttgart,2024,Dyna-Gro D56TC44,190,107,,116,,31.29077922,20.18766234,3315.87,472.27,25.73922078,71,38,,,,,,,718.82,april 13- april 19,SouthEast
Stuttgart,2024,DEKALB DKC 66-06,188.1,107,,116,,31.29077922,20.18766234,3315.87,472.27,25.73922078,71,38,,,,,,,718.82,april 13- april 19,SouthEast
Stuttgart,2024,Dyna-Gro D58VC74,186.8,107,,118,,31.29077922,20.18766234,3315.87,472.27,25.73922078,71,38,,,,,,,718.82,april 13- april 19,SouthEast
Stuttgart,2024,Innvictis A1792T,186,107,,117,,31.29077922,20.18766234,3315.87,472.27,25.73922078,71,38,,,,,,,718.82,april 13- april 19,SouthEast
Stuttgart,2024,Integra 6342 TRE,185.8,107,,113,,31.29077922,20.18766234,3315.87,472.27,25.73922078,71,38,,,,,,,718.82,april 13- april 19,SouthEast
Stuttgart,2024,Dyna-Gro D60TC45,185.6,107,,120,,31.29077922,20.18766234,3315.87,472.27,25.73922078,71,38,,,,,,,718.82,april 13- april 19,SouthEast
Stuttgart,2024,Gateway 3919TRE,184.2,107,,119,,31.29077922,20.18766234,3315.87,472.27,25.73922078,71,38,,,,,,,718.82,april 13- april 19,SouthEast
Stuttgart,2024,BH X24004TRE,178.9,107,,116,,31.29077922,20.18766234,3315.87,472.27,25.73922078,71,38,,,,,,,718.82,april 13- april 19,SouthEast
Stuttgart,2024,Progeny PGY 9114VT2P,178.6,107,,114,,31.29077922,20.18766234,3315.87,472.27,25.73922078,71,38,,,,,,,718.82,april 13- april 19,SouthEast
Stuttgart,2024,Integra 6915 TRE,177.4,107,,119,,31.29077922,20.18766234,3315.87,472.27,25.73922078,71,38,,,,,,,718.82,april 13- april 19,SouthEast
Stuttgart,2024,Pioneer P1511YHR,176.9,107,,115,,31.29077922,20.18766234,3315.87,472.27,25.73922078,71,38,,,,,,,718.82,april 13- april 19,SouthEast
Stuttgart,2024,Innvictis A1993T,176.9,107,,119,,31.29077922,20.18766234,3315.87,472.27,25.73922078,71,38,,,,,,,718.82,april 13- april 19,SouthEast
Stuttgart,2024,Dyna-Gro D57TC29,176.2,107,,117,,31.29077922,20.18766234,3315.87,472.27,25.73922078,71,38,,,,,,,718.82,april 13- april 19,SouthEast
Stuttgart,2024,Progeny PGY 9117VT2P,172.6,107,,117,,31.29077922,20.18766234,3315.87,472.27,25.73922078,71,38,,,,,,,718.82,april 13- april 19,SouthEast
Stuttgart,2024,Pioneer P14830VYHR,172,107,,114,,31.29077922,20.18766234,3315.87,472.27,25.73922078,71,38,,,,,,,718.82,april 13- april 19,SouthEast
Stuttgart,2024,BH 8939TRE,169.8,107,,118,,31.29077922,20.18766234,3315.87,472.27,25.73922078,71,38,,,,,,,718.82,april 13- april 19,SouthEast
Stuttgart,2024,Progeny PGY 2215TRE,169.5,107,,115,,31.29077922,20.18766234,3315.87,472.27,25.73922078,71,38,,,,,,,718.82,april 13- april 19,SouthEast
Stuttgart,2024,Revere 1839 TC,169.4,107,,118,,31.29077922,20.18766234,3315.87,472.27,25.73922078,71,38,,,,,,,718.82,april 13- april 19,SouthEast
Stuttgart,2024,Pioneer P1608YHR,162.3,107,,116,,31.29077922,20.18766234,3315.87,472.27,25.73922078,71,38,,,,,,,718.82,april 13- april 19,SouthEast
Stuttgart,2024,Axis Seed 69A79 Trecepta,161.9,107,,119,,31.29077922,20.18766234,3315.87,472.27,25.73922078,71,38,,,,,,,718.82,april 13- april 19,SouthEast
Stuttgart,2024,Revere 114-P35,156,107,,114,,31.29077922,20.18766234,3315.87,472.27,25.73922078,71,38,,,,,,,718.82,april 13- april 19,SouthEast
Stuttgart,2024,Innvictis A1551VT2P,148.6,107,,115,,31.29077922,20.18766234,3315.87,472.27,25.73922078,71,38,,,,,,,718.82,april 13- april 19,SouthEast
Stuttgart,2024,Pioneer P1718VYHR,138.1,107,,117,,31.29077922,20.18766234,3315.87,472.27,25.73922078,71,38,,,,,,,718.82,april 13- april 19,SouthEast
Stuttgart,2024,BH 8939TRE,200.9,141,,118,,33.23330435,21.68643478,2572.16,335.23,27.45986957,71,38,,,,,,,718.82,may 18- may 24,SouthEast
Stuttgart,2024,Innvictis A1542T,199.6,141,,115,,33.23330435,21.68643478,2572.16,335.23,27.45986957,71,38,,,,,,,718.82,may 18- may 24,SouthEast
Stuttgart,2024,Dyna-Gro D60TC45,198.2,141,,120,,33.23330435,21.68643478,2572.16,335.23,27.45986957,71,38,,,,,,,718.82,may 18- may 24,SouthEast
Stuttgart,2024,Dyna-Gro D56TC44,197.2,141,,116,,33.23330435,21.68643478,2572.16,335.23,27.45986957,71,38,,,,,,,718.82,may 18- may 24,SouthEast
Stuttgart,2024,DEKALB DKC 70-45,196.8,141,,120,,33.23330435,21.68643478,2572.16,335.23,27.45986957,71,38,,,,,,,718.82,may 18- may 24,SouthEast
Stuttgart,2024,Integra 6915 TRE,196.6,141,,119,,33.23330435,21.68643478,2572.16,335.23,27.45986957,71,38,,,,,,,718.82,may 18- may 24,SouthEast
Stuttgart,2024,Revere 1839 TC,195.6,141,,118,,33.23330435,21.68643478,2572.16,335.23,27.45986957,71,38,,,,,,,718.82,may 18- may 24,SouthEast
Stuttgart,2024,Axis Seed 64H70RIB Trecepta,195.4,141,,114,,33.23330435,21.68643478,2572.16,335.23,27.45986957,71,38,,,,,,,718.82,may 18- may 24,SouthEast
Stuttgart,2024,DEKALB DKC 66-06,195,141,,116,,33.23330435,21.68643478,2572.16,335.23,27.45986957,71,38,,,,,,,718.82,may 18- may 24,SouthEast
Stuttgart,2024,Progeny PGY 2314TRE,194.9,141,,114,,33.23330435,21.68643478,2572.16,335.23,27.45986957,71,38,,,,,,,718.82,may 18- may 24,SouthEast
Stuttgart,2024,Dyna-Gro D58VC74,194.4,141,,118,,33.23330435,21.68643478,2572.16,335.23,27.45986957,71,38,,,,,,,718.82,may 18- may 24,SouthEast
Stuttgart,2024,Axis Seed 66Z71RIB Trecepta,194.2,141,,116,,33.23330435,21.68643478,2572.16,335.23,27.45986957,71,38,,,,,,,718.82,may 18- may 24,SouthEast
Stuttgart,2024,Integra 6624 TRE,193.8,141,,116,,33.23330435,21.68643478,2572.16,335.23,27.45986957,71,38,,,,,,,718.82,may 18- may 24,SouthEast
Stuttgart,2024,Gateway 3919TRE,193.5,141,,119,,33.23330435,21.68643478,2572.16,335.23,27.45986957,71,38,,,,,,,718.82,may 18- may 24,SouthEast
Stuttgart,2024,Gateway 2716VT2P,192.6,141,,116,,33.23330435,21.68643478,2572.16,335.23,27.45986957,71,38,,,,,,,718.82,may 18- may 24,SouthEast
Stuttgart,2024,BH X24001TRE,191.8,141,,116,,33.23330435,21.68643478,2572.16,335.23,27.45986957,71,38,,,,,,,718.82,may 18- may 24,SouthEast
Stuttgart,2024,Revere 1627 TC,191.8,141,,116,,33.23330435,21.68643478,2572.16,335.23,27.45986957,71,38,,,,,,,718.82,may 18- may 24,SouthEast
Stuttgart,2024,Axis Seed 69A79 Trecepta,191,141,,119,,33.23330435,21.68643478,2572.16,335.23,27.45986957,71,38,,,,,,,718.82,may 18- may 24,SouthEast
Stuttgart,2024,Integra 6342 TRE,190,141,,113,,33.23330435,21.68643478,2572.16,335.23,27.45986957,71,38,,,,,,,718.82,may 18- may 24,SouthEast
Stuttgart,2024,Innvictis A1689T,188.9,141,,116,,33.23330435,21.68643478,2572.16,335.23,27.45986957,71,38,,,,,,,718.82,may 18- may 24,SouthEast
Stuttgart,2024,Dyna-Gro D57TC29,188.5,141,,117,,33.23330435,21.68643478,2572.16,335.23,27.45986957,71,38,,,,,,,718.82,may 18- may 24,SouthEast
Stuttgart,2024,Revere 114-P35,187.4,141,,114,,33.23330435,21.68643478,2572.16,335.23,27.45986957,71,38,,,,,,,718.82,may 18- may 24,SouthEast
Stuttgart,2024,Innvictis A1792T,187.2,141,,117,,33.23330435,21.68643478,2572.16,335.23,27.45986957,71,38,,,,,,,718.82,may 18- may 24,SouthEast
Stuttgart,2024,Innvictis A1993T,186.5,141,,119,,33.23330435,21.68643478,2572.16,335.23,27.45986957,71,38,,,,,,,718.82,may 18- may 24,SouthEast
Stuttgart,2024,Pioneer P13777PWUE,184.8,141,,113,,33.23330435,21.68643478,2572.16,335.23,27.45986957,71,38,,,,,,,718.82,may 18- may 24,SouthEast
Stuttgart,2024,Pioneer P14830VYHR,184.4,141,,114,,33.23330435,21.68643478,2572.16,335.23,27.45986957,71,38,,,,,,,718.82,may 18- may 24,SouthEast
Stuttgart,2024,Innvictis A1551VT2P,184.1,141,,115,,33.23330435,21.68643478,2572.16,335.23,27.45986957,71,38,,,,,,,718.82,may 18- may 24,SouthEast
Stuttgart,2024,Axis Seed 65W75RIB Trecepta,182.7,141,,115,,33.23330435,21.68643478,2572.16,335.23,27.45986957,71,38,,,,,,,718.82,may 18- may 24,SouthEast
Stuttgart,2024,BH X24004TRE,181.8,141,,116,,33.23330435,21.68643478,2572.16,335.23,27.45986957,71,38,,,,,,,718.82,may 18- may 24,SouthEast
Stuttgart,2024,DEKALB DKC 64-22,181.4,141,,114,,33.23330435,21.68643478,2572.16,335.23,27.45986957,71,38,,,,,,,718.82,may 18- may 24,SouthEast
Stuttgart,2024,Progeny PGY 2215TRE,181.1,141,,115,,33.23330435,21.68643478,2572.16,335.23,27.45986957,71,38,,,,,,,718.82,may 18- may 24,SouthEast
Stuttgart,2024,Pioneer P1718VYHR,180.7,141,,117,,33.23330435,21.68643478,2572.16,335.23,27.45986957,71,38,,,,,,,718.82,may 18- may 24,SouthEast
Stuttgart,2024,Pioneer P1511YHR,180.7,141,,115,,33.23330435,21.68643478,2572.16,335.23,27.45986957,71,38,,,,,,,718.82,may 18- may 24,SouthEast
Stuttgart,2024,DEKALB DKC 68-35,178.6,141,,118,,33.23330435,21.68643478,2572.16,335.23,27.45986957,71,38,,,,,,,718.82,may 18- may 24,SouthEast
Stuttgart,2024,BH X23048VT2P,178.2,141,,114,,33.23330435,21.68643478,2572.16,335.23,27.45986957,71,38,,,,,,,718.82,may 18- may 24,SouthEast
Stuttgart,2024,Progeny PGY 9114VT2P,176.9,141,,114,,33.23330435,21.68643478,2572.16,335.23,27.45986957,71,38,,,,,,,718.82,may 18- may 24,SouthEast
Stuttgart,2024,Pioneer P13841PWUE,174.6,141,,113,,33.23330435,21.68643478,2572.16,335.23,27.45986957,71,38,,,,,,,718.82,may 18- may 24,SouthEast
Stuttgart,2024,Progeny PGY 2010TRE,174.4,141,,110,,33.23330435,21.68643478,2572.16,335.23,27.45986957,71,38,,,,,,,718.82,may 18- may 24,SouthEast
Stuttgart,2024,Pioneer P1608YHR,172.9,141,,116,,33.23330435,21.68643478,2572.16,335.23,27.45986957,71,38,,,,,,,718.82,may 18- may 24,SouthEast
Stuttgart,2024,Integra 6493,172.3,141,,114,,33.23330435,21.68643478,2572.16,335.23,27.45986957,71,38,,,,,,,718.82,may 18- may 24,SouthEast
Stuttgart,2024,Pioneer P17677YHR,171.6,141,,117,,33.23330435,21.68643478,2572.16,335.23,27.45986957,71,38,,,,,,,718.82,may 18- may 24,SouthEast
Stuttgart,2024,Innvictis A1312VT2PRIB,171,141,,114,,33.23330435,21.68643478,2572.16,335.23,27.45986957,71,38,,,,,,,718.82,may 18- may 24,SouthEast
Stuttgart,2024,Progeny PGY 2118VT2P,167.7,141,,118,,33.23330435,21.68643478,2572.16,335.23,27.45986957,71,38,,,,,,,718.82,may 18- may 24,SouthEast
Stuttgart,2024,Progeny PGY 9117VT2P,160.7,141,,117,,33.23330435,21.68643478,2572.16,335.23,27.45986957,71,38,,,,,,,718.82,may 18- may 24,SouthEast
